window_id,window_kind,sequence_index,city_state,event_hint,family_stem,time_scheduler_base,resource_token,center_offset_dec,center_offset_hex,offset_dec,offset_hex,offset_from_center,role,string,string_class
1,family_window,1,Gridania,All Saints/Halloween city decor,hlw1a,time_bg_hlw1a,fst_f0_twn01,124608,0x0001E6C0,123850,0x0001E3CA,-758,nearby,attr_f0t0_a0_gcflag3_i_002,flag_or_decor_group
1,family_window,2,Gridania,All Saints/Halloween city decor,hlw1a,time_bg_hlw1a,fst_f0_twn01,124608,0x0001E6C0,123877,0x0001E3E5,-731,other_sgrp,sgrp_f0t0_a0_gcflag4_h,scheduler_group
1,family_window,3,Gridania,All Saints/Halloween city decor,hlw1a,time_bg_hlw1a,fst_f0_twn01,124608,0x0001E6C0,123900,0x0001E3FC,-708,nearby,f0t0_a0_gcflag4_h_001,flag_or_decor_group
1,family_window,4,Gridania,All Saints/Halloween city decor,hlw1a,time_bg_hlw1a,fst_f0_twn01,124608,0x0001E6C0,123922,0x0001E412,-686,other_sgrp,sgrp_f0t0_a0_gatflag0_h,scheduler_group
1,family_window,5,Gridania,All Saints/Halloween city decor,hlw1a,time_bg_hlw1a,fst_f0_twn01,124608,0x0001E6C0,123946,0x0001E42A,-662,nearby,f0t0_a0_gatflag0_h_001,flag_or_decor_group
1,family_window,6,Gridania,All Saints/Halloween city decor,hlw1a,time_bg_hlw1a,fst_f0_twn01,124608,0x0001E6C0,123969,0x0001E441,-639,other_sgrp,sgrp_f0t0_a0_gatpol0_h,scheduler_group
1,family_window,7,Gridania,All Saints/Halloween city decor,hlw1a,time_bg_hlw1a,fst_f0_twn01,124608,0x0001E6C0,124041,0x0001E489,-567,other_sgrp,sgrp_f0t0_a0_gatflag1_h,scheduler_group
1,family_window,8,Gridania,All Saints/Halloween city decor,hlw1a,time_bg_hlw1a,fst_f0_twn01,124608,0x0001E6C0,124065,0x0001E4A1,-543,nearby,f0t0_a0_gatflag1_h_001,flag_or_decor_group
1,family_window,9,Gridania,All Saints/Halloween city decor,hlw1a,time_bg_hlw1a,fst_f0_twn01,124608,0x0001E6C0,124088,0x0001E4B8,-520,other_sgrp,sgrp_sgrp_f0t0_a0_gcflag0_h1,scheduler_group
1,family_window,10,Gridania,All Saints/Halloween city decor,hlw1a,time_bg_hlw1a,fst_f0_twn01,124608,0x0001E6C0,124117,0x0001E4D5,-491,nearby,f0t0_a0_gcflag0_h_1_001,flag_or_decor_group
1,family_window,11,Gridania,All Saints/Halloween city decor,hlw1a,time_bg_hlw1a,fst_f0_twn01,124608,0x0001E6C0,124141,0x0001E4ED,-467,nearby,f0t0_a0_gcflag1_h_1_002,flag_or_decor_group
1,family_window,12,Gridania,All Saints/Halloween city decor,hlw1a,time_bg_hlw1a,fst_f0_twn01,124608,0x0001E6C0,124192,0x0001E520,-416,other_isgrp,isgrp_003335,scheduler_group
1,family_window,13,Gridania,All Saints/Halloween city decor,hlw1a,time_bg_hlw1a,fst_f0_twn01,124608,0x0001E6C0,124205,0x0001E52D,-403,other_isgrp,isgrp_003336,scheduler_group
1,family_window,14,Gridania,All Saints/Halloween city decor,hlw1a,time_bg_hlw1a,fst_f0_twn01,124608,0x0001E6C0,124218,0x0001E53A,-390,other_isgrp,isgrp_003337,scheduler_group
1,family_window,15,Gridania,All Saints/Halloween city decor,hlw1a,time_bg_hlw1a,fst_f0_twn01,124608,0x0001E6C0,124231,0x0001E547,-377,other_isgrp,isgrp_003340,scheduler_group
1,family_window,16,Gridania,All Saints/Halloween city decor,hlw1a,time_bg_hlw1a,fst_f0_twn01,124608,0x0001E6C0,124244,0x0001E554,-364,other_isgrp,isgrp_003357,scheduler_group
1,family_window,17,Gridania,All Saints/Halloween city decor,hlw1a,time_bg_hlw1a,fst_f0_twn01,124608,0x0001E6C0,124257,0x0001E561,-351,nearby,Bk_isgrp_0193-002,interesting
1,family_window,18,Gridania,All Saints/Halloween city decor,hlw1a,time_bg_hlw1a,fst_f0_twn01,124608,0x0001E6C0,124275,0x0001E573,-333,other_isgrp,isgrp_003358,scheduler_group
1,family_window,19,Gridania,All Saints/Halloween city decor,hlw1a,time_bg_hlw1a,fst_f0_twn01,124608,0x0001E6C0,124288,0x0001E580,-320,other_isgrp,isgrp_003359,scheduler_group
1,family_window,20,Gridania,All Saints/Halloween city decor,hlw1a,time_bg_hlw1a,fst_f0_twn01,124608,0x0001E6C0,124301,0x0001E58D,-307,other_isgrp,isgrp_003360,scheduler_group
1,family_window,21,Gridania,All Saints/Halloween city decor,hlw1a,time_bg_hlw1a,fst_f0_twn01,124608,0x0001E6C0,124314,0x0001E59A,-294,other_isgrp,isgrp_003361,scheduler_group
1,family_window,22,Gridania,All Saints/Halloween city decor,hlw1a,time_bg_hlw1a,fst_f0_twn01,124608,0x0001E6C0,124327,0x0001E5A7,-281,other_isgrp,isgrp_003362,scheduler_group
1,family_window,23,Gridania,All Saints/Halloween city decor,hlw1a,time_bg_hlw1a,fst_f0_twn01,124608,0x0001E6C0,124340,0x0001E5B4,-268,other_isgrp,isgrp_003380,scheduler_group
1,family_window,24,Gridania,All Saints/Halloween city decor,hlw1a,time_bg_hlw1a,fst_f0_twn01,124608,0x0001E6C0,124353,0x0001E5C1,-255,other_isgrp,isgrp_003381,scheduler_group
1,family_window,25,Gridania,All Saints/Halloween city decor,hlw1a,time_bg_hlw1a,fst_f0_twn01,124608,0x0001E6C0,124366,0x0001E5CE,-242,other_isgrp,isgrp_003382,scheduler_group
1,family_window,26,Gridania,All Saints/Halloween city decor,hlw1a,time_bg_hlw1a,fst_f0_twn01,124608,0x0001E6C0,124379,0x0001E5DB,-229,other_isgrp,isgrp_003383,scheduler_group
1,family_window,27,Gridania,All Saints/Halloween city decor,hlw1a,time_bg_hlw1a,fst_f0_twn01,124608,0x0001E6C0,124392,0x0001E5E8,-216,other_sgrp,sgrp_f0t0_t0_set1_h,scheduler_group
1,family_window,28,Gridania,All Saints/Halloween city decor,hlw1a,time_bg_hlw1a,fst_f0_twn01,124608,0x0001E6C0,124511,0x0001E65F,-97,other_isgrp,isgrp_003384,scheduler_group
1,family_window,29,Gridania,All Saints/Halloween city decor,hlw1a,time_bg_hlw1a,fst_f0_twn01,124608,0x0001E6C0,124524,0x0001E66C,-84,other_sgrp,sgrp_sip0,scheduler_group
1,family_window,30,Gridania,All Saints/Halloween city decor,hlw1a,time_bg_hlw1a,fst_f0_twn01,124608,0x0001E6C0,124573,0x0001E69D,-35,other_sgrp,sgrp_siplamp0,scheduler_group
1,family_window,31,Gridania,All Saints/Halloween city decor,hlw1a,time_bg_hlw1a,fst_f0_twn01,124608,0x0001E6C0,124595,0x0001E6B3,-13,other_isgrp,isgrp_003392,scheduler_group
1,family_window,32,Gridania,All Saints/Halloween city decor,hlw1a,time_bg_hlw1a,fst_f0_twn01,124608,0x0001E6C0,124608,0x0001E6C0,0,matched_group,sgrp_f0t0_a0_hlw1a_h,scheduler_group
1,family_window,33,Gridania,All Saints/Halloween city decor,hlw1a,time_bg_hlw1a,fst_f0_twn01,124608,0x0001E6C0,124629,0x0001E6D5,21,same_family_mesh_or_attr,f0t0_a0_hlw1a_h_001,interesting
1,family_window,34,Gridania,All Saints/Halloween city decor,hlw1a,time_bg_hlw1a,fst_f0_twn01,124608,0x0001E6C0,124649,0x0001E6E9,41,other_sgrp,sgrp_f0t0_a0_hlw1b_h,scheduler_group
1,family_window,35,Gridania,All Saints/Halloween city decor,hlw1a,time_bg_hlw1a,fst_f0_twn01,124608,0x0001E6C0,124670,0x0001E6FE,62,nearby,f0t0_a0_hlw1b_h_001,interesting
1,family_window,36,Gridania,All Saints/Halloween city decor,hlw1a,time_bg_hlw1a,fst_f0_twn01,124608,0x0001E6C0,124690,0x0001E712,82,other_sgrp,sgrp_f0t0_a0_hlw1c_h,scheduler_group
1,family_window,37,Gridania,All Saints/Halloween city decor,hlw1a,time_bg_hlw1a,fst_f0_twn01,124608,0x0001E6C0,124711,0x0001E727,103,nearby,f0t0_a0_hlw1c_h_001,interesting
1,family_window,38,Gridania,All Saints/Halloween city decor,hlw1a,time_bg_hlw1a,fst_f0_twn01,124608,0x0001E6C0,124731,0x0001E73B,123,other_sgrp,sgrp_f0t0_a0_hlw1d_h,scheduler_group
1,family_window,39,Gridania,All Saints/Halloween city decor,hlw1a,time_bg_hlw1a,fst_f0_twn01,124608,0x0001E6C0,124752,0x0001E750,144,nearby,f0t0_a0_hlw1d_h_001,interesting
1,family_window,40,Gridania,All Saints/Halloween city decor,hlw1a,time_bg_hlw1a,fst_f0_twn01,124608,0x0001E6C0,124772,0x0001E764,164,other_sgrp,sgrp_f0t0_a0_hlw1e_h,scheduler_group
1,family_window,41,Gridania,All Saints/Halloween city decor,hlw1a,time_bg_hlw1a,fst_f0_twn01,124608,0x0001E6C0,124793,0x0001E779,185,nearby,f0t0_a0_hlw1e_h_001,interesting
1,family_window,42,Gridania,All Saints/Halloween city decor,hlw1a,time_bg_hlw1a,fst_f0_twn01,124608,0x0001E6C0,124813,0x0001E78D,205,other_sgrp,sgrp_f0t0_a0_hlw1f_h,scheduler_group
1,family_window,43,Gridania,All Saints/Halloween city decor,hlw1a,time_bg_hlw1a,fst_f0_twn01,124608,0x0001E6C0,124834,0x0001E7A2,226,nearby,f0t0_a0_hlw1f_h_001,interesting
1,family_window,44,Gridania,All Saints/Halloween city decor,hlw1a,time_bg_hlw1a,fst_f0_twn01,124608,0x0001E6C0,124854,0x0001E7B6,246,other_sgrp,sgrp_f0t0_a0_hlw1g_h,scheduler_group
1,family_window,45,Gridania,All Saints/Halloween city decor,hlw1a,time_bg_hlw1a,fst_f0_twn01,124608,0x0001E6C0,124875,0x0001E7CB,267,nearby,f0t0_a0_hlw1g_h_001,interesting
1,family_window,46,Gridania,All Saints/Halloween city decor,hlw1a,time_bg_hlw1a,fst_f0_twn01,124608,0x0001E6C0,124895,0x0001E7DF,287,other_sgrp,sgrp_f0t0_a0_hlw1h_h,scheduler_group
1,family_window,47,Gridania,All Saints/Halloween city decor,hlw1a,time_bg_hlw1a,fst_f0_twn01,124608,0x0001E6C0,124916,0x0001E7F4,308,nearby,f0t0_a0_hlw1h_h_001,interesting
1,family_window,48,Gridania,All Saints/Halloween city decor,hlw1a,time_bg_hlw1a,fst_f0_twn01,124608,0x0001E6C0,124936,0x0001E808,328,other_sgrp,sgrp_f0t0_a0_hlw1i_h,scheduler_group
1,family_window,49,Gridania,All Saints/Halloween city decor,hlw1a,time_bg_hlw1a,fst_f0_twn01,124608,0x0001E6C0,124957,0x0001E81D,349,nearby,f0t0_a0_hlw1i_h_001,interesting
1,family_window,50,Gridania,All Saints/Halloween city decor,hlw1a,time_bg_hlw1a,fst_f0_twn01,124608,0x0001E6C0,124977,0x0001E831,369,other_sgrp,sgrp_f0t0_a0_hlw2a_h,scheduler_group
1,family_window,51,Gridania,All Saints/Halloween city decor,hlw1a,time_bg_hlw1a,fst_f0_twn01,124608,0x0001E6C0,124998,0x0001E846,390,nearby,f0t0_a0_hlw2a_h_001,interesting
1,family_window,52,Gridania,All Saints/Halloween city decor,hlw1a,time_bg_hlw1a,fst_f0_twn01,124608,0x0001E6C0,125018,0x0001E85A,410,other_sgrp,sgrp_f0t0_a0_hlw2b_h,scheduler_group
1,family_window,53,Gridania,All Saints/Halloween city decor,hlw1a,time_bg_hlw1a,fst_f0_twn01,124608,0x0001E6C0,125039,0x0001E86F,431,nearby,f0t0_a0_hlw2b_h_001,interesting
1,family_window,54,Gridania,All Saints/Halloween city decor,hlw1a,time_bg_hlw1a,fst_f0_twn01,124608,0x0001E6C0,125059,0x0001E883,451,other_isgrp,isgrp_003394,scheduler_group
1,family_window,55,Gridania,All Saints/Halloween city decor,hlw1a,time_bg_hlw1a,fst_f0_twn01,124608,0x0001E6C0,125072,0x0001E890,464,other_isgrp,isgrp_003395,scheduler_group
1,family_window,56,Gridania,All Saints/Halloween city decor,hlw1a,time_bg_hlw1a,fst_f0_twn01,124608,0x0001E6C0,125085,0x0001E89D,477,other_isgrp,isgrp_003396,scheduler_group
1,family_window,57,Gridania,All Saints/Halloween city decor,hlw1a,time_bg_hlw1a,fst_f0_twn01,124608,0x0001E6C0,125098,0x0001E8AA,490,other_isgrp,isgrp_003397,scheduler_group
1,family_window,58,Gridania,All Saints/Halloween city decor,hlw1a,time_bg_hlw1a,fst_f0_twn01,124608,0x0001E6C0,125111,0x0001E8B7,503,other_isgrp,isgrp_003398,scheduler_group
1,family_window,59,Gridania,All Saints/Halloween city decor,hlw1a,time_bg_hlw1a,fst_f0_twn01,124608,0x0001E6C0,125124,0x0001E8C4,516,other_isgrp,isgrp_003399,scheduler_group
1,family_window,60,Gridania,All Saints/Halloween city decor,hlw1a,time_bg_hlw1a,fst_f0_twn01,124608,0x0001E6C0,125137,0x0001E8D1,529,other_isgrp,isgrp_003400,scheduler_group
1,family_window,61,Gridania,All Saints/Halloween city decor,hlw1a,time_bg_hlw1a,fst_f0_twn01,124608,0x0001E6C0,125150,0x0001E8DE,542,other_isgrp,isgrp_003401,scheduler_group
1,family_window,62,Gridania,All Saints/Halloween city decor,hlw1a,time_bg_hlw1a,fst_f0_twn01,124608,0x0001E6C0,125163,0x0001E8EB,555,other_isgrp,isgrp_003402,scheduler_group
1,family_window,63,Gridania,All Saints/Halloween city decor,hlw1a,time_bg_hlw1a,fst_f0_twn01,124608,0x0001E6C0,125176,0x0001E8F8,568,other_isgrp,isgrp_003403,scheduler_group
1,family_window,64,Gridania,All Saints/Halloween city decor,hlw1a,time_bg_hlw1a,fst_f0_twn01,124608,0x0001E6C0,125189,0x0001E905,581,other_isgrp,isgrp_003404,scheduler_group
1,family_window,65,Gridania,All Saints/Halloween city decor,hlw1a,time_bg_hlw1a,fst_f0_twn01,124608,0x0001E6C0,125202,0x0001E912,594,other_isgrp,isgrp_003405,scheduler_group
1,family_window,66,Gridania,All Saints/Halloween city decor,hlw1a,time_bg_hlw1a,fst_f0_twn01,124608,0x0001E6C0,125215,0x0001E91F,607,other_isgrp,isgrp_003406,scheduler_group
1,family_window,67,Gridania,All Saints/Halloween city decor,hlw1a,time_bg_hlw1a,fst_f0_twn01,124608,0x0001E6C0,125228,0x0001E92C,620,other_isgrp,isgrp_003407,scheduler_group
1,family_window,68,Gridania,All Saints/Halloween city decor,hlw1a,time_bg_hlw1a,fst_f0_twn01,124608,0x0001E6C0,125241,0x0001E939,633,other_isgrp,isgrp_003408,scheduler_group
1,family_window,69,Gridania,All Saints/Halloween city decor,hlw1a,time_bg_hlw1a,fst_f0_twn01,124608,0x0001E6C0,125254,0x0001E946,646,other_isgrp,isgrp_003409,scheduler_group
1,family_window,70,Gridania,All Saints/Halloween city decor,hlw1a,time_bg_hlw1a,fst_f0_twn01,124608,0x0001E6C0,125267,0x0001E953,659,other_isgrp,isgrp_003410,scheduler_group
1,family_window,71,Gridania,All Saints/Halloween city decor,hlw1a,time_bg_hlw1a,fst_f0_twn01,124608,0x0001E6C0,125280,0x0001E960,672,other_isgrp,isgrp_003411,scheduler_group
1,family_window,72,Gridania,All Saints/Halloween city decor,hlw1a,time_bg_hlw1a,fst_f0_twn01,124608,0x0001E6C0,125293,0x0001E96D,685,other_isgrp,isgrp_003412,scheduler_group
1,family_window,73,Gridania,All Saints/Halloween city decor,hlw1a,time_bg_hlw1a,fst_f0_twn01,124608,0x0001E6C0,125306,0x0001E97A,698,other_isgrp,isgrp_003413,scheduler_group
1,family_window,74,Gridania,All Saints/Halloween city decor,hlw1a,time_bg_hlw1a,fst_f0_twn01,124608,0x0001E6C0,125319,0x0001E987,711,other_isgrp,isgrp_003414,scheduler_group
1,family_window,75,Gridania,All Saints/Halloween city decor,hlw1a,time_bg_hlw1a,fst_f0_twn01,124608,0x0001E6C0,125332,0x0001E994,724,other_isgrp,isgrp_003415,scheduler_group
1,family_window,76,Gridania,All Saints/Halloween city decor,hlw1a,time_bg_hlw1a,fst_f0_twn01,124608,0x0001E6C0,125345,0x0001E9A1,737,other_isgrp,isgrp_003416,scheduler_group
1,family_window,77,Gridania,All Saints/Halloween city decor,hlw1a,time_bg_hlw1a,fst_f0_twn01,124608,0x0001E6C0,125358,0x0001E9AE,750,other_isgrp,isgrp_003417,scheduler_group
1,family_window,78,Gridania,All Saints/Halloween city decor,hlw1a,time_bg_hlw1a,fst_f0_twn01,124608,0x0001E6C0,125371,0x0001E9BB,763,other_isgrp,isgrp_003418,scheduler_group
1,owner_window,1,Gridania,All Saints/Halloween city decor,hlw1a,time_bg_hlw1a,fst_f0_twn01,122804,0x0001DFB4,122038,0x0001DCB6,-766,nearby,Bk_isgrp_0239-001,interesting
1,owner_window,2,Gridania,All Saints/Halloween city decor,hlw1a,time_bg_hlw1a,fst_f0_twn01,122804,0x0001DFB4,122056,0x0001DCC8,-748,other_isgrp,isgrp_003288,scheduler_group
1,owner_window,3,Gridania,All Saints/Halloween city decor,hlw1a,time_bg_hlw1a,fst_f0_twn01,122804,0x0001DFB4,122069,0x0001DCD5,-735,other_isgrp,isgrp_000020,scheduler_group
1,owner_window,4,Gridania,All Saints/Halloween city decor,hlw1a,time_bg_hlw1a,fst_f0_twn01,122804,0x0001DFB4,122082,0x0001DCE2,-722,other_sgrp,sgrp_f0t0_b0_caf00i_h,scheduler_group
1,owner_window,5,Gridania,All Saints/Halloween city decor,hlw1a,time_bg_hlw1a,fst_f0_twn01,122804,0x0001DFB4,122177,0x0001DD41,-627,other_sgrp,sgrp_f0t0_b0_caf00ia_h,scheduler_group
1,owner_window,6,Gridania,All Saints/Halloween city decor,hlw1a,time_bg_hlw1a,fst_f0_twn01,122804,0x0001DFB4,122262,0x0001DD96,-542,other_sgrp,sgrp_bg_airport,scheduler_group
1,owner_window,7,Gridania,All Saints/Halloween city decor,hlw1a,time_bg_hlw1a,fst_f0_twn01,122804,0x0001DFB4,122278,0x0001DDA6,-526,other_sgrp,sgrp_air1,scheduler_group
1,owner_window,8,Gridania,All Saints/Halloween city decor,hlw1a,time_bg_hlw1a,fst_f0_twn01,122804,0x0001DFB4,122424,0x0001DE38,-380,nearby,vfx_hktlmp1_058,vfx_or_scene_def
1,owner_window,9,Gridania,All Saints/Halloween city decor,hlw1a,time_bg_hlw1a,fst_f0_twn01,122804,0x0001DFB4,122440,0x0001DE48,-364,nearby,vfx_hktlmp1nq,vfx_or_scene_def
1,owner_window,10,Gridania,All Saints/Halloween city decor,hlw1a,time_bg_hlw1a,fst_f0_twn01,122804,0x0001DFB4,122518,0x0001DE96,-286,nearby,vfx_hktlmp2_059,vfx_or_scene_def
1,owner_window,11,Gridania,All Saints/Halloween city decor,hlw1a,time_bg_hlw1a,fst_f0_twn01,122804,0x0001DFB4,122534,0x0001DEA6,-270,nearby,vfx_hktlmp2nq,vfx_or_scene_def
1,owner_window,12,Gridania,All Saints/Halloween city decor,hlw1a,time_bg_hlw1a,fst_f0_twn01,122804,0x0001DFB4,122576,0x0001DED0,-228,other_sgrp,sgrp_air2,scheduler_group
1,owner_window,13,Gridania,All Saints/Halloween city decor,hlw1a,time_bg_hlw1a,fst_f0_twn01,122804,0x0001DFB4,122687,0x0001DF3F,-117,nearby,vfx_hktlmp3_060,vfx_or_scene_def
1,owner_window,14,Gridania,All Saints/Halloween city decor,hlw1a,time_bg_hlw1a,fst_f0_twn01,122804,0x0001DFB4,122703,0x0001DF4F,-101,nearby,vfx_hktlmp3nq,vfx_or_scene_def
1,owner_window,15,Gridania,All Saints/Halloween city decor,hlw1a,time_bg_hlw1a,fst_f0_twn01,122804,0x0001DFB4,122804,0x0001DFB4,0,owner_isgrp,isgrp_003294,scheduler_group
1,owner_window,16,Gridania,All Saints/Halloween city decor,hlw1a,time_bg_hlw1a,fst_f0_twn01,122804,0x0001DFB4,122817,0x0001DFC1,13,center_neighbor,Bk_isgrp_0160-003,interesting
1,owner_window,17,Gridania,All Saints/Halloween city decor,hlw1a,time_bg_hlw1a,fst_f0_twn01,122804,0x0001DFB4,122835,0x0001DFD3,31,center_neighbor,Bk_isgrp_0160-004,interesting
1,owner_window,18,Gridania,All Saints/Halloween city decor,hlw1a,time_bg_hlw1a,fst_f0_twn01,122804,0x0001DFB4,122853,0x0001DFE5,49,nearby,Bk_isgrp_0160-005,interesting
1,owner_window,19,Gridania,All Saints/Halloween city decor,hlw1a,time_bg_hlw1a,fst_f0_twn01,122804,0x0001DFB4,122871,0x0001DFF7,67,nearby,Bk_isgrp_0160-006,interesting
1,owner_window,20,Gridania,All Saints/Halloween city decor,hlw1a,time_bg_hlw1a,fst_f0_twn01,122804,0x0001DFB4,122889,0x0001E009,85,nearby,Bk_isgrp_0160-007,interesting
1,owner_window,21,Gridania,All Saints/Halloween city decor,hlw1a,time_bg_hlw1a,fst_f0_twn01,122804,0x0001DFB4,122907,0x0001E01B,103,nearby,Bk_isgrp_0160-008,interesting
1,owner_window,22,Gridania,All Saints/Halloween city decor,hlw1a,time_bg_hlw1a,fst_f0_twn01,122804,0x0001DFB4,122925,0x0001E02D,121,nearby,Bk_isgrp_0160-009,interesting
1,owner_window,23,Gridania,All Saints/Halloween city decor,hlw1a,time_bg_hlw1a,fst_f0_twn01,122804,0x0001DFB4,122943,0x0001E03F,139,other_sgrp,sgrp_bg_coll_a1,scheduler_group
1,owner_window,24,Gridania,All Saints/Halloween city decor,hlw1a,time_bg_hlw1a,fst_f0_twn01,122804,0x0001DFB4,122974,0x0001E05E,170,other_isgrp,isgrp_003296,scheduler_group
1,owner_window,25,Gridania,All Saints/Halloween city decor,hlw1a,time_bg_hlw1a,fst_f0_twn01,122804,0x0001DFB4,122987,0x0001E06B,183,other_isgrp,isgrp_003297,scheduler_group
1,owner_window,26,Gridania,All Saints/Halloween city decor,hlw1a,time_bg_hlw1a,fst_f0_twn01,122804,0x0001DFB4,123000,0x0001E078,196,other_isgrp,isgrp_003298,scheduler_group
1,owner_window,27,Gridania,All Saints/Halloween city decor,hlw1a,time_bg_hlw1a,fst_f0_twn01,122804,0x0001DFB4,123013,0x0001E085,209,other_isgrp,isgrp_003299,scheduler_group
1,owner_window,28,Gridania,All Saints/Halloween city decor,hlw1a,time_bg_hlw1a,fst_f0_twn01,122804,0x0001DFB4,123026,0x0001E092,222,other_isgrp,isgrp_003300,scheduler_group
1,owner_window,29,Gridania,All Saints/Halloween city decor,hlw1a,time_bg_hlw1a,fst_f0_twn01,122804,0x0001DFB4,123039,0x0001E09F,235,other_isgrp,isgrp_003301,scheduler_group
1,owner_window,30,Gridania,All Saints/Halloween city decor,hlw1a,time_bg_hlw1a,fst_f0_twn01,122804,0x0001DFB4,123052,0x0001E0AC,248,other_sgrp,sgrp_f0t0_z0_bukei_h,scheduler_group
1,owner_window,31,Gridania,All Saints/Halloween city decor,hlw1a,time_bg_hlw1a,fst_f0_twn01,122804,0x0001DFB4,123093,0x0001E0D5,289,other_sgrp,sgrp_f0t0_z0_fragi_h,scheduler_group
1,owner_window,32,Gridania,All Saints/Halloween city decor,hlw1a,time_bg_hlw1a,fst_f0_twn01,122804,0x0001DFB4,123134,0x0001E0FE,330,other_sgrp,sgrp_f0t0_z0_kikoi_h,scheduler_group
1,owner_window,33,Gridania,All Saints/Halloween city decor,hlw1a,time_bg_hlw1a,fst_f0_twn01,122804,0x0001DFB4,123175,0x0001E127,371,other_sgrp,sgrp_f0t0_z0_mokui_h,scheduler_group
1,owner_window,34,Gridania,All Saints/Halloween city decor,hlw1a,time_bg_hlw1a,fst_f0_twn01,122804,0x0001DFB4,123216,0x0001E150,412,other_sgrp,sgrp_f0t0_z0_shopi_h,scheduler_group
1,owner_window,35,Gridania,All Saints/Halloween city decor,hlw1a,time_bg_hlw1a,fst_f0_twn01,122804,0x0001DFB4,123257,0x0001E179,453,other_sgrp,sgrp_f0t0_z0_wrk1i_h,scheduler_group
1,owner_window,36,Gridania,All Saints/Halloween city decor,hlw1a,time_bg_hlw1a,fst_f0_twn01,122804,0x0001DFB4,123298,0x0001E1A2,494,other_sgrp,sgrp_f0t0_z0_wrk2i_h,scheduler_group
1,owner_window,37,Gridania,All Saints/Halloween city decor,hlw1a,time_bg_hlw1a,fst_f0_twn01,122804,0x0001DFB4,123339,0x0001E1CB,535,other_sgrp,sgrp_bg_t1_door_e1,scheduler_group
1,owner_window,38,Gridania,All Saints/Halloween city decor,hlw1a,time_bg_hlw1a,fst_f0_twn01,122804,0x0001DFB4,123358,0x0001E1DE,554,other_isgrp,isgrp_003314,scheduler_group
1,owner_window,39,Gridania,All Saints/Halloween city decor,hlw1a,time_bg_hlw1a,fst_f0_twn01,122804,0x0001DFB4,123371,0x0001E1EB,567,other_isgrp,isgrp_000041,scheduler_group
1,owner_window,40,Gridania,All Saints/Halloween city decor,hlw1a,time_bg_hlw1a,fst_f0_twn01,122804,0x0001DFB4,123384,0x0001E1F8,580,other_sgrp,sgrp_0574,scheduler_group
1,owner_window,41,Gridania,All Saints/Halloween city decor,hlw1a,time_bg_hlw1a,fst_f0_twn01,122804,0x0001DFB4,123399,0x0001E207,595,other_sgrp,sgrp_0575,scheduler_group
1,owner_window,42,Gridania,All Saints/Halloween city decor,hlw1a,time_bg_hlw1a,fst_f0_twn01,122804,0x0001DFB4,123414,0x0001E216,610,other_sgrp,sgrp_0576,scheduler_group
1,owner_window,43,Gridania,All Saints/Halloween city decor,hlw1a,time_bg_hlw1a,fst_f0_twn01,122804,0x0001DFB4,123429,0x0001E225,625,other_sgrp,sgrp_0577,scheduler_group
1,owner_window,44,Gridania,All Saints/Halloween city decor,hlw1a,time_bg_hlw1a,fst_f0_twn01,122804,0x0001DFB4,123444,0x0001E234,640,other_isgrp,isgrp_003322,scheduler_group
1,owner_window,45,Gridania,All Saints/Halloween city decor,hlw1a,time_bg_hlw1a,fst_f0_twn01,122804,0x0001DFB4,123457,0x0001E241,653,other_isgrp,isgrp_003324,scheduler_group
1,owner_window,46,Gridania,All Saints/Halloween city decor,hlw1a,time_bg_hlw1a,fst_f0_twn01,122804,0x0001DFB4,123470,0x0001E24E,666,other_sgrp,sgrp_f0t0_a0_gate3_h,scheduler_group
1,owner_window,47,Gridania,All Saints/Halloween city decor,hlw1a,time_bg_hlw1a,fst_f0_twn01,122804,0x0001DFB4,123536,0x0001E290,732,other_sgrp,sgrp_f0t0_a0_gate1_h,scheduler_group
2,family_window,1,Gridania,All Saints/Halloween city decor,hlw1b,time_bg_hlw1b,fst_f0_twn01,124649,0x0001E6E9,123900,0x0001E3FC,-749,nearby,f0t0_a0_gcflag4_h_001,flag_or_decor_group
2,family_window,2,Gridania,All Saints/Halloween city decor,hlw1b,time_bg_hlw1b,fst_f0_twn01,124649,0x0001E6E9,123922,0x0001E412,-727,other_sgrp,sgrp_f0t0_a0_gatflag0_h,scheduler_group
2,family_window,3,Gridania,All Saints/Halloween city decor,hlw1b,time_bg_hlw1b,fst_f0_twn01,124649,0x0001E6E9,123946,0x0001E42A,-703,nearby,f0t0_a0_gatflag0_h_001,flag_or_decor_group
2,family_window,4,Gridania,All Saints/Halloween city decor,hlw1b,time_bg_hlw1b,fst_f0_twn01,124649,0x0001E6E9,123969,0x0001E441,-680,other_sgrp,sgrp_f0t0_a0_gatpol0_h,scheduler_group
2,family_window,5,Gridania,All Saints/Halloween city decor,hlw1b,time_bg_hlw1b,fst_f0_twn01,124649,0x0001E6E9,124041,0x0001E489,-608,other_sgrp,sgrp_f0t0_a0_gatflag1_h,scheduler_group
2,family_window,6,Gridania,All Saints/Halloween city decor,hlw1b,time_bg_hlw1b,fst_f0_twn01,124649,0x0001E6E9,124065,0x0001E4A1,-584,nearby,f0t0_a0_gatflag1_h_001,flag_or_decor_group
2,family_window,7,Gridania,All Saints/Halloween city decor,hlw1b,time_bg_hlw1b,fst_f0_twn01,124649,0x0001E6E9,124088,0x0001E4B8,-561,other_sgrp,sgrp_sgrp_f0t0_a0_gcflag0_h1,scheduler_group
2,family_window,8,Gridania,All Saints/Halloween city decor,hlw1b,time_bg_hlw1b,fst_f0_twn01,124649,0x0001E6E9,124117,0x0001E4D5,-532,nearby,f0t0_a0_gcflag0_h_1_001,flag_or_decor_group
2,family_window,9,Gridania,All Saints/Halloween city decor,hlw1b,time_bg_hlw1b,fst_f0_twn01,124649,0x0001E6E9,124141,0x0001E4ED,-508,nearby,f0t0_a0_gcflag1_h_1_002,flag_or_decor_group
2,family_window,10,Gridania,All Saints/Halloween city decor,hlw1b,time_bg_hlw1b,fst_f0_twn01,124649,0x0001E6E9,124192,0x0001E520,-457,other_isgrp,isgrp_003335,scheduler_group
2,family_window,11,Gridania,All Saints/Halloween city decor,hlw1b,time_bg_hlw1b,fst_f0_twn01,124649,0x0001E6E9,124205,0x0001E52D,-444,other_isgrp,isgrp_003336,scheduler_group
2,family_window,12,Gridania,All Saints/Halloween city decor,hlw1b,time_bg_hlw1b,fst_f0_twn01,124649,0x0001E6E9,124218,0x0001E53A,-431,other_isgrp,isgrp_003337,scheduler_group
2,family_window,13,Gridania,All Saints/Halloween city decor,hlw1b,time_bg_hlw1b,fst_f0_twn01,124649,0x0001E6E9,124231,0x0001E547,-418,other_isgrp,isgrp_003340,scheduler_group
2,family_window,14,Gridania,All Saints/Halloween city decor,hlw1b,time_bg_hlw1b,fst_f0_twn01,124649,0x0001E6E9,124244,0x0001E554,-405,other_isgrp,isgrp_003357,scheduler_group
2,family_window,15,Gridania,All Saints/Halloween city decor,hlw1b,time_bg_hlw1b,fst_f0_twn01,124649,0x0001E6E9,124257,0x0001E561,-392,nearby,Bk_isgrp_0193-002,interesting
2,family_window,16,Gridania,All Saints/Halloween city decor,hlw1b,time_bg_hlw1b,fst_f0_twn01,124649,0x0001E6E9,124275,0x0001E573,-374,other_isgrp,isgrp_003358,scheduler_group
2,family_window,17,Gridania,All Saints/Halloween city decor,hlw1b,time_bg_hlw1b,fst_f0_twn01,124649,0x0001E6E9,124288,0x0001E580,-361,other_isgrp,isgrp_003359,scheduler_group
2,family_window,18,Gridania,All Saints/Halloween city decor,hlw1b,time_bg_hlw1b,fst_f0_twn01,124649,0x0001E6E9,124301,0x0001E58D,-348,other_isgrp,isgrp_003360,scheduler_group
2,family_window,19,Gridania,All Saints/Halloween city decor,hlw1b,time_bg_hlw1b,fst_f0_twn01,124649,0x0001E6E9,124314,0x0001E59A,-335,other_isgrp,isgrp_003361,scheduler_group
2,family_window,20,Gridania,All Saints/Halloween city decor,hlw1b,time_bg_hlw1b,fst_f0_twn01,124649,0x0001E6E9,124327,0x0001E5A7,-322,other_isgrp,isgrp_003362,scheduler_group
2,family_window,21,Gridania,All Saints/Halloween city decor,hlw1b,time_bg_hlw1b,fst_f0_twn01,124649,0x0001E6E9,124340,0x0001E5B4,-309,other_isgrp,isgrp_003380,scheduler_group
2,family_window,22,Gridania,All Saints/Halloween city decor,hlw1b,time_bg_hlw1b,fst_f0_twn01,124649,0x0001E6E9,124353,0x0001E5C1,-296,other_isgrp,isgrp_003381,scheduler_group
2,family_window,23,Gridania,All Saints/Halloween city decor,hlw1b,time_bg_hlw1b,fst_f0_twn01,124649,0x0001E6E9,124366,0x0001E5CE,-283,other_isgrp,isgrp_003382,scheduler_group
2,family_window,24,Gridania,All Saints/Halloween city decor,hlw1b,time_bg_hlw1b,fst_f0_twn01,124649,0x0001E6E9,124379,0x0001E5DB,-270,other_isgrp,isgrp_003383,scheduler_group
2,family_window,25,Gridania,All Saints/Halloween city decor,hlw1b,time_bg_hlw1b,fst_f0_twn01,124649,0x0001E6E9,124392,0x0001E5E8,-257,other_sgrp,sgrp_f0t0_t0_set1_h,scheduler_group
2,family_window,26,Gridania,All Saints/Halloween city decor,hlw1b,time_bg_hlw1b,fst_f0_twn01,124649,0x0001E6E9,124511,0x0001E65F,-138,other_isgrp,isgrp_003384,scheduler_group
2,family_window,27,Gridania,All Saints/Halloween city decor,hlw1b,time_bg_hlw1b,fst_f0_twn01,124649,0x0001E6E9,124524,0x0001E66C,-125,other_sgrp,sgrp_sip0,scheduler_group
2,family_window,28,Gridania,All Saints/Halloween city decor,hlw1b,time_bg_hlw1b,fst_f0_twn01,124649,0x0001E6E9,124573,0x0001E69D,-76,other_sgrp,sgrp_siplamp0,scheduler_group
2,family_window,29,Gridania,All Saints/Halloween city decor,hlw1b,time_bg_hlw1b,fst_f0_twn01,124649,0x0001E6E9,124595,0x0001E6B3,-54,other_isgrp,isgrp_003392,scheduler_group
2,family_window,30,Gridania,All Saints/Halloween city decor,hlw1b,time_bg_hlw1b,fst_f0_twn01,124649,0x0001E6E9,124608,0x0001E6C0,-41,other_sgrp,sgrp_f0t0_a0_hlw1a_h,scheduler_group
2,family_window,31,Gridania,All Saints/Halloween city decor,hlw1b,time_bg_hlw1b,fst_f0_twn01,124649,0x0001E6E9,124629,0x0001E6D5,-20,center_neighbor,f0t0_a0_hlw1a_h_001,interesting
2,family_window,32,Gridania,All Saints/Halloween city decor,hlw1b,time_bg_hlw1b,fst_f0_twn01,124649,0x0001E6E9,124649,0x0001E6E9,0,matched_group,sgrp_f0t0_a0_hlw1b_h,scheduler_group
2,family_window,33,Gridania,All Saints/Halloween city decor,hlw1b,time_bg_hlw1b,fst_f0_twn01,124649,0x0001E6E9,124670,0x0001E6FE,21,same_family_mesh_or_attr,f0t0_a0_hlw1b_h_001,interesting
2,family_window,34,Gridania,All Saints/Halloween city decor,hlw1b,time_bg_hlw1b,fst_f0_twn01,124649,0x0001E6E9,124690,0x0001E712,41,other_sgrp,sgrp_f0t0_a0_hlw1c_h,scheduler_group
2,family_window,35,Gridania,All Saints/Halloween city decor,hlw1b,time_bg_hlw1b,fst_f0_twn01,124649,0x0001E6E9,124711,0x0001E727,62,nearby,f0t0_a0_hlw1c_h_001,interesting
2,family_window,36,Gridania,All Saints/Halloween city decor,hlw1b,time_bg_hlw1b,fst_f0_twn01,124649,0x0001E6E9,124731,0x0001E73B,82,other_sgrp,sgrp_f0t0_a0_hlw1d_h,scheduler_group
2,family_window,37,Gridania,All Saints/Halloween city decor,hlw1b,time_bg_hlw1b,fst_f0_twn01,124649,0x0001E6E9,124752,0x0001E750,103,nearby,f0t0_a0_hlw1d_h_001,interesting
2,family_window,38,Gridania,All Saints/Halloween city decor,hlw1b,time_bg_hlw1b,fst_f0_twn01,124649,0x0001E6E9,124772,0x0001E764,123,other_sgrp,sgrp_f0t0_a0_hlw1e_h,scheduler_group
2,family_window,39,Gridania,All Saints/Halloween city decor,hlw1b,time_bg_hlw1b,fst_f0_twn01,124649,0x0001E6E9,124793,0x0001E779,144,nearby,f0t0_a0_hlw1e_h_001,interesting
2,family_window,40,Gridania,All Saints/Halloween city decor,hlw1b,time_bg_hlw1b,fst_f0_twn01,124649,0x0001E6E9,124813,0x0001E78D,164,other_sgrp,sgrp_f0t0_a0_hlw1f_h,scheduler_group
2,family_window,41,Gridania,All Saints/Halloween city decor,hlw1b,time_bg_hlw1b,fst_f0_twn01,124649,0x0001E6E9,124834,0x0001E7A2,185,nearby,f0t0_a0_hlw1f_h_001,interesting
2,family_window,42,Gridania,All Saints/Halloween city decor,hlw1b,time_bg_hlw1b,fst_f0_twn01,124649,0x0001E6E9,124854,0x0001E7B6,205,other_sgrp,sgrp_f0t0_a0_hlw1g_h,scheduler_group
2,family_window,43,Gridania,All Saints/Halloween city decor,hlw1b,time_bg_hlw1b,fst_f0_twn01,124649,0x0001E6E9,124875,0x0001E7CB,226,nearby,f0t0_a0_hlw1g_h_001,interesting
2,family_window,44,Gridania,All Saints/Halloween city decor,hlw1b,time_bg_hlw1b,fst_f0_twn01,124649,0x0001E6E9,124895,0x0001E7DF,246,other_sgrp,sgrp_f0t0_a0_hlw1h_h,scheduler_group
2,family_window,45,Gridania,All Saints/Halloween city decor,hlw1b,time_bg_hlw1b,fst_f0_twn01,124649,0x0001E6E9,124916,0x0001E7F4,267,nearby,f0t0_a0_hlw1h_h_001,interesting
2,family_window,46,Gridania,All Saints/Halloween city decor,hlw1b,time_bg_hlw1b,fst_f0_twn01,124649,0x0001E6E9,124936,0x0001E808,287,other_sgrp,sgrp_f0t0_a0_hlw1i_h,scheduler_group
2,family_window,47,Gridania,All Saints/Halloween city decor,hlw1b,time_bg_hlw1b,fst_f0_twn01,124649,0x0001E6E9,124957,0x0001E81D,308,nearby,f0t0_a0_hlw1i_h_001,interesting
2,family_window,48,Gridania,All Saints/Halloween city decor,hlw1b,time_bg_hlw1b,fst_f0_twn01,124649,0x0001E6E9,124977,0x0001E831,328,other_sgrp,sgrp_f0t0_a0_hlw2a_h,scheduler_group
2,family_window,49,Gridania,All Saints/Halloween city decor,hlw1b,time_bg_hlw1b,fst_f0_twn01,124649,0x0001E6E9,124998,0x0001E846,349,nearby,f0t0_a0_hlw2a_h_001,interesting
2,family_window,50,Gridania,All Saints/Halloween city decor,hlw1b,time_bg_hlw1b,fst_f0_twn01,124649,0x0001E6E9,125018,0x0001E85A,369,other_sgrp,sgrp_f0t0_a0_hlw2b_h,scheduler_group
2,family_window,51,Gridania,All Saints/Halloween city decor,hlw1b,time_bg_hlw1b,fst_f0_twn01,124649,0x0001E6E9,125039,0x0001E86F,390,nearby,f0t0_a0_hlw2b_h_001,interesting
2,family_window,52,Gridania,All Saints/Halloween city decor,hlw1b,time_bg_hlw1b,fst_f0_twn01,124649,0x0001E6E9,125059,0x0001E883,410,other_isgrp,isgrp_003394,scheduler_group
2,family_window,53,Gridania,All Saints/Halloween city decor,hlw1b,time_bg_hlw1b,fst_f0_twn01,124649,0x0001E6E9,125072,0x0001E890,423,other_isgrp,isgrp_003395,scheduler_group
2,family_window,54,Gridania,All Saints/Halloween city decor,hlw1b,time_bg_hlw1b,fst_f0_twn01,124649,0x0001E6E9,125085,0x0001E89D,436,other_isgrp,isgrp_003396,scheduler_group
2,family_window,55,Gridania,All Saints/Halloween city decor,hlw1b,time_bg_hlw1b,fst_f0_twn01,124649,0x0001E6E9,125098,0x0001E8AA,449,other_isgrp,isgrp_003397,scheduler_group
2,family_window,56,Gridania,All Saints/Halloween city decor,hlw1b,time_bg_hlw1b,fst_f0_twn01,124649,0x0001E6E9,125111,0x0001E8B7,462,other_isgrp,isgrp_003398,scheduler_group
2,family_window,57,Gridania,All Saints/Halloween city decor,hlw1b,time_bg_hlw1b,fst_f0_twn01,124649,0x0001E6E9,125124,0x0001E8C4,475,other_isgrp,isgrp_003399,scheduler_group
2,family_window,58,Gridania,All Saints/Halloween city decor,hlw1b,time_bg_hlw1b,fst_f0_twn01,124649,0x0001E6E9,125137,0x0001E8D1,488,other_isgrp,isgrp_003400,scheduler_group
2,family_window,59,Gridania,All Saints/Halloween city decor,hlw1b,time_bg_hlw1b,fst_f0_twn01,124649,0x0001E6E9,125150,0x0001E8DE,501,other_isgrp,isgrp_003401,scheduler_group
2,family_window,60,Gridania,All Saints/Halloween city decor,hlw1b,time_bg_hlw1b,fst_f0_twn01,124649,0x0001E6E9,125163,0x0001E8EB,514,other_isgrp,isgrp_003402,scheduler_group
2,family_window,61,Gridania,All Saints/Halloween city decor,hlw1b,time_bg_hlw1b,fst_f0_twn01,124649,0x0001E6E9,125176,0x0001E8F8,527,other_isgrp,isgrp_003403,scheduler_group
2,family_window,62,Gridania,All Saints/Halloween city decor,hlw1b,time_bg_hlw1b,fst_f0_twn01,124649,0x0001E6E9,125189,0x0001E905,540,other_isgrp,isgrp_003404,scheduler_group
2,family_window,63,Gridania,All Saints/Halloween city decor,hlw1b,time_bg_hlw1b,fst_f0_twn01,124649,0x0001E6E9,125202,0x0001E912,553,other_isgrp,isgrp_003405,scheduler_group
2,family_window,64,Gridania,All Saints/Halloween city decor,hlw1b,time_bg_hlw1b,fst_f0_twn01,124649,0x0001E6E9,125215,0x0001E91F,566,other_isgrp,isgrp_003406,scheduler_group
2,family_window,65,Gridania,All Saints/Halloween city decor,hlw1b,time_bg_hlw1b,fst_f0_twn01,124649,0x0001E6E9,125228,0x0001E92C,579,other_isgrp,isgrp_003407,scheduler_group
2,family_window,66,Gridania,All Saints/Halloween city decor,hlw1b,time_bg_hlw1b,fst_f0_twn01,124649,0x0001E6E9,125241,0x0001E939,592,other_isgrp,isgrp_003408,scheduler_group
2,family_window,67,Gridania,All Saints/Halloween city decor,hlw1b,time_bg_hlw1b,fst_f0_twn01,124649,0x0001E6E9,125254,0x0001E946,605,other_isgrp,isgrp_003409,scheduler_group
2,family_window,68,Gridania,All Saints/Halloween city decor,hlw1b,time_bg_hlw1b,fst_f0_twn01,124649,0x0001E6E9,125267,0x0001E953,618,other_isgrp,isgrp_003410,scheduler_group
2,family_window,69,Gridania,All Saints/Halloween city decor,hlw1b,time_bg_hlw1b,fst_f0_twn01,124649,0x0001E6E9,125280,0x0001E960,631,other_isgrp,isgrp_003411,scheduler_group
2,family_window,70,Gridania,All Saints/Halloween city decor,hlw1b,time_bg_hlw1b,fst_f0_twn01,124649,0x0001E6E9,125293,0x0001E96D,644,other_isgrp,isgrp_003412,scheduler_group
2,family_window,71,Gridania,All Saints/Halloween city decor,hlw1b,time_bg_hlw1b,fst_f0_twn01,124649,0x0001E6E9,125306,0x0001E97A,657,other_isgrp,isgrp_003413,scheduler_group
2,family_window,72,Gridania,All Saints/Halloween city decor,hlw1b,time_bg_hlw1b,fst_f0_twn01,124649,0x0001E6E9,125319,0x0001E987,670,other_isgrp,isgrp_003414,scheduler_group
2,family_window,73,Gridania,All Saints/Halloween city decor,hlw1b,time_bg_hlw1b,fst_f0_twn01,124649,0x0001E6E9,125332,0x0001E994,683,other_isgrp,isgrp_003415,scheduler_group
2,family_window,74,Gridania,All Saints/Halloween city decor,hlw1b,time_bg_hlw1b,fst_f0_twn01,124649,0x0001E6E9,125345,0x0001E9A1,696,other_isgrp,isgrp_003416,scheduler_group
2,family_window,75,Gridania,All Saints/Halloween city decor,hlw1b,time_bg_hlw1b,fst_f0_twn01,124649,0x0001E6E9,125358,0x0001E9AE,709,other_isgrp,isgrp_003417,scheduler_group
2,family_window,76,Gridania,All Saints/Halloween city decor,hlw1b,time_bg_hlw1b,fst_f0_twn01,124649,0x0001E6E9,125371,0x0001E9BB,722,other_isgrp,isgrp_003418,scheduler_group
2,family_window,77,Gridania,All Saints/Halloween city decor,hlw1b,time_bg_hlw1b,fst_f0_twn01,124649,0x0001E6E9,125384,0x0001E9C8,735,other_isgrp,isgrp_003419,scheduler_group
2,family_window,78,Gridania,All Saints/Halloween city decor,hlw1b,time_bg_hlw1b,fst_f0_twn01,124649,0x0001E6E9,125397,0x0001E9D5,748,other_isgrp,isgrp_003420,scheduler_group
2,family_window,79,Gridania,All Saints/Halloween city decor,hlw1b,time_bg_hlw1b,fst_f0_twn01,124649,0x0001E6E9,125410,0x0001E9E2,761,other_isgrp,isgrp_003421,scheduler_group
2,owner_window,1,Gridania,All Saints/Halloween city decor,hlw1b,time_bg_hlw1b,fst_f0_twn01,122804,0x0001DFB4,122038,0x0001DCB6,-766,nearby,Bk_isgrp_0239-001,interesting
2,owner_window,2,Gridania,All Saints/Halloween city decor,hlw1b,time_bg_hlw1b,fst_f0_twn01,122804,0x0001DFB4,122056,0x0001DCC8,-748,other_isgrp,isgrp_003288,scheduler_group
2,owner_window,3,Gridania,All Saints/Halloween city decor,hlw1b,time_bg_hlw1b,fst_f0_twn01,122804,0x0001DFB4,122069,0x0001DCD5,-735,other_isgrp,isgrp_000020,scheduler_group
2,owner_window,4,Gridania,All Saints/Halloween city decor,hlw1b,time_bg_hlw1b,fst_f0_twn01,122804,0x0001DFB4,122082,0x0001DCE2,-722,other_sgrp,sgrp_f0t0_b0_caf00i_h,scheduler_group
2,owner_window,5,Gridania,All Saints/Halloween city decor,hlw1b,time_bg_hlw1b,fst_f0_twn01,122804,0x0001DFB4,122177,0x0001DD41,-627,other_sgrp,sgrp_f0t0_b0_caf00ia_h,scheduler_group
2,owner_window,6,Gridania,All Saints/Halloween city decor,hlw1b,time_bg_hlw1b,fst_f0_twn01,122804,0x0001DFB4,122262,0x0001DD96,-542,other_sgrp,sgrp_bg_airport,scheduler_group
2,owner_window,7,Gridania,All Saints/Halloween city decor,hlw1b,time_bg_hlw1b,fst_f0_twn01,122804,0x0001DFB4,122278,0x0001DDA6,-526,other_sgrp,sgrp_air1,scheduler_group
2,owner_window,8,Gridania,All Saints/Halloween city decor,hlw1b,time_bg_hlw1b,fst_f0_twn01,122804,0x0001DFB4,122424,0x0001DE38,-380,nearby,vfx_hktlmp1_058,vfx_or_scene_def
2,owner_window,9,Gridania,All Saints/Halloween city decor,hlw1b,time_bg_hlw1b,fst_f0_twn01,122804,0x0001DFB4,122440,0x0001DE48,-364,nearby,vfx_hktlmp1nq,vfx_or_scene_def
2,owner_window,10,Gridania,All Saints/Halloween city decor,hlw1b,time_bg_hlw1b,fst_f0_twn01,122804,0x0001DFB4,122518,0x0001DE96,-286,nearby,vfx_hktlmp2_059,vfx_or_scene_def
2,owner_window,11,Gridania,All Saints/Halloween city decor,hlw1b,time_bg_hlw1b,fst_f0_twn01,122804,0x0001DFB4,122534,0x0001DEA6,-270,nearby,vfx_hktlmp2nq,vfx_or_scene_def
2,owner_window,12,Gridania,All Saints/Halloween city decor,hlw1b,time_bg_hlw1b,fst_f0_twn01,122804,0x0001DFB4,122576,0x0001DED0,-228,other_sgrp,sgrp_air2,scheduler_group
2,owner_window,13,Gridania,All Saints/Halloween city decor,hlw1b,time_bg_hlw1b,fst_f0_twn01,122804,0x0001DFB4,122687,0x0001DF3F,-117,nearby,vfx_hktlmp3_060,vfx_or_scene_def
2,owner_window,14,Gridania,All Saints/Halloween city decor,hlw1b,time_bg_hlw1b,fst_f0_twn01,122804,0x0001DFB4,122703,0x0001DF4F,-101,nearby,vfx_hktlmp3nq,vfx_or_scene_def
2,owner_window,15,Gridania,All Saints/Halloween city decor,hlw1b,time_bg_hlw1b,fst_f0_twn01,122804,0x0001DFB4,122804,0x0001DFB4,0,owner_isgrp,isgrp_003294,scheduler_group
2,owner_window,16,Gridania,All Saints/Halloween city decor,hlw1b,time_bg_hlw1b,fst_f0_twn01,122804,0x0001DFB4,122817,0x0001DFC1,13,center_neighbor,Bk_isgrp_0160-003,interesting
2,owner_window,17,Gridania,All Saints/Halloween city decor,hlw1b,time_bg_hlw1b,fst_f0_twn01,122804,0x0001DFB4,122835,0x0001DFD3,31,center_neighbor,Bk_isgrp_0160-004,interesting
2,owner_window,18,Gridania,All Saints/Halloween city decor,hlw1b,time_bg_hlw1b,fst_f0_twn01,122804,0x0001DFB4,122853,0x0001DFE5,49,nearby,Bk_isgrp_0160-005,interesting
2,owner_window,19,Gridania,All Saints/Halloween city decor,hlw1b,time_bg_hlw1b,fst_f0_twn01,122804,0x0001DFB4,122871,0x0001DFF7,67,nearby,Bk_isgrp_0160-006,interesting
2,owner_window,20,Gridania,All Saints/Halloween city decor,hlw1b,time_bg_hlw1b,fst_f0_twn01,122804,0x0001DFB4,122889,0x0001E009,85,nearby,Bk_isgrp_0160-007,interesting
2,owner_window,21,Gridania,All Saints/Halloween city decor,hlw1b,time_bg_hlw1b,fst_f0_twn01,122804,0x0001DFB4,122907,0x0001E01B,103,nearby,Bk_isgrp_0160-008,interesting
2,owner_window,22,Gridania,All Saints/Halloween city decor,hlw1b,time_bg_hlw1b,fst_f0_twn01,122804,0x0001DFB4,122925,0x0001E02D,121,nearby,Bk_isgrp_0160-009,interesting
2,owner_window,23,Gridania,All Saints/Halloween city decor,hlw1b,time_bg_hlw1b,fst_f0_twn01,122804,0x0001DFB4,122943,0x0001E03F,139,other_sgrp,sgrp_bg_coll_a1,scheduler_group
2,owner_window,24,Gridania,All Saints/Halloween city decor,hlw1b,time_bg_hlw1b,fst_f0_twn01,122804,0x0001DFB4,122974,0x0001E05E,170,other_isgrp,isgrp_003296,scheduler_group
2,owner_window,25,Gridania,All Saints/Halloween city decor,hlw1b,time_bg_hlw1b,fst_f0_twn01,122804,0x0001DFB4,122987,0x0001E06B,183,other_isgrp,isgrp_003297,scheduler_group
2,owner_window,26,Gridania,All Saints/Halloween city decor,hlw1b,time_bg_hlw1b,fst_f0_twn01,122804,0x0001DFB4,123000,0x0001E078,196,other_isgrp,isgrp_003298,scheduler_group
2,owner_window,27,Gridania,All Saints/Halloween city decor,hlw1b,time_bg_hlw1b,fst_f0_twn01,122804,0x0001DFB4,123013,0x0001E085,209,other_isgrp,isgrp_003299,scheduler_group
2,owner_window,28,Gridania,All Saints/Halloween city decor,hlw1b,time_bg_hlw1b,fst_f0_twn01,122804,0x0001DFB4,123026,0x0001E092,222,other_isgrp,isgrp_003300,scheduler_group
2,owner_window,29,Gridania,All Saints/Halloween city decor,hlw1b,time_bg_hlw1b,fst_f0_twn01,122804,0x0001DFB4,123039,0x0001E09F,235,other_isgrp,isgrp_003301,scheduler_group
2,owner_window,30,Gridania,All Saints/Halloween city decor,hlw1b,time_bg_hlw1b,fst_f0_twn01,122804,0x0001DFB4,123052,0x0001E0AC,248,other_sgrp,sgrp_f0t0_z0_bukei_h,scheduler_group
2,owner_window,31,Gridania,All Saints/Halloween city decor,hlw1b,time_bg_hlw1b,fst_f0_twn01,122804,0x0001DFB4,123093,0x0001E0D5,289,other_sgrp,sgrp_f0t0_z0_fragi_h,scheduler_group
2,owner_window,32,Gridania,All Saints/Halloween city decor,hlw1b,time_bg_hlw1b,fst_f0_twn01,122804,0x0001DFB4,123134,0x0001E0FE,330,other_sgrp,sgrp_f0t0_z0_kikoi_h,scheduler_group
2,owner_window,33,Gridania,All Saints/Halloween city decor,hlw1b,time_bg_hlw1b,fst_f0_twn01,122804,0x0001DFB4,123175,0x0001E127,371,other_sgrp,sgrp_f0t0_z0_mokui_h,scheduler_group
2,owner_window,34,Gridania,All Saints/Halloween city decor,hlw1b,time_bg_hlw1b,fst_f0_twn01,122804,0x0001DFB4,123216,0x0001E150,412,other_sgrp,sgrp_f0t0_z0_shopi_h,scheduler_group
2,owner_window,35,Gridania,All Saints/Halloween city decor,hlw1b,time_bg_hlw1b,fst_f0_twn01,122804,0x0001DFB4,123257,0x0001E179,453,other_sgrp,sgrp_f0t0_z0_wrk1i_h,scheduler_group
2,owner_window,36,Gridania,All Saints/Halloween city decor,hlw1b,time_bg_hlw1b,fst_f0_twn01,122804,0x0001DFB4,123298,0x0001E1A2,494,other_sgrp,sgrp_f0t0_z0_wrk2i_h,scheduler_group
2,owner_window,37,Gridania,All Saints/Halloween city decor,hlw1b,time_bg_hlw1b,fst_f0_twn01,122804,0x0001DFB4,123339,0x0001E1CB,535,other_sgrp,sgrp_bg_t1_door_e1,scheduler_group
2,owner_window,38,Gridania,All Saints/Halloween city decor,hlw1b,time_bg_hlw1b,fst_f0_twn01,122804,0x0001DFB4,123358,0x0001E1DE,554,other_isgrp,isgrp_003314,scheduler_group
2,owner_window,39,Gridania,All Saints/Halloween city decor,hlw1b,time_bg_hlw1b,fst_f0_twn01,122804,0x0001DFB4,123371,0x0001E1EB,567,other_isgrp,isgrp_000041,scheduler_group
2,owner_window,40,Gridania,All Saints/Halloween city decor,hlw1b,time_bg_hlw1b,fst_f0_twn01,122804,0x0001DFB4,123384,0x0001E1F8,580,other_sgrp,sgrp_0574,scheduler_group
2,owner_window,41,Gridania,All Saints/Halloween city decor,hlw1b,time_bg_hlw1b,fst_f0_twn01,122804,0x0001DFB4,123399,0x0001E207,595,other_sgrp,sgrp_0575,scheduler_group
2,owner_window,42,Gridania,All Saints/Halloween city decor,hlw1b,time_bg_hlw1b,fst_f0_twn01,122804,0x0001DFB4,123414,0x0001E216,610,other_sgrp,sgrp_0576,scheduler_group
2,owner_window,43,Gridania,All Saints/Halloween city decor,hlw1b,time_bg_hlw1b,fst_f0_twn01,122804,0x0001DFB4,123429,0x0001E225,625,other_sgrp,sgrp_0577,scheduler_group
2,owner_window,44,Gridania,All Saints/Halloween city decor,hlw1b,time_bg_hlw1b,fst_f0_twn01,122804,0x0001DFB4,123444,0x0001E234,640,other_isgrp,isgrp_003322,scheduler_group
2,owner_window,45,Gridania,All Saints/Halloween city decor,hlw1b,time_bg_hlw1b,fst_f0_twn01,122804,0x0001DFB4,123457,0x0001E241,653,other_isgrp,isgrp_003324,scheduler_group
2,owner_window,46,Gridania,All Saints/Halloween city decor,hlw1b,time_bg_hlw1b,fst_f0_twn01,122804,0x0001DFB4,123470,0x0001E24E,666,other_sgrp,sgrp_f0t0_a0_gate3_h,scheduler_group
2,owner_window,47,Gridania,All Saints/Halloween city decor,hlw1b,time_bg_hlw1b,fst_f0_twn01,122804,0x0001DFB4,123536,0x0001E290,732,other_sgrp,sgrp_f0t0_a0_gate1_h,scheduler_group
3,family_window,1,Gridania,All Saints/Halloween city decor,hlw1c,time_bg_hlw1c,fst_f0_twn01,124690,0x0001E712,123922,0x0001E412,-768,other_sgrp,sgrp_f0t0_a0_gatflag0_h,scheduler_group
3,family_window,2,Gridania,All Saints/Halloween city decor,hlw1c,time_bg_hlw1c,fst_f0_twn01,124690,0x0001E712,123946,0x0001E42A,-744,nearby,f0t0_a0_gatflag0_h_001,flag_or_decor_group
3,family_window,3,Gridania,All Saints/Halloween city decor,hlw1c,time_bg_hlw1c,fst_f0_twn01,124690,0x0001E712,123969,0x0001E441,-721,other_sgrp,sgrp_f0t0_a0_gatpol0_h,scheduler_group
3,family_window,4,Gridania,All Saints/Halloween city decor,hlw1c,time_bg_hlw1c,fst_f0_twn01,124690,0x0001E712,124041,0x0001E489,-649,other_sgrp,sgrp_f0t0_a0_gatflag1_h,scheduler_group
3,family_window,5,Gridania,All Saints/Halloween city decor,hlw1c,time_bg_hlw1c,fst_f0_twn01,124690,0x0001E712,124065,0x0001E4A1,-625,nearby,f0t0_a0_gatflag1_h_001,flag_or_decor_group
3,family_window,6,Gridania,All Saints/Halloween city decor,hlw1c,time_bg_hlw1c,fst_f0_twn01,124690,0x0001E712,124088,0x0001E4B8,-602,other_sgrp,sgrp_sgrp_f0t0_a0_gcflag0_h1,scheduler_group
3,family_window,7,Gridania,All Saints/Halloween city decor,hlw1c,time_bg_hlw1c,fst_f0_twn01,124690,0x0001E712,124117,0x0001E4D5,-573,nearby,f0t0_a0_gcflag0_h_1_001,flag_or_decor_group
3,family_window,8,Gridania,All Saints/Halloween city decor,hlw1c,time_bg_hlw1c,fst_f0_twn01,124690,0x0001E712,124141,0x0001E4ED,-549,nearby,f0t0_a0_gcflag1_h_1_002,flag_or_decor_group
3,family_window,9,Gridania,All Saints/Halloween city decor,hlw1c,time_bg_hlw1c,fst_f0_twn01,124690,0x0001E712,124192,0x0001E520,-498,other_isgrp,isgrp_003335,scheduler_group
3,family_window,10,Gridania,All Saints/Halloween city decor,hlw1c,time_bg_hlw1c,fst_f0_twn01,124690,0x0001E712,124205,0x0001E52D,-485,other_isgrp,isgrp_003336,scheduler_group
3,family_window,11,Gridania,All Saints/Halloween city decor,hlw1c,time_bg_hlw1c,fst_f0_twn01,124690,0x0001E712,124218,0x0001E53A,-472,other_isgrp,isgrp_003337,scheduler_group
3,family_window,12,Gridania,All Saints/Halloween city decor,hlw1c,time_bg_hlw1c,fst_f0_twn01,124690,0x0001E712,124231,0x0001E547,-459,other_isgrp,isgrp_003340,scheduler_group
3,family_window,13,Gridania,All Saints/Halloween city decor,hlw1c,time_bg_hlw1c,fst_f0_twn01,124690,0x0001E712,124244,0x0001E554,-446,other_isgrp,isgrp_003357,scheduler_group
3,family_window,14,Gridania,All Saints/Halloween city decor,hlw1c,time_bg_hlw1c,fst_f0_twn01,124690,0x0001E712,124257,0x0001E561,-433,nearby,Bk_isgrp_0193-002,interesting
3,family_window,15,Gridania,All Saints/Halloween city decor,hlw1c,time_bg_hlw1c,fst_f0_twn01,124690,0x0001E712,124275,0x0001E573,-415,other_isgrp,isgrp_003358,scheduler_group
3,family_window,16,Gridania,All Saints/Halloween city decor,hlw1c,time_bg_hlw1c,fst_f0_twn01,124690,0x0001E712,124288,0x0001E580,-402,other_isgrp,isgrp_003359,scheduler_group
3,family_window,17,Gridania,All Saints/Halloween city decor,hlw1c,time_bg_hlw1c,fst_f0_twn01,124690,0x0001E712,124301,0x0001E58D,-389,other_isgrp,isgrp_003360,scheduler_group
3,family_window,18,Gridania,All Saints/Halloween city decor,hlw1c,time_bg_hlw1c,fst_f0_twn01,124690,0x0001E712,124314,0x0001E59A,-376,other_isgrp,isgrp_003361,scheduler_group
3,family_window,19,Gridania,All Saints/Halloween city decor,hlw1c,time_bg_hlw1c,fst_f0_twn01,124690,0x0001E712,124327,0x0001E5A7,-363,other_isgrp,isgrp_003362,scheduler_group
3,family_window,20,Gridania,All Saints/Halloween city decor,hlw1c,time_bg_hlw1c,fst_f0_twn01,124690,0x0001E712,124340,0x0001E5B4,-350,other_isgrp,isgrp_003380,scheduler_group
3,family_window,21,Gridania,All Saints/Halloween city decor,hlw1c,time_bg_hlw1c,fst_f0_twn01,124690,0x0001E712,124353,0x0001E5C1,-337,other_isgrp,isgrp_003381,scheduler_group
3,family_window,22,Gridania,All Saints/Halloween city decor,hlw1c,time_bg_hlw1c,fst_f0_twn01,124690,0x0001E712,124366,0x0001E5CE,-324,other_isgrp,isgrp_003382,scheduler_group
3,family_window,23,Gridania,All Saints/Halloween city decor,hlw1c,time_bg_hlw1c,fst_f0_twn01,124690,0x0001E712,124379,0x0001E5DB,-311,other_isgrp,isgrp_003383,scheduler_group
3,family_window,24,Gridania,All Saints/Halloween city decor,hlw1c,time_bg_hlw1c,fst_f0_twn01,124690,0x0001E712,124392,0x0001E5E8,-298,other_sgrp,sgrp_f0t0_t0_set1_h,scheduler_group
3,family_window,25,Gridania,All Saints/Halloween city decor,hlw1c,time_bg_hlw1c,fst_f0_twn01,124690,0x0001E712,124511,0x0001E65F,-179,other_isgrp,isgrp_003384,scheduler_group
3,family_window,26,Gridania,All Saints/Halloween city decor,hlw1c,time_bg_hlw1c,fst_f0_twn01,124690,0x0001E712,124524,0x0001E66C,-166,other_sgrp,sgrp_sip0,scheduler_group
3,family_window,27,Gridania,All Saints/Halloween city decor,hlw1c,time_bg_hlw1c,fst_f0_twn01,124690,0x0001E712,124573,0x0001E69D,-117,other_sgrp,sgrp_siplamp0,scheduler_group
3,family_window,28,Gridania,All Saints/Halloween city decor,hlw1c,time_bg_hlw1c,fst_f0_twn01,124690,0x0001E712,124595,0x0001E6B3,-95,other_isgrp,isgrp_003392,scheduler_group
3,family_window,29,Gridania,All Saints/Halloween city decor,hlw1c,time_bg_hlw1c,fst_f0_twn01,124690,0x0001E712,124608,0x0001E6C0,-82,other_sgrp,sgrp_f0t0_a0_hlw1a_h,scheduler_group
3,family_window,30,Gridania,All Saints/Halloween city decor,hlw1c,time_bg_hlw1c,fst_f0_twn01,124690,0x0001E712,124629,0x0001E6D5,-61,nearby,f0t0_a0_hlw1a_h_001,interesting
3,family_window,31,Gridania,All Saints/Halloween city decor,hlw1c,time_bg_hlw1c,fst_f0_twn01,124690,0x0001E712,124649,0x0001E6E9,-41,other_sgrp,sgrp_f0t0_a0_hlw1b_h,scheduler_group
3,family_window,32,Gridania,All Saints/Halloween city decor,hlw1c,time_bg_hlw1c,fst_f0_twn01,124690,0x0001E712,124670,0x0001E6FE,-20,center_neighbor,f0t0_a0_hlw1b_h_001,interesting
3,family_window,33,Gridania,All Saints/Halloween city decor,hlw1c,time_bg_hlw1c,fst_f0_twn01,124690,0x0001E712,124690,0x0001E712,0,matched_group,sgrp_f0t0_a0_hlw1c_h,scheduler_group
3,family_window,34,Gridania,All Saints/Halloween city decor,hlw1c,time_bg_hlw1c,fst_f0_twn01,124690,0x0001E712,124711,0x0001E727,21,same_family_mesh_or_attr,f0t0_a0_hlw1c_h_001,interesting
3,family_window,35,Gridania,All Saints/Halloween city decor,hlw1c,time_bg_hlw1c,fst_f0_twn01,124690,0x0001E712,124731,0x0001E73B,41,other_sgrp,sgrp_f0t0_a0_hlw1d_h,scheduler_group
3,family_window,36,Gridania,All Saints/Halloween city decor,hlw1c,time_bg_hlw1c,fst_f0_twn01,124690,0x0001E712,124752,0x0001E750,62,nearby,f0t0_a0_hlw1d_h_001,interesting
3,family_window,37,Gridania,All Saints/Halloween city decor,hlw1c,time_bg_hlw1c,fst_f0_twn01,124690,0x0001E712,124772,0x0001E764,82,other_sgrp,sgrp_f0t0_a0_hlw1e_h,scheduler_group
3,family_window,38,Gridania,All Saints/Halloween city decor,hlw1c,time_bg_hlw1c,fst_f0_twn01,124690,0x0001E712,124793,0x0001E779,103,nearby,f0t0_a0_hlw1e_h_001,interesting
3,family_window,39,Gridania,All Saints/Halloween city decor,hlw1c,time_bg_hlw1c,fst_f0_twn01,124690,0x0001E712,124813,0x0001E78D,123,other_sgrp,sgrp_f0t0_a0_hlw1f_h,scheduler_group
3,family_window,40,Gridania,All Saints/Halloween city decor,hlw1c,time_bg_hlw1c,fst_f0_twn01,124690,0x0001E712,124834,0x0001E7A2,144,nearby,f0t0_a0_hlw1f_h_001,interesting
3,family_window,41,Gridania,All Saints/Halloween city decor,hlw1c,time_bg_hlw1c,fst_f0_twn01,124690,0x0001E712,124854,0x0001E7B6,164,other_sgrp,sgrp_f0t0_a0_hlw1g_h,scheduler_group
3,family_window,42,Gridania,All Saints/Halloween city decor,hlw1c,time_bg_hlw1c,fst_f0_twn01,124690,0x0001E712,124875,0x0001E7CB,185,nearby,f0t0_a0_hlw1g_h_001,interesting
3,family_window,43,Gridania,All Saints/Halloween city decor,hlw1c,time_bg_hlw1c,fst_f0_twn01,124690,0x0001E712,124895,0x0001E7DF,205,other_sgrp,sgrp_f0t0_a0_hlw1h_h,scheduler_group
3,family_window,44,Gridania,All Saints/Halloween city decor,hlw1c,time_bg_hlw1c,fst_f0_twn01,124690,0x0001E712,124916,0x0001E7F4,226,nearby,f0t0_a0_hlw1h_h_001,interesting
3,family_window,45,Gridania,All Saints/Halloween city decor,hlw1c,time_bg_hlw1c,fst_f0_twn01,124690,0x0001E712,124936,0x0001E808,246,other_sgrp,sgrp_f0t0_a0_hlw1i_h,scheduler_group
3,family_window,46,Gridania,All Saints/Halloween city decor,hlw1c,time_bg_hlw1c,fst_f0_twn01,124690,0x0001E712,124957,0x0001E81D,267,nearby,f0t0_a0_hlw1i_h_001,interesting
3,family_window,47,Gridania,All Saints/Halloween city decor,hlw1c,time_bg_hlw1c,fst_f0_twn01,124690,0x0001E712,124977,0x0001E831,287,other_sgrp,sgrp_f0t0_a0_hlw2a_h,scheduler_group
3,family_window,48,Gridania,All Saints/Halloween city decor,hlw1c,time_bg_hlw1c,fst_f0_twn01,124690,0x0001E712,124998,0x0001E846,308,nearby,f0t0_a0_hlw2a_h_001,interesting
3,family_window,49,Gridania,All Saints/Halloween city decor,hlw1c,time_bg_hlw1c,fst_f0_twn01,124690,0x0001E712,125018,0x0001E85A,328,other_sgrp,sgrp_f0t0_a0_hlw2b_h,scheduler_group
3,family_window,50,Gridania,All Saints/Halloween city decor,hlw1c,time_bg_hlw1c,fst_f0_twn01,124690,0x0001E712,125039,0x0001E86F,349,nearby,f0t0_a0_hlw2b_h_001,interesting
3,family_window,51,Gridania,All Saints/Halloween city decor,hlw1c,time_bg_hlw1c,fst_f0_twn01,124690,0x0001E712,125059,0x0001E883,369,other_isgrp,isgrp_003394,scheduler_group
3,family_window,52,Gridania,All Saints/Halloween city decor,hlw1c,time_bg_hlw1c,fst_f0_twn01,124690,0x0001E712,125072,0x0001E890,382,other_isgrp,isgrp_003395,scheduler_group
3,family_window,53,Gridania,All Saints/Halloween city decor,hlw1c,time_bg_hlw1c,fst_f0_twn01,124690,0x0001E712,125085,0x0001E89D,395,other_isgrp,isgrp_003396,scheduler_group
3,family_window,54,Gridania,All Saints/Halloween city decor,hlw1c,time_bg_hlw1c,fst_f0_twn01,124690,0x0001E712,125098,0x0001E8AA,408,other_isgrp,isgrp_003397,scheduler_group
3,family_window,55,Gridania,All Saints/Halloween city decor,hlw1c,time_bg_hlw1c,fst_f0_twn01,124690,0x0001E712,125111,0x0001E8B7,421,other_isgrp,isgrp_003398,scheduler_group
3,family_window,56,Gridania,All Saints/Halloween city decor,hlw1c,time_bg_hlw1c,fst_f0_twn01,124690,0x0001E712,125124,0x0001E8C4,434,other_isgrp,isgrp_003399,scheduler_group
3,family_window,57,Gridania,All Saints/Halloween city decor,hlw1c,time_bg_hlw1c,fst_f0_twn01,124690,0x0001E712,125137,0x0001E8D1,447,other_isgrp,isgrp_003400,scheduler_group
3,family_window,58,Gridania,All Saints/Halloween city decor,hlw1c,time_bg_hlw1c,fst_f0_twn01,124690,0x0001E712,125150,0x0001E8DE,460,other_isgrp,isgrp_003401,scheduler_group
3,family_window,59,Gridania,All Saints/Halloween city decor,hlw1c,time_bg_hlw1c,fst_f0_twn01,124690,0x0001E712,125163,0x0001E8EB,473,other_isgrp,isgrp_003402,scheduler_group
3,family_window,60,Gridania,All Saints/Halloween city decor,hlw1c,time_bg_hlw1c,fst_f0_twn01,124690,0x0001E712,125176,0x0001E8F8,486,other_isgrp,isgrp_003403,scheduler_group
3,family_window,61,Gridania,All Saints/Halloween city decor,hlw1c,time_bg_hlw1c,fst_f0_twn01,124690,0x0001E712,125189,0x0001E905,499,other_isgrp,isgrp_003404,scheduler_group
3,family_window,62,Gridania,All Saints/Halloween city decor,hlw1c,time_bg_hlw1c,fst_f0_twn01,124690,0x0001E712,125202,0x0001E912,512,other_isgrp,isgrp_003405,scheduler_group
3,family_window,63,Gridania,All Saints/Halloween city decor,hlw1c,time_bg_hlw1c,fst_f0_twn01,124690,0x0001E712,125215,0x0001E91F,525,other_isgrp,isgrp_003406,scheduler_group
3,family_window,64,Gridania,All Saints/Halloween city decor,hlw1c,time_bg_hlw1c,fst_f0_twn01,124690,0x0001E712,125228,0x0001E92C,538,other_isgrp,isgrp_003407,scheduler_group
3,family_window,65,Gridania,All Saints/Halloween city decor,hlw1c,time_bg_hlw1c,fst_f0_twn01,124690,0x0001E712,125241,0x0001E939,551,other_isgrp,isgrp_003408,scheduler_group
3,family_window,66,Gridania,All Saints/Halloween city decor,hlw1c,time_bg_hlw1c,fst_f0_twn01,124690,0x0001E712,125254,0x0001E946,564,other_isgrp,isgrp_003409,scheduler_group
3,family_window,67,Gridania,All Saints/Halloween city decor,hlw1c,time_bg_hlw1c,fst_f0_twn01,124690,0x0001E712,125267,0x0001E953,577,other_isgrp,isgrp_003410,scheduler_group
3,family_window,68,Gridania,All Saints/Halloween city decor,hlw1c,time_bg_hlw1c,fst_f0_twn01,124690,0x0001E712,125280,0x0001E960,590,other_isgrp,isgrp_003411,scheduler_group
3,family_window,69,Gridania,All Saints/Halloween city decor,hlw1c,time_bg_hlw1c,fst_f0_twn01,124690,0x0001E712,125293,0x0001E96D,603,other_isgrp,isgrp_003412,scheduler_group
3,family_window,70,Gridania,All Saints/Halloween city decor,hlw1c,time_bg_hlw1c,fst_f0_twn01,124690,0x0001E712,125306,0x0001E97A,616,other_isgrp,isgrp_003413,scheduler_group
3,family_window,71,Gridania,All Saints/Halloween city decor,hlw1c,time_bg_hlw1c,fst_f0_twn01,124690,0x0001E712,125319,0x0001E987,629,other_isgrp,isgrp_003414,scheduler_group
3,family_window,72,Gridania,All Saints/Halloween city decor,hlw1c,time_bg_hlw1c,fst_f0_twn01,124690,0x0001E712,125332,0x0001E994,642,other_isgrp,isgrp_003415,scheduler_group
3,family_window,73,Gridania,All Saints/Halloween city decor,hlw1c,time_bg_hlw1c,fst_f0_twn01,124690,0x0001E712,125345,0x0001E9A1,655,other_isgrp,isgrp_003416,scheduler_group
3,family_window,74,Gridania,All Saints/Halloween city decor,hlw1c,time_bg_hlw1c,fst_f0_twn01,124690,0x0001E712,125358,0x0001E9AE,668,other_isgrp,isgrp_003417,scheduler_group
3,family_window,75,Gridania,All Saints/Halloween city decor,hlw1c,time_bg_hlw1c,fst_f0_twn01,124690,0x0001E712,125371,0x0001E9BB,681,other_isgrp,isgrp_003418,scheduler_group
3,family_window,76,Gridania,All Saints/Halloween city decor,hlw1c,time_bg_hlw1c,fst_f0_twn01,124690,0x0001E712,125384,0x0001E9C8,694,other_isgrp,isgrp_003419,scheduler_group
3,family_window,77,Gridania,All Saints/Halloween city decor,hlw1c,time_bg_hlw1c,fst_f0_twn01,124690,0x0001E712,125397,0x0001E9D5,707,other_isgrp,isgrp_003420,scheduler_group
3,family_window,78,Gridania,All Saints/Halloween city decor,hlw1c,time_bg_hlw1c,fst_f0_twn01,124690,0x0001E712,125410,0x0001E9E2,720,other_isgrp,isgrp_003421,scheduler_group
3,family_window,79,Gridania,All Saints/Halloween city decor,hlw1c,time_bg_hlw1c,fst_f0_twn01,124690,0x0001E712,125423,0x0001E9EF,733,other_isgrp,isgrp_003422,scheduler_group
3,family_window,80,Gridania,All Saints/Halloween city decor,hlw1c,time_bg_hlw1c,fst_f0_twn01,124690,0x0001E712,125436,0x0001E9FC,746,other_isgrp,isgrp_003423,scheduler_group
3,family_window,81,Gridania,All Saints/Halloween city decor,hlw1c,time_bg_hlw1c,fst_f0_twn01,124690,0x0001E712,125449,0x0001EA09,759,other_isgrp,isgrp_003424,scheduler_group
3,owner_window,1,Gridania,All Saints/Halloween city decor,hlw1c,time_bg_hlw1c,fst_f0_twn01,122804,0x0001DFB4,122038,0x0001DCB6,-766,nearby,Bk_isgrp_0239-001,interesting
3,owner_window,2,Gridania,All Saints/Halloween city decor,hlw1c,time_bg_hlw1c,fst_f0_twn01,122804,0x0001DFB4,122056,0x0001DCC8,-748,other_isgrp,isgrp_003288,scheduler_group
3,owner_window,3,Gridania,All Saints/Halloween city decor,hlw1c,time_bg_hlw1c,fst_f0_twn01,122804,0x0001DFB4,122069,0x0001DCD5,-735,other_isgrp,isgrp_000020,scheduler_group
3,owner_window,4,Gridania,All Saints/Halloween city decor,hlw1c,time_bg_hlw1c,fst_f0_twn01,122804,0x0001DFB4,122082,0x0001DCE2,-722,other_sgrp,sgrp_f0t0_b0_caf00i_h,scheduler_group
3,owner_window,5,Gridania,All Saints/Halloween city decor,hlw1c,time_bg_hlw1c,fst_f0_twn01,122804,0x0001DFB4,122177,0x0001DD41,-627,other_sgrp,sgrp_f0t0_b0_caf00ia_h,scheduler_group
3,owner_window,6,Gridania,All Saints/Halloween city decor,hlw1c,time_bg_hlw1c,fst_f0_twn01,122804,0x0001DFB4,122262,0x0001DD96,-542,other_sgrp,sgrp_bg_airport,scheduler_group
3,owner_window,7,Gridania,All Saints/Halloween city decor,hlw1c,time_bg_hlw1c,fst_f0_twn01,122804,0x0001DFB4,122278,0x0001DDA6,-526,other_sgrp,sgrp_air1,scheduler_group
3,owner_window,8,Gridania,All Saints/Halloween city decor,hlw1c,time_bg_hlw1c,fst_f0_twn01,122804,0x0001DFB4,122424,0x0001DE38,-380,nearby,vfx_hktlmp1_058,vfx_or_scene_def
3,owner_window,9,Gridania,All Saints/Halloween city decor,hlw1c,time_bg_hlw1c,fst_f0_twn01,122804,0x0001DFB4,122440,0x0001DE48,-364,nearby,vfx_hktlmp1nq,vfx_or_scene_def
3,owner_window,10,Gridania,All Saints/Halloween city decor,hlw1c,time_bg_hlw1c,fst_f0_twn01,122804,0x0001DFB4,122518,0x0001DE96,-286,nearby,vfx_hktlmp2_059,vfx_or_scene_def
3,owner_window,11,Gridania,All Saints/Halloween city decor,hlw1c,time_bg_hlw1c,fst_f0_twn01,122804,0x0001DFB4,122534,0x0001DEA6,-270,nearby,vfx_hktlmp2nq,vfx_or_scene_def
3,owner_window,12,Gridania,All Saints/Halloween city decor,hlw1c,time_bg_hlw1c,fst_f0_twn01,122804,0x0001DFB4,122576,0x0001DED0,-228,other_sgrp,sgrp_air2,scheduler_group
3,owner_window,13,Gridania,All Saints/Halloween city decor,hlw1c,time_bg_hlw1c,fst_f0_twn01,122804,0x0001DFB4,122687,0x0001DF3F,-117,nearby,vfx_hktlmp3_060,vfx_or_scene_def
3,owner_window,14,Gridania,All Saints/Halloween city decor,hlw1c,time_bg_hlw1c,fst_f0_twn01,122804,0x0001DFB4,122703,0x0001DF4F,-101,nearby,vfx_hktlmp3nq,vfx_or_scene_def
3,owner_window,15,Gridania,All Saints/Halloween city decor,hlw1c,time_bg_hlw1c,fst_f0_twn01,122804,0x0001DFB4,122804,0x0001DFB4,0,owner_isgrp,isgrp_003294,scheduler_group
3,owner_window,16,Gridania,All Saints/Halloween city decor,hlw1c,time_bg_hlw1c,fst_f0_twn01,122804,0x0001DFB4,122817,0x0001DFC1,13,center_neighbor,Bk_isgrp_0160-003,interesting
3,owner_window,17,Gridania,All Saints/Halloween city decor,hlw1c,time_bg_hlw1c,fst_f0_twn01,122804,0x0001DFB4,122835,0x0001DFD3,31,center_neighbor,Bk_isgrp_0160-004,interesting
3,owner_window,18,Gridania,All Saints/Halloween city decor,hlw1c,time_bg_hlw1c,fst_f0_twn01,122804,0x0001DFB4,122853,0x0001DFE5,49,nearby,Bk_isgrp_0160-005,interesting
3,owner_window,19,Gridania,All Saints/Halloween city decor,hlw1c,time_bg_hlw1c,fst_f0_twn01,122804,0x0001DFB4,122871,0x0001DFF7,67,nearby,Bk_isgrp_0160-006,interesting
3,owner_window,20,Gridania,All Saints/Halloween city decor,hlw1c,time_bg_hlw1c,fst_f0_twn01,122804,0x0001DFB4,122889,0x0001E009,85,nearby,Bk_isgrp_0160-007,interesting
3,owner_window,21,Gridania,All Saints/Halloween city decor,hlw1c,time_bg_hlw1c,fst_f0_twn01,122804,0x0001DFB4,122907,0x0001E01B,103,nearby,Bk_isgrp_0160-008,interesting
3,owner_window,22,Gridania,All Saints/Halloween city decor,hlw1c,time_bg_hlw1c,fst_f0_twn01,122804,0x0001DFB4,122925,0x0001E02D,121,nearby,Bk_isgrp_0160-009,interesting
3,owner_window,23,Gridania,All Saints/Halloween city decor,hlw1c,time_bg_hlw1c,fst_f0_twn01,122804,0x0001DFB4,122943,0x0001E03F,139,other_sgrp,sgrp_bg_coll_a1,scheduler_group
3,owner_window,24,Gridania,All Saints/Halloween city decor,hlw1c,time_bg_hlw1c,fst_f0_twn01,122804,0x0001DFB4,122974,0x0001E05E,170,other_isgrp,isgrp_003296,scheduler_group
3,owner_window,25,Gridania,All Saints/Halloween city decor,hlw1c,time_bg_hlw1c,fst_f0_twn01,122804,0x0001DFB4,122987,0x0001E06B,183,other_isgrp,isgrp_003297,scheduler_group
3,owner_window,26,Gridania,All Saints/Halloween city decor,hlw1c,time_bg_hlw1c,fst_f0_twn01,122804,0x0001DFB4,123000,0x0001E078,196,other_isgrp,isgrp_003298,scheduler_group
3,owner_window,27,Gridania,All Saints/Halloween city decor,hlw1c,time_bg_hlw1c,fst_f0_twn01,122804,0x0001DFB4,123013,0x0001E085,209,other_isgrp,isgrp_003299,scheduler_group
3,owner_window,28,Gridania,All Saints/Halloween city decor,hlw1c,time_bg_hlw1c,fst_f0_twn01,122804,0x0001DFB4,123026,0x0001E092,222,other_isgrp,isgrp_003300,scheduler_group
3,owner_window,29,Gridania,All Saints/Halloween city decor,hlw1c,time_bg_hlw1c,fst_f0_twn01,122804,0x0001DFB4,123039,0x0001E09F,235,other_isgrp,isgrp_003301,scheduler_group
3,owner_window,30,Gridania,All Saints/Halloween city decor,hlw1c,time_bg_hlw1c,fst_f0_twn01,122804,0x0001DFB4,123052,0x0001E0AC,248,other_sgrp,sgrp_f0t0_z0_bukei_h,scheduler_group
3,owner_window,31,Gridania,All Saints/Halloween city decor,hlw1c,time_bg_hlw1c,fst_f0_twn01,122804,0x0001DFB4,123093,0x0001E0D5,289,other_sgrp,sgrp_f0t0_z0_fragi_h,scheduler_group
3,owner_window,32,Gridania,All Saints/Halloween city decor,hlw1c,time_bg_hlw1c,fst_f0_twn01,122804,0x0001DFB4,123134,0x0001E0FE,330,other_sgrp,sgrp_f0t0_z0_kikoi_h,scheduler_group
3,owner_window,33,Gridania,All Saints/Halloween city decor,hlw1c,time_bg_hlw1c,fst_f0_twn01,122804,0x0001DFB4,123175,0x0001E127,371,other_sgrp,sgrp_f0t0_z0_mokui_h,scheduler_group
3,owner_window,34,Gridania,All Saints/Halloween city decor,hlw1c,time_bg_hlw1c,fst_f0_twn01,122804,0x0001DFB4,123216,0x0001E150,412,other_sgrp,sgrp_f0t0_z0_shopi_h,scheduler_group
3,owner_window,35,Gridania,All Saints/Halloween city decor,hlw1c,time_bg_hlw1c,fst_f0_twn01,122804,0x0001DFB4,123257,0x0001E179,453,other_sgrp,sgrp_f0t0_z0_wrk1i_h,scheduler_group
3,owner_window,36,Gridania,All Saints/Halloween city decor,hlw1c,time_bg_hlw1c,fst_f0_twn01,122804,0x0001DFB4,123298,0x0001E1A2,494,other_sgrp,sgrp_f0t0_z0_wrk2i_h,scheduler_group
3,owner_window,37,Gridania,All Saints/Halloween city decor,hlw1c,time_bg_hlw1c,fst_f0_twn01,122804,0x0001DFB4,123339,0x0001E1CB,535,other_sgrp,sgrp_bg_t1_door_e1,scheduler_group
3,owner_window,38,Gridania,All Saints/Halloween city decor,hlw1c,time_bg_hlw1c,fst_f0_twn01,122804,0x0001DFB4,123358,0x0001E1DE,554,other_isgrp,isgrp_003314,scheduler_group
3,owner_window,39,Gridania,All Saints/Halloween city decor,hlw1c,time_bg_hlw1c,fst_f0_twn01,122804,0x0001DFB4,123371,0x0001E1EB,567,other_isgrp,isgrp_000041,scheduler_group
3,owner_window,40,Gridania,All Saints/Halloween city decor,hlw1c,time_bg_hlw1c,fst_f0_twn01,122804,0x0001DFB4,123384,0x0001E1F8,580,other_sgrp,sgrp_0574,scheduler_group
3,owner_window,41,Gridania,All Saints/Halloween city decor,hlw1c,time_bg_hlw1c,fst_f0_twn01,122804,0x0001DFB4,123399,0x0001E207,595,other_sgrp,sgrp_0575,scheduler_group
3,owner_window,42,Gridania,All Saints/Halloween city decor,hlw1c,time_bg_hlw1c,fst_f0_twn01,122804,0x0001DFB4,123414,0x0001E216,610,other_sgrp,sgrp_0576,scheduler_group
3,owner_window,43,Gridania,All Saints/Halloween city decor,hlw1c,time_bg_hlw1c,fst_f0_twn01,122804,0x0001DFB4,123429,0x0001E225,625,other_sgrp,sgrp_0577,scheduler_group
3,owner_window,44,Gridania,All Saints/Halloween city decor,hlw1c,time_bg_hlw1c,fst_f0_twn01,122804,0x0001DFB4,123444,0x0001E234,640,other_isgrp,isgrp_003322,scheduler_group
3,owner_window,45,Gridania,All Saints/Halloween city decor,hlw1c,time_bg_hlw1c,fst_f0_twn01,122804,0x0001DFB4,123457,0x0001E241,653,other_isgrp,isgrp_003324,scheduler_group
3,owner_window,46,Gridania,All Saints/Halloween city decor,hlw1c,time_bg_hlw1c,fst_f0_twn01,122804,0x0001DFB4,123470,0x0001E24E,666,other_sgrp,sgrp_f0t0_a0_gate3_h,scheduler_group
3,owner_window,47,Gridania,All Saints/Halloween city decor,hlw1c,time_bg_hlw1c,fst_f0_twn01,122804,0x0001DFB4,123536,0x0001E290,732,other_sgrp,sgrp_f0t0_a0_gate1_h,scheduler_group
4,family_window,1,Gridania,All Saints/Halloween city decor,hlw1d,time_bg_hlw1d,fst_f0_twn01,124731,0x0001E73B,123969,0x0001E441,-762,other_sgrp,sgrp_f0t0_a0_gatpol0_h,scheduler_group
4,family_window,2,Gridania,All Saints/Halloween city decor,hlw1d,time_bg_hlw1d,fst_f0_twn01,124731,0x0001E73B,124041,0x0001E489,-690,other_sgrp,sgrp_f0t0_a0_gatflag1_h,scheduler_group
4,family_window,3,Gridania,All Saints/Halloween city decor,hlw1d,time_bg_hlw1d,fst_f0_twn01,124731,0x0001E73B,124065,0x0001E4A1,-666,nearby,f0t0_a0_gatflag1_h_001,flag_or_decor_group
4,family_window,4,Gridania,All Saints/Halloween city decor,hlw1d,time_bg_hlw1d,fst_f0_twn01,124731,0x0001E73B,124088,0x0001E4B8,-643,other_sgrp,sgrp_sgrp_f0t0_a0_gcflag0_h1,scheduler_group
4,family_window,5,Gridania,All Saints/Halloween city decor,hlw1d,time_bg_hlw1d,fst_f0_twn01,124731,0x0001E73B,124117,0x0001E4D5,-614,nearby,f0t0_a0_gcflag0_h_1_001,flag_or_decor_group
4,family_window,6,Gridania,All Saints/Halloween city decor,hlw1d,time_bg_hlw1d,fst_f0_twn01,124731,0x0001E73B,124141,0x0001E4ED,-590,nearby,f0t0_a0_gcflag1_h_1_002,flag_or_decor_group
4,family_window,7,Gridania,All Saints/Halloween city decor,hlw1d,time_bg_hlw1d,fst_f0_twn01,124731,0x0001E73B,124192,0x0001E520,-539,other_isgrp,isgrp_003335,scheduler_group
4,family_window,8,Gridania,All Saints/Halloween city decor,hlw1d,time_bg_hlw1d,fst_f0_twn01,124731,0x0001E73B,124205,0x0001E52D,-526,other_isgrp,isgrp_003336,scheduler_group
4,family_window,9,Gridania,All Saints/Halloween city decor,hlw1d,time_bg_hlw1d,fst_f0_twn01,124731,0x0001E73B,124218,0x0001E53A,-513,other_isgrp,isgrp_003337,scheduler_group
4,family_window,10,Gridania,All Saints/Halloween city decor,hlw1d,time_bg_hlw1d,fst_f0_twn01,124731,0x0001E73B,124231,0x0001E547,-500,other_isgrp,isgrp_003340,scheduler_group
4,family_window,11,Gridania,All Saints/Halloween city decor,hlw1d,time_bg_hlw1d,fst_f0_twn01,124731,0x0001E73B,124244,0x0001E554,-487,other_isgrp,isgrp_003357,scheduler_group
4,family_window,12,Gridania,All Saints/Halloween city decor,hlw1d,time_bg_hlw1d,fst_f0_twn01,124731,0x0001E73B,124257,0x0001E561,-474,nearby,Bk_isgrp_0193-002,interesting
4,family_window,13,Gridania,All Saints/Halloween city decor,hlw1d,time_bg_hlw1d,fst_f0_twn01,124731,0x0001E73B,124275,0x0001E573,-456,other_isgrp,isgrp_003358,scheduler_group
4,family_window,14,Gridania,All Saints/Halloween city decor,hlw1d,time_bg_hlw1d,fst_f0_twn01,124731,0x0001E73B,124288,0x0001E580,-443,other_isgrp,isgrp_003359,scheduler_group
4,family_window,15,Gridania,All Saints/Halloween city decor,hlw1d,time_bg_hlw1d,fst_f0_twn01,124731,0x0001E73B,124301,0x0001E58D,-430,other_isgrp,isgrp_003360,scheduler_group
4,family_window,16,Gridania,All Saints/Halloween city decor,hlw1d,time_bg_hlw1d,fst_f0_twn01,124731,0x0001E73B,124314,0x0001E59A,-417,other_isgrp,isgrp_003361,scheduler_group
4,family_window,17,Gridania,All Saints/Halloween city decor,hlw1d,time_bg_hlw1d,fst_f0_twn01,124731,0x0001E73B,124327,0x0001E5A7,-404,other_isgrp,isgrp_003362,scheduler_group
4,family_window,18,Gridania,All Saints/Halloween city decor,hlw1d,time_bg_hlw1d,fst_f0_twn01,124731,0x0001E73B,124340,0x0001E5B4,-391,other_isgrp,isgrp_003380,scheduler_group
4,family_window,19,Gridania,All Saints/Halloween city decor,hlw1d,time_bg_hlw1d,fst_f0_twn01,124731,0x0001E73B,124353,0x0001E5C1,-378,other_isgrp,isgrp_003381,scheduler_group
4,family_window,20,Gridania,All Saints/Halloween city decor,hlw1d,time_bg_hlw1d,fst_f0_twn01,124731,0x0001E73B,124366,0x0001E5CE,-365,other_isgrp,isgrp_003382,scheduler_group
4,family_window,21,Gridania,All Saints/Halloween city decor,hlw1d,time_bg_hlw1d,fst_f0_twn01,124731,0x0001E73B,124379,0x0001E5DB,-352,other_isgrp,isgrp_003383,scheduler_group
4,family_window,22,Gridania,All Saints/Halloween city decor,hlw1d,time_bg_hlw1d,fst_f0_twn01,124731,0x0001E73B,124392,0x0001E5E8,-339,other_sgrp,sgrp_f0t0_t0_set1_h,scheduler_group
4,family_window,23,Gridania,All Saints/Halloween city decor,hlw1d,time_bg_hlw1d,fst_f0_twn01,124731,0x0001E73B,124511,0x0001E65F,-220,other_isgrp,isgrp_003384,scheduler_group
4,family_window,24,Gridania,All Saints/Halloween city decor,hlw1d,time_bg_hlw1d,fst_f0_twn01,124731,0x0001E73B,124524,0x0001E66C,-207,other_sgrp,sgrp_sip0,scheduler_group
4,family_window,25,Gridania,All Saints/Halloween city decor,hlw1d,time_bg_hlw1d,fst_f0_twn01,124731,0x0001E73B,124573,0x0001E69D,-158,other_sgrp,sgrp_siplamp0,scheduler_group
4,family_window,26,Gridania,All Saints/Halloween city decor,hlw1d,time_bg_hlw1d,fst_f0_twn01,124731,0x0001E73B,124595,0x0001E6B3,-136,other_isgrp,isgrp_003392,scheduler_group
4,family_window,27,Gridania,All Saints/Halloween city decor,hlw1d,time_bg_hlw1d,fst_f0_twn01,124731,0x0001E73B,124608,0x0001E6C0,-123,other_sgrp,sgrp_f0t0_a0_hlw1a_h,scheduler_group
4,family_window,28,Gridania,All Saints/Halloween city decor,hlw1d,time_bg_hlw1d,fst_f0_twn01,124731,0x0001E73B,124629,0x0001E6D5,-102,nearby,f0t0_a0_hlw1a_h_001,interesting
4,family_window,29,Gridania,All Saints/Halloween city decor,hlw1d,time_bg_hlw1d,fst_f0_twn01,124731,0x0001E73B,124649,0x0001E6E9,-82,other_sgrp,sgrp_f0t0_a0_hlw1b_h,scheduler_group
4,family_window,30,Gridania,All Saints/Halloween city decor,hlw1d,time_bg_hlw1d,fst_f0_twn01,124731,0x0001E73B,124670,0x0001E6FE,-61,nearby,f0t0_a0_hlw1b_h_001,interesting
4,family_window,31,Gridania,All Saints/Halloween city decor,hlw1d,time_bg_hlw1d,fst_f0_twn01,124731,0x0001E73B,124690,0x0001E712,-41,other_sgrp,sgrp_f0t0_a0_hlw1c_h,scheduler_group
4,family_window,32,Gridania,All Saints/Halloween city decor,hlw1d,time_bg_hlw1d,fst_f0_twn01,124731,0x0001E73B,124711,0x0001E727,-20,center_neighbor,f0t0_a0_hlw1c_h_001,interesting
4,family_window,33,Gridania,All Saints/Halloween city decor,hlw1d,time_bg_hlw1d,fst_f0_twn01,124731,0x0001E73B,124731,0x0001E73B,0,matched_group,sgrp_f0t0_a0_hlw1d_h,scheduler_group
4,family_window,34,Gridania,All Saints/Halloween city decor,hlw1d,time_bg_hlw1d,fst_f0_twn01,124731,0x0001E73B,124752,0x0001E750,21,same_family_mesh_or_attr,f0t0_a0_hlw1d_h_001,interesting
4,family_window,35,Gridania,All Saints/Halloween city decor,hlw1d,time_bg_hlw1d,fst_f0_twn01,124731,0x0001E73B,124772,0x0001E764,41,other_sgrp,sgrp_f0t0_a0_hlw1e_h,scheduler_group
4,family_window,36,Gridania,All Saints/Halloween city decor,hlw1d,time_bg_hlw1d,fst_f0_twn01,124731,0x0001E73B,124793,0x0001E779,62,nearby,f0t0_a0_hlw1e_h_001,interesting
4,family_window,37,Gridania,All Saints/Halloween city decor,hlw1d,time_bg_hlw1d,fst_f0_twn01,124731,0x0001E73B,124813,0x0001E78D,82,other_sgrp,sgrp_f0t0_a0_hlw1f_h,scheduler_group
4,family_window,38,Gridania,All Saints/Halloween city decor,hlw1d,time_bg_hlw1d,fst_f0_twn01,124731,0x0001E73B,124834,0x0001E7A2,103,nearby,f0t0_a0_hlw1f_h_001,interesting
4,family_window,39,Gridania,All Saints/Halloween city decor,hlw1d,time_bg_hlw1d,fst_f0_twn01,124731,0x0001E73B,124854,0x0001E7B6,123,other_sgrp,sgrp_f0t0_a0_hlw1g_h,scheduler_group
4,family_window,40,Gridania,All Saints/Halloween city decor,hlw1d,time_bg_hlw1d,fst_f0_twn01,124731,0x0001E73B,124875,0x0001E7CB,144,nearby,f0t0_a0_hlw1g_h_001,interesting
4,family_window,41,Gridania,All Saints/Halloween city decor,hlw1d,time_bg_hlw1d,fst_f0_twn01,124731,0x0001E73B,124895,0x0001E7DF,164,other_sgrp,sgrp_f0t0_a0_hlw1h_h,scheduler_group
4,family_window,42,Gridania,All Saints/Halloween city decor,hlw1d,time_bg_hlw1d,fst_f0_twn01,124731,0x0001E73B,124916,0x0001E7F4,185,nearby,f0t0_a0_hlw1h_h_001,interesting
4,family_window,43,Gridania,All Saints/Halloween city decor,hlw1d,time_bg_hlw1d,fst_f0_twn01,124731,0x0001E73B,124936,0x0001E808,205,other_sgrp,sgrp_f0t0_a0_hlw1i_h,scheduler_group
4,family_window,44,Gridania,All Saints/Halloween city decor,hlw1d,time_bg_hlw1d,fst_f0_twn01,124731,0x0001E73B,124957,0x0001E81D,226,nearby,f0t0_a0_hlw1i_h_001,interesting
4,family_window,45,Gridania,All Saints/Halloween city decor,hlw1d,time_bg_hlw1d,fst_f0_twn01,124731,0x0001E73B,124977,0x0001E831,246,other_sgrp,sgrp_f0t0_a0_hlw2a_h,scheduler_group
4,family_window,46,Gridania,All Saints/Halloween city decor,hlw1d,time_bg_hlw1d,fst_f0_twn01,124731,0x0001E73B,124998,0x0001E846,267,nearby,f0t0_a0_hlw2a_h_001,interesting
4,family_window,47,Gridania,All Saints/Halloween city decor,hlw1d,time_bg_hlw1d,fst_f0_twn01,124731,0x0001E73B,125018,0x0001E85A,287,other_sgrp,sgrp_f0t0_a0_hlw2b_h,scheduler_group
4,family_window,48,Gridania,All Saints/Halloween city decor,hlw1d,time_bg_hlw1d,fst_f0_twn01,124731,0x0001E73B,125039,0x0001E86F,308,nearby,f0t0_a0_hlw2b_h_001,interesting
4,family_window,49,Gridania,All Saints/Halloween city decor,hlw1d,time_bg_hlw1d,fst_f0_twn01,124731,0x0001E73B,125059,0x0001E883,328,other_isgrp,isgrp_003394,scheduler_group
4,family_window,50,Gridania,All Saints/Halloween city decor,hlw1d,time_bg_hlw1d,fst_f0_twn01,124731,0x0001E73B,125072,0x0001E890,341,other_isgrp,isgrp_003395,scheduler_group
4,family_window,51,Gridania,All Saints/Halloween city decor,hlw1d,time_bg_hlw1d,fst_f0_twn01,124731,0x0001E73B,125085,0x0001E89D,354,other_isgrp,isgrp_003396,scheduler_group
4,family_window,52,Gridania,All Saints/Halloween city decor,hlw1d,time_bg_hlw1d,fst_f0_twn01,124731,0x0001E73B,125098,0x0001E8AA,367,other_isgrp,isgrp_003397,scheduler_group
4,family_window,53,Gridania,All Saints/Halloween city decor,hlw1d,time_bg_hlw1d,fst_f0_twn01,124731,0x0001E73B,125111,0x0001E8B7,380,other_isgrp,isgrp_003398,scheduler_group
4,family_window,54,Gridania,All Saints/Halloween city decor,hlw1d,time_bg_hlw1d,fst_f0_twn01,124731,0x0001E73B,125124,0x0001E8C4,393,other_isgrp,isgrp_003399,scheduler_group
4,family_window,55,Gridania,All Saints/Halloween city decor,hlw1d,time_bg_hlw1d,fst_f0_twn01,124731,0x0001E73B,125137,0x0001E8D1,406,other_isgrp,isgrp_003400,scheduler_group
4,family_window,56,Gridania,All Saints/Halloween city decor,hlw1d,time_bg_hlw1d,fst_f0_twn01,124731,0x0001E73B,125150,0x0001E8DE,419,other_isgrp,isgrp_003401,scheduler_group
4,family_window,57,Gridania,All Saints/Halloween city decor,hlw1d,time_bg_hlw1d,fst_f0_twn01,124731,0x0001E73B,125163,0x0001E8EB,432,other_isgrp,isgrp_003402,scheduler_group
4,family_window,58,Gridania,All Saints/Halloween city decor,hlw1d,time_bg_hlw1d,fst_f0_twn01,124731,0x0001E73B,125176,0x0001E8F8,445,other_isgrp,isgrp_003403,scheduler_group
4,family_window,59,Gridania,All Saints/Halloween city decor,hlw1d,time_bg_hlw1d,fst_f0_twn01,124731,0x0001E73B,125189,0x0001E905,458,other_isgrp,isgrp_003404,scheduler_group
4,family_window,60,Gridania,All Saints/Halloween city decor,hlw1d,time_bg_hlw1d,fst_f0_twn01,124731,0x0001E73B,125202,0x0001E912,471,other_isgrp,isgrp_003405,scheduler_group
4,family_window,61,Gridania,All Saints/Halloween city decor,hlw1d,time_bg_hlw1d,fst_f0_twn01,124731,0x0001E73B,125215,0x0001E91F,484,other_isgrp,isgrp_003406,scheduler_group
4,family_window,62,Gridania,All Saints/Halloween city decor,hlw1d,time_bg_hlw1d,fst_f0_twn01,124731,0x0001E73B,125228,0x0001E92C,497,other_isgrp,isgrp_003407,scheduler_group
4,family_window,63,Gridania,All Saints/Halloween city decor,hlw1d,time_bg_hlw1d,fst_f0_twn01,124731,0x0001E73B,125241,0x0001E939,510,other_isgrp,isgrp_003408,scheduler_group
4,family_window,64,Gridania,All Saints/Halloween city decor,hlw1d,time_bg_hlw1d,fst_f0_twn01,124731,0x0001E73B,125254,0x0001E946,523,other_isgrp,isgrp_003409,scheduler_group
4,family_window,65,Gridania,All Saints/Halloween city decor,hlw1d,time_bg_hlw1d,fst_f0_twn01,124731,0x0001E73B,125267,0x0001E953,536,other_isgrp,isgrp_003410,scheduler_group
4,family_window,66,Gridania,All Saints/Halloween city decor,hlw1d,time_bg_hlw1d,fst_f0_twn01,124731,0x0001E73B,125280,0x0001E960,549,other_isgrp,isgrp_003411,scheduler_group
4,family_window,67,Gridania,All Saints/Halloween city decor,hlw1d,time_bg_hlw1d,fst_f0_twn01,124731,0x0001E73B,125293,0x0001E96D,562,other_isgrp,isgrp_003412,scheduler_group
4,family_window,68,Gridania,All Saints/Halloween city decor,hlw1d,time_bg_hlw1d,fst_f0_twn01,124731,0x0001E73B,125306,0x0001E97A,575,other_isgrp,isgrp_003413,scheduler_group
4,family_window,69,Gridania,All Saints/Halloween city decor,hlw1d,time_bg_hlw1d,fst_f0_twn01,124731,0x0001E73B,125319,0x0001E987,588,other_isgrp,isgrp_003414,scheduler_group
4,family_window,70,Gridania,All Saints/Halloween city decor,hlw1d,time_bg_hlw1d,fst_f0_twn01,124731,0x0001E73B,125332,0x0001E994,601,other_isgrp,isgrp_003415,scheduler_group
4,family_window,71,Gridania,All Saints/Halloween city decor,hlw1d,time_bg_hlw1d,fst_f0_twn01,124731,0x0001E73B,125345,0x0001E9A1,614,other_isgrp,isgrp_003416,scheduler_group
4,family_window,72,Gridania,All Saints/Halloween city decor,hlw1d,time_bg_hlw1d,fst_f0_twn01,124731,0x0001E73B,125358,0x0001E9AE,627,other_isgrp,isgrp_003417,scheduler_group
4,family_window,73,Gridania,All Saints/Halloween city decor,hlw1d,time_bg_hlw1d,fst_f0_twn01,124731,0x0001E73B,125371,0x0001E9BB,640,other_isgrp,isgrp_003418,scheduler_group
4,family_window,74,Gridania,All Saints/Halloween city decor,hlw1d,time_bg_hlw1d,fst_f0_twn01,124731,0x0001E73B,125384,0x0001E9C8,653,other_isgrp,isgrp_003419,scheduler_group
4,family_window,75,Gridania,All Saints/Halloween city decor,hlw1d,time_bg_hlw1d,fst_f0_twn01,124731,0x0001E73B,125397,0x0001E9D5,666,other_isgrp,isgrp_003420,scheduler_group
4,family_window,76,Gridania,All Saints/Halloween city decor,hlw1d,time_bg_hlw1d,fst_f0_twn01,124731,0x0001E73B,125410,0x0001E9E2,679,other_isgrp,isgrp_003421,scheduler_group
4,family_window,77,Gridania,All Saints/Halloween city decor,hlw1d,time_bg_hlw1d,fst_f0_twn01,124731,0x0001E73B,125423,0x0001E9EF,692,other_isgrp,isgrp_003422,scheduler_group
4,family_window,78,Gridania,All Saints/Halloween city decor,hlw1d,time_bg_hlw1d,fst_f0_twn01,124731,0x0001E73B,125436,0x0001E9FC,705,other_isgrp,isgrp_003423,scheduler_group
4,family_window,79,Gridania,All Saints/Halloween city decor,hlw1d,time_bg_hlw1d,fst_f0_twn01,124731,0x0001E73B,125449,0x0001EA09,718,other_isgrp,isgrp_003424,scheduler_group
4,family_window,80,Gridania,All Saints/Halloween city decor,hlw1d,time_bg_hlw1d,fst_f0_twn01,124731,0x0001E73B,125462,0x0001EA16,731,other_isgrp,isgrp_003425,scheduler_group
4,family_window,81,Gridania,All Saints/Halloween city decor,hlw1d,time_bg_hlw1d,fst_f0_twn01,124731,0x0001E73B,125475,0x0001EA23,744,other_isgrp,isgrp_003426,scheduler_group
4,family_window,82,Gridania,All Saints/Halloween city decor,hlw1d,time_bg_hlw1d,fst_f0_twn01,124731,0x0001E73B,125488,0x0001EA30,757,other_isgrp,isgrp_003427,scheduler_group
4,owner_window,1,Gridania,All Saints/Halloween city decor,hlw1d,time_bg_hlw1d,fst_f0_twn01,122804,0x0001DFB4,122038,0x0001DCB6,-766,nearby,Bk_isgrp_0239-001,interesting
4,owner_window,2,Gridania,All Saints/Halloween city decor,hlw1d,time_bg_hlw1d,fst_f0_twn01,122804,0x0001DFB4,122056,0x0001DCC8,-748,other_isgrp,isgrp_003288,scheduler_group
4,owner_window,3,Gridania,All Saints/Halloween city decor,hlw1d,time_bg_hlw1d,fst_f0_twn01,122804,0x0001DFB4,122069,0x0001DCD5,-735,other_isgrp,isgrp_000020,scheduler_group
4,owner_window,4,Gridania,All Saints/Halloween city decor,hlw1d,time_bg_hlw1d,fst_f0_twn01,122804,0x0001DFB4,122082,0x0001DCE2,-722,other_sgrp,sgrp_f0t0_b0_caf00i_h,scheduler_group
4,owner_window,5,Gridania,All Saints/Halloween city decor,hlw1d,time_bg_hlw1d,fst_f0_twn01,122804,0x0001DFB4,122177,0x0001DD41,-627,other_sgrp,sgrp_f0t0_b0_caf00ia_h,scheduler_group
4,owner_window,6,Gridania,All Saints/Halloween city decor,hlw1d,time_bg_hlw1d,fst_f0_twn01,122804,0x0001DFB4,122262,0x0001DD96,-542,other_sgrp,sgrp_bg_airport,scheduler_group
4,owner_window,7,Gridania,All Saints/Halloween city decor,hlw1d,time_bg_hlw1d,fst_f0_twn01,122804,0x0001DFB4,122278,0x0001DDA6,-526,other_sgrp,sgrp_air1,scheduler_group
4,owner_window,8,Gridania,All Saints/Halloween city decor,hlw1d,time_bg_hlw1d,fst_f0_twn01,122804,0x0001DFB4,122424,0x0001DE38,-380,nearby,vfx_hktlmp1_058,vfx_or_scene_def
4,owner_window,9,Gridania,All Saints/Halloween city decor,hlw1d,time_bg_hlw1d,fst_f0_twn01,122804,0x0001DFB4,122440,0x0001DE48,-364,nearby,vfx_hktlmp1nq,vfx_or_scene_def
4,owner_window,10,Gridania,All Saints/Halloween city decor,hlw1d,time_bg_hlw1d,fst_f0_twn01,122804,0x0001DFB4,122518,0x0001DE96,-286,nearby,vfx_hktlmp2_059,vfx_or_scene_def
4,owner_window,11,Gridania,All Saints/Halloween city decor,hlw1d,time_bg_hlw1d,fst_f0_twn01,122804,0x0001DFB4,122534,0x0001DEA6,-270,nearby,vfx_hktlmp2nq,vfx_or_scene_def
4,owner_window,12,Gridania,All Saints/Halloween city decor,hlw1d,time_bg_hlw1d,fst_f0_twn01,122804,0x0001DFB4,122576,0x0001DED0,-228,other_sgrp,sgrp_air2,scheduler_group
4,owner_window,13,Gridania,All Saints/Halloween city decor,hlw1d,time_bg_hlw1d,fst_f0_twn01,122804,0x0001DFB4,122687,0x0001DF3F,-117,nearby,vfx_hktlmp3_060,vfx_or_scene_def
4,owner_window,14,Gridania,All Saints/Halloween city decor,hlw1d,time_bg_hlw1d,fst_f0_twn01,122804,0x0001DFB4,122703,0x0001DF4F,-101,nearby,vfx_hktlmp3nq,vfx_or_scene_def
4,owner_window,15,Gridania,All Saints/Halloween city decor,hlw1d,time_bg_hlw1d,fst_f0_twn01,122804,0x0001DFB4,122804,0x0001DFB4,0,owner_isgrp,isgrp_003294,scheduler_group
4,owner_window,16,Gridania,All Saints/Halloween city decor,hlw1d,time_bg_hlw1d,fst_f0_twn01,122804,0x0001DFB4,122817,0x0001DFC1,13,center_neighbor,Bk_isgrp_0160-003,interesting
4,owner_window,17,Gridania,All Saints/Halloween city decor,hlw1d,time_bg_hlw1d,fst_f0_twn01,122804,0x0001DFB4,122835,0x0001DFD3,31,center_neighbor,Bk_isgrp_0160-004,interesting
4,owner_window,18,Gridania,All Saints/Halloween city decor,hlw1d,time_bg_hlw1d,fst_f0_twn01,122804,0x0001DFB4,122853,0x0001DFE5,49,nearby,Bk_isgrp_0160-005,interesting
4,owner_window,19,Gridania,All Saints/Halloween city decor,hlw1d,time_bg_hlw1d,fst_f0_twn01,122804,0x0001DFB4,122871,0x0001DFF7,67,nearby,Bk_isgrp_0160-006,interesting
4,owner_window,20,Gridania,All Saints/Halloween city decor,hlw1d,time_bg_hlw1d,fst_f0_twn01,122804,0x0001DFB4,122889,0x0001E009,85,nearby,Bk_isgrp_0160-007,interesting
4,owner_window,21,Gridania,All Saints/Halloween city decor,hlw1d,time_bg_hlw1d,fst_f0_twn01,122804,0x0001DFB4,122907,0x0001E01B,103,nearby,Bk_isgrp_0160-008,interesting
4,owner_window,22,Gridania,All Saints/Halloween city decor,hlw1d,time_bg_hlw1d,fst_f0_twn01,122804,0x0001DFB4,122925,0x0001E02D,121,nearby,Bk_isgrp_0160-009,interesting
4,owner_window,23,Gridania,All Saints/Halloween city decor,hlw1d,time_bg_hlw1d,fst_f0_twn01,122804,0x0001DFB4,122943,0x0001E03F,139,other_sgrp,sgrp_bg_coll_a1,scheduler_group
4,owner_window,24,Gridania,All Saints/Halloween city decor,hlw1d,time_bg_hlw1d,fst_f0_twn01,122804,0x0001DFB4,122974,0x0001E05E,170,other_isgrp,isgrp_003296,scheduler_group
4,owner_window,25,Gridania,All Saints/Halloween city decor,hlw1d,time_bg_hlw1d,fst_f0_twn01,122804,0x0001DFB4,122987,0x0001E06B,183,other_isgrp,isgrp_003297,scheduler_group
4,owner_window,26,Gridania,All Saints/Halloween city decor,hlw1d,time_bg_hlw1d,fst_f0_twn01,122804,0x0001DFB4,123000,0x0001E078,196,other_isgrp,isgrp_003298,scheduler_group
4,owner_window,27,Gridania,All Saints/Halloween city decor,hlw1d,time_bg_hlw1d,fst_f0_twn01,122804,0x0001DFB4,123013,0x0001E085,209,other_isgrp,isgrp_003299,scheduler_group
4,owner_window,28,Gridania,All Saints/Halloween city decor,hlw1d,time_bg_hlw1d,fst_f0_twn01,122804,0x0001DFB4,123026,0x0001E092,222,other_isgrp,isgrp_003300,scheduler_group
4,owner_window,29,Gridania,All Saints/Halloween city decor,hlw1d,time_bg_hlw1d,fst_f0_twn01,122804,0x0001DFB4,123039,0x0001E09F,235,other_isgrp,isgrp_003301,scheduler_group
4,owner_window,30,Gridania,All Saints/Halloween city decor,hlw1d,time_bg_hlw1d,fst_f0_twn01,122804,0x0001DFB4,123052,0x0001E0AC,248,other_sgrp,sgrp_f0t0_z0_bukei_h,scheduler_group
4,owner_window,31,Gridania,All Saints/Halloween city decor,hlw1d,time_bg_hlw1d,fst_f0_twn01,122804,0x0001DFB4,123093,0x0001E0D5,289,other_sgrp,sgrp_f0t0_z0_fragi_h,scheduler_group
4,owner_window,32,Gridania,All Saints/Halloween city decor,hlw1d,time_bg_hlw1d,fst_f0_twn01,122804,0x0001DFB4,123134,0x0001E0FE,330,other_sgrp,sgrp_f0t0_z0_kikoi_h,scheduler_group
4,owner_window,33,Gridania,All Saints/Halloween city decor,hlw1d,time_bg_hlw1d,fst_f0_twn01,122804,0x0001DFB4,123175,0x0001E127,371,other_sgrp,sgrp_f0t0_z0_mokui_h,scheduler_group
4,owner_window,34,Gridania,All Saints/Halloween city decor,hlw1d,time_bg_hlw1d,fst_f0_twn01,122804,0x0001DFB4,123216,0x0001E150,412,other_sgrp,sgrp_f0t0_z0_shopi_h,scheduler_group
4,owner_window,35,Gridania,All Saints/Halloween city decor,hlw1d,time_bg_hlw1d,fst_f0_twn01,122804,0x0001DFB4,123257,0x0001E179,453,other_sgrp,sgrp_f0t0_z0_wrk1i_h,scheduler_group
4,owner_window,36,Gridania,All Saints/Halloween city decor,hlw1d,time_bg_hlw1d,fst_f0_twn01,122804,0x0001DFB4,123298,0x0001E1A2,494,other_sgrp,sgrp_f0t0_z0_wrk2i_h,scheduler_group
4,owner_window,37,Gridania,All Saints/Halloween city decor,hlw1d,time_bg_hlw1d,fst_f0_twn01,122804,0x0001DFB4,123339,0x0001E1CB,535,other_sgrp,sgrp_bg_t1_door_e1,scheduler_group
4,owner_window,38,Gridania,All Saints/Halloween city decor,hlw1d,time_bg_hlw1d,fst_f0_twn01,122804,0x0001DFB4,123358,0x0001E1DE,554,other_isgrp,isgrp_003314,scheduler_group
4,owner_window,39,Gridania,All Saints/Halloween city decor,hlw1d,time_bg_hlw1d,fst_f0_twn01,122804,0x0001DFB4,123371,0x0001E1EB,567,other_isgrp,isgrp_000041,scheduler_group
4,owner_window,40,Gridania,All Saints/Halloween city decor,hlw1d,time_bg_hlw1d,fst_f0_twn01,122804,0x0001DFB4,123384,0x0001E1F8,580,other_sgrp,sgrp_0574,scheduler_group
4,owner_window,41,Gridania,All Saints/Halloween city decor,hlw1d,time_bg_hlw1d,fst_f0_twn01,122804,0x0001DFB4,123399,0x0001E207,595,other_sgrp,sgrp_0575,scheduler_group
4,owner_window,42,Gridania,All Saints/Halloween city decor,hlw1d,time_bg_hlw1d,fst_f0_twn01,122804,0x0001DFB4,123414,0x0001E216,610,other_sgrp,sgrp_0576,scheduler_group
4,owner_window,43,Gridania,All Saints/Halloween city decor,hlw1d,time_bg_hlw1d,fst_f0_twn01,122804,0x0001DFB4,123429,0x0001E225,625,other_sgrp,sgrp_0577,scheduler_group
4,owner_window,44,Gridania,All Saints/Halloween city decor,hlw1d,time_bg_hlw1d,fst_f0_twn01,122804,0x0001DFB4,123444,0x0001E234,640,other_isgrp,isgrp_003322,scheduler_group
4,owner_window,45,Gridania,All Saints/Halloween city decor,hlw1d,time_bg_hlw1d,fst_f0_twn01,122804,0x0001DFB4,123457,0x0001E241,653,other_isgrp,isgrp_003324,scheduler_group
4,owner_window,46,Gridania,All Saints/Halloween city decor,hlw1d,time_bg_hlw1d,fst_f0_twn01,122804,0x0001DFB4,123470,0x0001E24E,666,other_sgrp,sgrp_f0t0_a0_gate3_h,scheduler_group
4,owner_window,47,Gridania,All Saints/Halloween city decor,hlw1d,time_bg_hlw1d,fst_f0_twn01,122804,0x0001DFB4,123536,0x0001E290,732,other_sgrp,sgrp_f0t0_a0_gate1_h,scheduler_group
5,family_window,1,Gridania,All Saints/Halloween city decor,hlw1e,time_bg_hlw1e,fst_f0_twn01,124772,0x0001E764,124041,0x0001E489,-731,other_sgrp,sgrp_f0t0_a0_gatflag1_h,scheduler_group
5,family_window,2,Gridania,All Saints/Halloween city decor,hlw1e,time_bg_hlw1e,fst_f0_twn01,124772,0x0001E764,124065,0x0001E4A1,-707,nearby,f0t0_a0_gatflag1_h_001,flag_or_decor_group
5,family_window,3,Gridania,All Saints/Halloween city decor,hlw1e,time_bg_hlw1e,fst_f0_twn01,124772,0x0001E764,124088,0x0001E4B8,-684,other_sgrp,sgrp_sgrp_f0t0_a0_gcflag0_h1,scheduler_group
5,family_window,4,Gridania,All Saints/Halloween city decor,hlw1e,time_bg_hlw1e,fst_f0_twn01,124772,0x0001E764,124117,0x0001E4D5,-655,nearby,f0t0_a0_gcflag0_h_1_001,flag_or_decor_group
5,family_window,5,Gridania,All Saints/Halloween city decor,hlw1e,time_bg_hlw1e,fst_f0_twn01,124772,0x0001E764,124141,0x0001E4ED,-631,nearby,f0t0_a0_gcflag1_h_1_002,flag_or_decor_group
5,family_window,6,Gridania,All Saints/Halloween city decor,hlw1e,time_bg_hlw1e,fst_f0_twn01,124772,0x0001E764,124192,0x0001E520,-580,other_isgrp,isgrp_003335,scheduler_group
5,family_window,7,Gridania,All Saints/Halloween city decor,hlw1e,time_bg_hlw1e,fst_f0_twn01,124772,0x0001E764,124205,0x0001E52D,-567,other_isgrp,isgrp_003336,scheduler_group
5,family_window,8,Gridania,All Saints/Halloween city decor,hlw1e,time_bg_hlw1e,fst_f0_twn01,124772,0x0001E764,124218,0x0001E53A,-554,other_isgrp,isgrp_003337,scheduler_group
5,family_window,9,Gridania,All Saints/Halloween city decor,hlw1e,time_bg_hlw1e,fst_f0_twn01,124772,0x0001E764,124231,0x0001E547,-541,other_isgrp,isgrp_003340,scheduler_group
5,family_window,10,Gridania,All Saints/Halloween city decor,hlw1e,time_bg_hlw1e,fst_f0_twn01,124772,0x0001E764,124244,0x0001E554,-528,other_isgrp,isgrp_003357,scheduler_group
5,family_window,11,Gridania,All Saints/Halloween city decor,hlw1e,time_bg_hlw1e,fst_f0_twn01,124772,0x0001E764,124257,0x0001E561,-515,nearby,Bk_isgrp_0193-002,interesting
5,family_window,12,Gridania,All Saints/Halloween city decor,hlw1e,time_bg_hlw1e,fst_f0_twn01,124772,0x0001E764,124275,0x0001E573,-497,other_isgrp,isgrp_003358,scheduler_group
5,family_window,13,Gridania,All Saints/Halloween city decor,hlw1e,time_bg_hlw1e,fst_f0_twn01,124772,0x0001E764,124288,0x0001E580,-484,other_isgrp,isgrp_003359,scheduler_group
5,family_window,14,Gridania,All Saints/Halloween city decor,hlw1e,time_bg_hlw1e,fst_f0_twn01,124772,0x0001E764,124301,0x0001E58D,-471,other_isgrp,isgrp_003360,scheduler_group
5,family_window,15,Gridania,All Saints/Halloween city decor,hlw1e,time_bg_hlw1e,fst_f0_twn01,124772,0x0001E764,124314,0x0001E59A,-458,other_isgrp,isgrp_003361,scheduler_group
5,family_window,16,Gridania,All Saints/Halloween city decor,hlw1e,time_bg_hlw1e,fst_f0_twn01,124772,0x0001E764,124327,0x0001E5A7,-445,other_isgrp,isgrp_003362,scheduler_group
5,family_window,17,Gridania,All Saints/Halloween city decor,hlw1e,time_bg_hlw1e,fst_f0_twn01,124772,0x0001E764,124340,0x0001E5B4,-432,other_isgrp,isgrp_003380,scheduler_group
5,family_window,18,Gridania,All Saints/Halloween city decor,hlw1e,time_bg_hlw1e,fst_f0_twn01,124772,0x0001E764,124353,0x0001E5C1,-419,other_isgrp,isgrp_003381,scheduler_group
5,family_window,19,Gridania,All Saints/Halloween city decor,hlw1e,time_bg_hlw1e,fst_f0_twn01,124772,0x0001E764,124366,0x0001E5CE,-406,other_isgrp,isgrp_003382,scheduler_group
5,family_window,20,Gridania,All Saints/Halloween city decor,hlw1e,time_bg_hlw1e,fst_f0_twn01,124772,0x0001E764,124379,0x0001E5DB,-393,other_isgrp,isgrp_003383,scheduler_group
5,family_window,21,Gridania,All Saints/Halloween city decor,hlw1e,time_bg_hlw1e,fst_f0_twn01,124772,0x0001E764,124392,0x0001E5E8,-380,other_sgrp,sgrp_f0t0_t0_set1_h,scheduler_group
5,family_window,22,Gridania,All Saints/Halloween city decor,hlw1e,time_bg_hlw1e,fst_f0_twn01,124772,0x0001E764,124511,0x0001E65F,-261,other_isgrp,isgrp_003384,scheduler_group
5,family_window,23,Gridania,All Saints/Halloween city decor,hlw1e,time_bg_hlw1e,fst_f0_twn01,124772,0x0001E764,124524,0x0001E66C,-248,other_sgrp,sgrp_sip0,scheduler_group
5,family_window,24,Gridania,All Saints/Halloween city decor,hlw1e,time_bg_hlw1e,fst_f0_twn01,124772,0x0001E764,124573,0x0001E69D,-199,other_sgrp,sgrp_siplamp0,scheduler_group
5,family_window,25,Gridania,All Saints/Halloween city decor,hlw1e,time_bg_hlw1e,fst_f0_twn01,124772,0x0001E764,124595,0x0001E6B3,-177,other_isgrp,isgrp_003392,scheduler_group
5,family_window,26,Gridania,All Saints/Halloween city decor,hlw1e,time_bg_hlw1e,fst_f0_twn01,124772,0x0001E764,124608,0x0001E6C0,-164,other_sgrp,sgrp_f0t0_a0_hlw1a_h,scheduler_group
5,family_window,27,Gridania,All Saints/Halloween city decor,hlw1e,time_bg_hlw1e,fst_f0_twn01,124772,0x0001E764,124629,0x0001E6D5,-143,nearby,f0t0_a0_hlw1a_h_001,interesting
5,family_window,28,Gridania,All Saints/Halloween city decor,hlw1e,time_bg_hlw1e,fst_f0_twn01,124772,0x0001E764,124649,0x0001E6E9,-123,other_sgrp,sgrp_f0t0_a0_hlw1b_h,scheduler_group
5,family_window,29,Gridania,All Saints/Halloween city decor,hlw1e,time_bg_hlw1e,fst_f0_twn01,124772,0x0001E764,124670,0x0001E6FE,-102,nearby,f0t0_a0_hlw1b_h_001,interesting
5,family_window,30,Gridania,All Saints/Halloween city decor,hlw1e,time_bg_hlw1e,fst_f0_twn01,124772,0x0001E764,124690,0x0001E712,-82,other_sgrp,sgrp_f0t0_a0_hlw1c_h,scheduler_group
5,family_window,31,Gridania,All Saints/Halloween city decor,hlw1e,time_bg_hlw1e,fst_f0_twn01,124772,0x0001E764,124711,0x0001E727,-61,nearby,f0t0_a0_hlw1c_h_001,interesting
5,family_window,32,Gridania,All Saints/Halloween city decor,hlw1e,time_bg_hlw1e,fst_f0_twn01,124772,0x0001E764,124731,0x0001E73B,-41,other_sgrp,sgrp_f0t0_a0_hlw1d_h,scheduler_group
5,family_window,33,Gridania,All Saints/Halloween city decor,hlw1e,time_bg_hlw1e,fst_f0_twn01,124772,0x0001E764,124752,0x0001E750,-20,center_neighbor,f0t0_a0_hlw1d_h_001,interesting
5,family_window,34,Gridania,All Saints/Halloween city decor,hlw1e,time_bg_hlw1e,fst_f0_twn01,124772,0x0001E764,124772,0x0001E764,0,matched_group,sgrp_f0t0_a0_hlw1e_h,scheduler_group
5,family_window,35,Gridania,All Saints/Halloween city decor,hlw1e,time_bg_hlw1e,fst_f0_twn01,124772,0x0001E764,124793,0x0001E779,21,same_family_mesh_or_attr,f0t0_a0_hlw1e_h_001,interesting
5,family_window,36,Gridania,All Saints/Halloween city decor,hlw1e,time_bg_hlw1e,fst_f0_twn01,124772,0x0001E764,124813,0x0001E78D,41,other_sgrp,sgrp_f0t0_a0_hlw1f_h,scheduler_group
5,family_window,37,Gridania,All Saints/Halloween city decor,hlw1e,time_bg_hlw1e,fst_f0_twn01,124772,0x0001E764,124834,0x0001E7A2,62,nearby,f0t0_a0_hlw1f_h_001,interesting
5,family_window,38,Gridania,All Saints/Halloween city decor,hlw1e,time_bg_hlw1e,fst_f0_twn01,124772,0x0001E764,124854,0x0001E7B6,82,other_sgrp,sgrp_f0t0_a0_hlw1g_h,scheduler_group
5,family_window,39,Gridania,All Saints/Halloween city decor,hlw1e,time_bg_hlw1e,fst_f0_twn01,124772,0x0001E764,124875,0x0001E7CB,103,nearby,f0t0_a0_hlw1g_h_001,interesting
5,family_window,40,Gridania,All Saints/Halloween city decor,hlw1e,time_bg_hlw1e,fst_f0_twn01,124772,0x0001E764,124895,0x0001E7DF,123,other_sgrp,sgrp_f0t0_a0_hlw1h_h,scheduler_group
5,family_window,41,Gridania,All Saints/Halloween city decor,hlw1e,time_bg_hlw1e,fst_f0_twn01,124772,0x0001E764,124916,0x0001E7F4,144,nearby,f0t0_a0_hlw1h_h_001,interesting
5,family_window,42,Gridania,All Saints/Halloween city decor,hlw1e,time_bg_hlw1e,fst_f0_twn01,124772,0x0001E764,124936,0x0001E808,164,other_sgrp,sgrp_f0t0_a0_hlw1i_h,scheduler_group
5,family_window,43,Gridania,All Saints/Halloween city decor,hlw1e,time_bg_hlw1e,fst_f0_twn01,124772,0x0001E764,124957,0x0001E81D,185,nearby,f0t0_a0_hlw1i_h_001,interesting
5,family_window,44,Gridania,All Saints/Halloween city decor,hlw1e,time_bg_hlw1e,fst_f0_twn01,124772,0x0001E764,124977,0x0001E831,205,other_sgrp,sgrp_f0t0_a0_hlw2a_h,scheduler_group
5,family_window,45,Gridania,All Saints/Halloween city decor,hlw1e,time_bg_hlw1e,fst_f0_twn01,124772,0x0001E764,124998,0x0001E846,226,nearby,f0t0_a0_hlw2a_h_001,interesting
5,family_window,46,Gridania,All Saints/Halloween city decor,hlw1e,time_bg_hlw1e,fst_f0_twn01,124772,0x0001E764,125018,0x0001E85A,246,other_sgrp,sgrp_f0t0_a0_hlw2b_h,scheduler_group
5,family_window,47,Gridania,All Saints/Halloween city decor,hlw1e,time_bg_hlw1e,fst_f0_twn01,124772,0x0001E764,125039,0x0001E86F,267,nearby,f0t0_a0_hlw2b_h_001,interesting
5,family_window,48,Gridania,All Saints/Halloween city decor,hlw1e,time_bg_hlw1e,fst_f0_twn01,124772,0x0001E764,125059,0x0001E883,287,other_isgrp,isgrp_003394,scheduler_group
5,family_window,49,Gridania,All Saints/Halloween city decor,hlw1e,time_bg_hlw1e,fst_f0_twn01,124772,0x0001E764,125072,0x0001E890,300,other_isgrp,isgrp_003395,scheduler_group
5,family_window,50,Gridania,All Saints/Halloween city decor,hlw1e,time_bg_hlw1e,fst_f0_twn01,124772,0x0001E764,125085,0x0001E89D,313,other_isgrp,isgrp_003396,scheduler_group
5,family_window,51,Gridania,All Saints/Halloween city decor,hlw1e,time_bg_hlw1e,fst_f0_twn01,124772,0x0001E764,125098,0x0001E8AA,326,other_isgrp,isgrp_003397,scheduler_group
5,family_window,52,Gridania,All Saints/Halloween city decor,hlw1e,time_bg_hlw1e,fst_f0_twn01,124772,0x0001E764,125111,0x0001E8B7,339,other_isgrp,isgrp_003398,scheduler_group
5,family_window,53,Gridania,All Saints/Halloween city decor,hlw1e,time_bg_hlw1e,fst_f0_twn01,124772,0x0001E764,125124,0x0001E8C4,352,other_isgrp,isgrp_003399,scheduler_group
5,family_window,54,Gridania,All Saints/Halloween city decor,hlw1e,time_bg_hlw1e,fst_f0_twn01,124772,0x0001E764,125137,0x0001E8D1,365,other_isgrp,isgrp_003400,scheduler_group
5,family_window,55,Gridania,All Saints/Halloween city decor,hlw1e,time_bg_hlw1e,fst_f0_twn01,124772,0x0001E764,125150,0x0001E8DE,378,other_isgrp,isgrp_003401,scheduler_group
5,family_window,56,Gridania,All Saints/Halloween city decor,hlw1e,time_bg_hlw1e,fst_f0_twn01,124772,0x0001E764,125163,0x0001E8EB,391,other_isgrp,isgrp_003402,scheduler_group
5,family_window,57,Gridania,All Saints/Halloween city decor,hlw1e,time_bg_hlw1e,fst_f0_twn01,124772,0x0001E764,125176,0x0001E8F8,404,other_isgrp,isgrp_003403,scheduler_group
5,family_window,58,Gridania,All Saints/Halloween city decor,hlw1e,time_bg_hlw1e,fst_f0_twn01,124772,0x0001E764,125189,0x0001E905,417,other_isgrp,isgrp_003404,scheduler_group
5,family_window,59,Gridania,All Saints/Halloween city decor,hlw1e,time_bg_hlw1e,fst_f0_twn01,124772,0x0001E764,125202,0x0001E912,430,other_isgrp,isgrp_003405,scheduler_group
5,family_window,60,Gridania,All Saints/Halloween city decor,hlw1e,time_bg_hlw1e,fst_f0_twn01,124772,0x0001E764,125215,0x0001E91F,443,other_isgrp,isgrp_003406,scheduler_group
5,family_window,61,Gridania,All Saints/Halloween city decor,hlw1e,time_bg_hlw1e,fst_f0_twn01,124772,0x0001E764,125228,0x0001E92C,456,other_isgrp,isgrp_003407,scheduler_group
5,family_window,62,Gridania,All Saints/Halloween city decor,hlw1e,time_bg_hlw1e,fst_f0_twn01,124772,0x0001E764,125241,0x0001E939,469,other_isgrp,isgrp_003408,scheduler_group
5,family_window,63,Gridania,All Saints/Halloween city decor,hlw1e,time_bg_hlw1e,fst_f0_twn01,124772,0x0001E764,125254,0x0001E946,482,other_isgrp,isgrp_003409,scheduler_group
5,family_window,64,Gridania,All Saints/Halloween city decor,hlw1e,time_bg_hlw1e,fst_f0_twn01,124772,0x0001E764,125267,0x0001E953,495,other_isgrp,isgrp_003410,scheduler_group
5,family_window,65,Gridania,All Saints/Halloween city decor,hlw1e,time_bg_hlw1e,fst_f0_twn01,124772,0x0001E764,125280,0x0001E960,508,other_isgrp,isgrp_003411,scheduler_group
5,family_window,66,Gridania,All Saints/Halloween city decor,hlw1e,time_bg_hlw1e,fst_f0_twn01,124772,0x0001E764,125293,0x0001E96D,521,other_isgrp,isgrp_003412,scheduler_group
5,family_window,67,Gridania,All Saints/Halloween city decor,hlw1e,time_bg_hlw1e,fst_f0_twn01,124772,0x0001E764,125306,0x0001E97A,534,other_isgrp,isgrp_003413,scheduler_group
5,family_window,68,Gridania,All Saints/Halloween city decor,hlw1e,time_bg_hlw1e,fst_f0_twn01,124772,0x0001E764,125319,0x0001E987,547,other_isgrp,isgrp_003414,scheduler_group
5,family_window,69,Gridania,All Saints/Halloween city decor,hlw1e,time_bg_hlw1e,fst_f0_twn01,124772,0x0001E764,125332,0x0001E994,560,other_isgrp,isgrp_003415,scheduler_group
5,family_window,70,Gridania,All Saints/Halloween city decor,hlw1e,time_bg_hlw1e,fst_f0_twn01,124772,0x0001E764,125345,0x0001E9A1,573,other_isgrp,isgrp_003416,scheduler_group
5,family_window,71,Gridania,All Saints/Halloween city decor,hlw1e,time_bg_hlw1e,fst_f0_twn01,124772,0x0001E764,125358,0x0001E9AE,586,other_isgrp,isgrp_003417,scheduler_group
5,family_window,72,Gridania,All Saints/Halloween city decor,hlw1e,time_bg_hlw1e,fst_f0_twn01,124772,0x0001E764,125371,0x0001E9BB,599,other_isgrp,isgrp_003418,scheduler_group
5,family_window,73,Gridania,All Saints/Halloween city decor,hlw1e,time_bg_hlw1e,fst_f0_twn01,124772,0x0001E764,125384,0x0001E9C8,612,other_isgrp,isgrp_003419,scheduler_group
5,family_window,74,Gridania,All Saints/Halloween city decor,hlw1e,time_bg_hlw1e,fst_f0_twn01,124772,0x0001E764,125397,0x0001E9D5,625,other_isgrp,isgrp_003420,scheduler_group
5,family_window,75,Gridania,All Saints/Halloween city decor,hlw1e,time_bg_hlw1e,fst_f0_twn01,124772,0x0001E764,125410,0x0001E9E2,638,other_isgrp,isgrp_003421,scheduler_group
5,family_window,76,Gridania,All Saints/Halloween city decor,hlw1e,time_bg_hlw1e,fst_f0_twn01,124772,0x0001E764,125423,0x0001E9EF,651,other_isgrp,isgrp_003422,scheduler_group
5,family_window,77,Gridania,All Saints/Halloween city decor,hlw1e,time_bg_hlw1e,fst_f0_twn01,124772,0x0001E764,125436,0x0001E9FC,664,other_isgrp,isgrp_003423,scheduler_group
5,family_window,78,Gridania,All Saints/Halloween city decor,hlw1e,time_bg_hlw1e,fst_f0_twn01,124772,0x0001E764,125449,0x0001EA09,677,other_isgrp,isgrp_003424,scheduler_group
5,family_window,79,Gridania,All Saints/Halloween city decor,hlw1e,time_bg_hlw1e,fst_f0_twn01,124772,0x0001E764,125462,0x0001EA16,690,other_isgrp,isgrp_003425,scheduler_group
5,family_window,80,Gridania,All Saints/Halloween city decor,hlw1e,time_bg_hlw1e,fst_f0_twn01,124772,0x0001E764,125475,0x0001EA23,703,other_isgrp,isgrp_003426,scheduler_group
5,family_window,81,Gridania,All Saints/Halloween city decor,hlw1e,time_bg_hlw1e,fst_f0_twn01,124772,0x0001E764,125488,0x0001EA30,716,other_isgrp,isgrp_003427,scheduler_group
5,family_window,82,Gridania,All Saints/Halloween city decor,hlw1e,time_bg_hlw1e,fst_f0_twn01,124772,0x0001E764,125501,0x0001EA3D,729,other_isgrp,isgrp_003428,scheduler_group
5,family_window,83,Gridania,All Saints/Halloween city decor,hlw1e,time_bg_hlw1e,fst_f0_twn01,124772,0x0001E764,125514,0x0001EA4A,742,other_isgrp,isgrp_003429,scheduler_group
5,family_window,84,Gridania,All Saints/Halloween city decor,hlw1e,time_bg_hlw1e,fst_f0_twn01,124772,0x0001E764,125527,0x0001EA57,755,other_isgrp,isgrp_003430,scheduler_group
5,family_window,85,Gridania,All Saints/Halloween city decor,hlw1e,time_bg_hlw1e,fst_f0_twn01,124772,0x0001E764,125540,0x0001EA64,768,other_isgrp,isgrp_003431,scheduler_group
5,owner_window,1,Gridania,All Saints/Halloween city decor,hlw1e,time_bg_hlw1e,fst_f0_twn01,122804,0x0001DFB4,122038,0x0001DCB6,-766,nearby,Bk_isgrp_0239-001,interesting
5,owner_window,2,Gridania,All Saints/Halloween city decor,hlw1e,time_bg_hlw1e,fst_f0_twn01,122804,0x0001DFB4,122056,0x0001DCC8,-748,other_isgrp,isgrp_003288,scheduler_group
5,owner_window,3,Gridania,All Saints/Halloween city decor,hlw1e,time_bg_hlw1e,fst_f0_twn01,122804,0x0001DFB4,122069,0x0001DCD5,-735,other_isgrp,isgrp_000020,scheduler_group
5,owner_window,4,Gridania,All Saints/Halloween city decor,hlw1e,time_bg_hlw1e,fst_f0_twn01,122804,0x0001DFB4,122082,0x0001DCE2,-722,other_sgrp,sgrp_f0t0_b0_caf00i_h,scheduler_group
5,owner_window,5,Gridania,All Saints/Halloween city decor,hlw1e,time_bg_hlw1e,fst_f0_twn01,122804,0x0001DFB4,122177,0x0001DD41,-627,other_sgrp,sgrp_f0t0_b0_caf00ia_h,scheduler_group
5,owner_window,6,Gridania,All Saints/Halloween city decor,hlw1e,time_bg_hlw1e,fst_f0_twn01,122804,0x0001DFB4,122262,0x0001DD96,-542,other_sgrp,sgrp_bg_airport,scheduler_group
5,owner_window,7,Gridania,All Saints/Halloween city decor,hlw1e,time_bg_hlw1e,fst_f0_twn01,122804,0x0001DFB4,122278,0x0001DDA6,-526,other_sgrp,sgrp_air1,scheduler_group
5,owner_window,8,Gridania,All Saints/Halloween city decor,hlw1e,time_bg_hlw1e,fst_f0_twn01,122804,0x0001DFB4,122424,0x0001DE38,-380,nearby,vfx_hktlmp1_058,vfx_or_scene_def
5,owner_window,9,Gridania,All Saints/Halloween city decor,hlw1e,time_bg_hlw1e,fst_f0_twn01,122804,0x0001DFB4,122440,0x0001DE48,-364,nearby,vfx_hktlmp1nq,vfx_or_scene_def
5,owner_window,10,Gridania,All Saints/Halloween city decor,hlw1e,time_bg_hlw1e,fst_f0_twn01,122804,0x0001DFB4,122518,0x0001DE96,-286,nearby,vfx_hktlmp2_059,vfx_or_scene_def
5,owner_window,11,Gridania,All Saints/Halloween city decor,hlw1e,time_bg_hlw1e,fst_f0_twn01,122804,0x0001DFB4,122534,0x0001DEA6,-270,nearby,vfx_hktlmp2nq,vfx_or_scene_def
5,owner_window,12,Gridania,All Saints/Halloween city decor,hlw1e,time_bg_hlw1e,fst_f0_twn01,122804,0x0001DFB4,122576,0x0001DED0,-228,other_sgrp,sgrp_air2,scheduler_group
5,owner_window,13,Gridania,All Saints/Halloween city decor,hlw1e,time_bg_hlw1e,fst_f0_twn01,122804,0x0001DFB4,122687,0x0001DF3F,-117,nearby,vfx_hktlmp3_060,vfx_or_scene_def
5,owner_window,14,Gridania,All Saints/Halloween city decor,hlw1e,time_bg_hlw1e,fst_f0_twn01,122804,0x0001DFB4,122703,0x0001DF4F,-101,nearby,vfx_hktlmp3nq,vfx_or_scene_def
5,owner_window,15,Gridania,All Saints/Halloween city decor,hlw1e,time_bg_hlw1e,fst_f0_twn01,122804,0x0001DFB4,122804,0x0001DFB4,0,owner_isgrp,isgrp_003294,scheduler_group
5,owner_window,16,Gridania,All Saints/Halloween city decor,hlw1e,time_bg_hlw1e,fst_f0_twn01,122804,0x0001DFB4,122817,0x0001DFC1,13,center_neighbor,Bk_isgrp_0160-003,interesting
5,owner_window,17,Gridania,All Saints/Halloween city decor,hlw1e,time_bg_hlw1e,fst_f0_twn01,122804,0x0001DFB4,122835,0x0001DFD3,31,center_neighbor,Bk_isgrp_0160-004,interesting
5,owner_window,18,Gridania,All Saints/Halloween city decor,hlw1e,time_bg_hlw1e,fst_f0_twn01,122804,0x0001DFB4,122853,0x0001DFE5,49,nearby,Bk_isgrp_0160-005,interesting
5,owner_window,19,Gridania,All Saints/Halloween city decor,hlw1e,time_bg_hlw1e,fst_f0_twn01,122804,0x0001DFB4,122871,0x0001DFF7,67,nearby,Bk_isgrp_0160-006,interesting
5,owner_window,20,Gridania,All Saints/Halloween city decor,hlw1e,time_bg_hlw1e,fst_f0_twn01,122804,0x0001DFB4,122889,0x0001E009,85,nearby,Bk_isgrp_0160-007,interesting
5,owner_window,21,Gridania,All Saints/Halloween city decor,hlw1e,time_bg_hlw1e,fst_f0_twn01,122804,0x0001DFB4,122907,0x0001E01B,103,nearby,Bk_isgrp_0160-008,interesting
5,owner_window,22,Gridania,All Saints/Halloween city decor,hlw1e,time_bg_hlw1e,fst_f0_twn01,122804,0x0001DFB4,122925,0x0001E02D,121,nearby,Bk_isgrp_0160-009,interesting
5,owner_window,23,Gridania,All Saints/Halloween city decor,hlw1e,time_bg_hlw1e,fst_f0_twn01,122804,0x0001DFB4,122943,0x0001E03F,139,other_sgrp,sgrp_bg_coll_a1,scheduler_group
5,owner_window,24,Gridania,All Saints/Halloween city decor,hlw1e,time_bg_hlw1e,fst_f0_twn01,122804,0x0001DFB4,122974,0x0001E05E,170,other_isgrp,isgrp_003296,scheduler_group
5,owner_window,25,Gridania,All Saints/Halloween city decor,hlw1e,time_bg_hlw1e,fst_f0_twn01,122804,0x0001DFB4,122987,0x0001E06B,183,other_isgrp,isgrp_003297,scheduler_group
5,owner_window,26,Gridania,All Saints/Halloween city decor,hlw1e,time_bg_hlw1e,fst_f0_twn01,122804,0x0001DFB4,123000,0x0001E078,196,other_isgrp,isgrp_003298,scheduler_group
5,owner_window,27,Gridania,All Saints/Halloween city decor,hlw1e,time_bg_hlw1e,fst_f0_twn01,122804,0x0001DFB4,123013,0x0001E085,209,other_isgrp,isgrp_003299,scheduler_group
5,owner_window,28,Gridania,All Saints/Halloween city decor,hlw1e,time_bg_hlw1e,fst_f0_twn01,122804,0x0001DFB4,123026,0x0001E092,222,other_isgrp,isgrp_003300,scheduler_group
5,owner_window,29,Gridania,All Saints/Halloween city decor,hlw1e,time_bg_hlw1e,fst_f0_twn01,122804,0x0001DFB4,123039,0x0001E09F,235,other_isgrp,isgrp_003301,scheduler_group
5,owner_window,30,Gridania,All Saints/Halloween city decor,hlw1e,time_bg_hlw1e,fst_f0_twn01,122804,0x0001DFB4,123052,0x0001E0AC,248,other_sgrp,sgrp_f0t0_z0_bukei_h,scheduler_group
5,owner_window,31,Gridania,All Saints/Halloween city decor,hlw1e,time_bg_hlw1e,fst_f0_twn01,122804,0x0001DFB4,123093,0x0001E0D5,289,other_sgrp,sgrp_f0t0_z0_fragi_h,scheduler_group
5,owner_window,32,Gridania,All Saints/Halloween city decor,hlw1e,time_bg_hlw1e,fst_f0_twn01,122804,0x0001DFB4,123134,0x0001E0FE,330,other_sgrp,sgrp_f0t0_z0_kikoi_h,scheduler_group
5,owner_window,33,Gridania,All Saints/Halloween city decor,hlw1e,time_bg_hlw1e,fst_f0_twn01,122804,0x0001DFB4,123175,0x0001E127,371,other_sgrp,sgrp_f0t0_z0_mokui_h,scheduler_group
5,owner_window,34,Gridania,All Saints/Halloween city decor,hlw1e,time_bg_hlw1e,fst_f0_twn01,122804,0x0001DFB4,123216,0x0001E150,412,other_sgrp,sgrp_f0t0_z0_shopi_h,scheduler_group
5,owner_window,35,Gridania,All Saints/Halloween city decor,hlw1e,time_bg_hlw1e,fst_f0_twn01,122804,0x0001DFB4,123257,0x0001E179,453,other_sgrp,sgrp_f0t0_z0_wrk1i_h,scheduler_group
5,owner_window,36,Gridania,All Saints/Halloween city decor,hlw1e,time_bg_hlw1e,fst_f0_twn01,122804,0x0001DFB4,123298,0x0001E1A2,494,other_sgrp,sgrp_f0t0_z0_wrk2i_h,scheduler_group
5,owner_window,37,Gridania,All Saints/Halloween city decor,hlw1e,time_bg_hlw1e,fst_f0_twn01,122804,0x0001DFB4,123339,0x0001E1CB,535,other_sgrp,sgrp_bg_t1_door_e1,scheduler_group
5,owner_window,38,Gridania,All Saints/Halloween city decor,hlw1e,time_bg_hlw1e,fst_f0_twn01,122804,0x0001DFB4,123358,0x0001E1DE,554,other_isgrp,isgrp_003314,scheduler_group
5,owner_window,39,Gridania,All Saints/Halloween city decor,hlw1e,time_bg_hlw1e,fst_f0_twn01,122804,0x0001DFB4,123371,0x0001E1EB,567,other_isgrp,isgrp_000041,scheduler_group
5,owner_window,40,Gridania,All Saints/Halloween city decor,hlw1e,time_bg_hlw1e,fst_f0_twn01,122804,0x0001DFB4,123384,0x0001E1F8,580,other_sgrp,sgrp_0574,scheduler_group
5,owner_window,41,Gridania,All Saints/Halloween city decor,hlw1e,time_bg_hlw1e,fst_f0_twn01,122804,0x0001DFB4,123399,0x0001E207,595,other_sgrp,sgrp_0575,scheduler_group
5,owner_window,42,Gridania,All Saints/Halloween city decor,hlw1e,time_bg_hlw1e,fst_f0_twn01,122804,0x0001DFB4,123414,0x0001E216,610,other_sgrp,sgrp_0576,scheduler_group
5,owner_window,43,Gridania,All Saints/Halloween city decor,hlw1e,time_bg_hlw1e,fst_f0_twn01,122804,0x0001DFB4,123429,0x0001E225,625,other_sgrp,sgrp_0577,scheduler_group
5,owner_window,44,Gridania,All Saints/Halloween city decor,hlw1e,time_bg_hlw1e,fst_f0_twn01,122804,0x0001DFB4,123444,0x0001E234,640,other_isgrp,isgrp_003322,scheduler_group
5,owner_window,45,Gridania,All Saints/Halloween city decor,hlw1e,time_bg_hlw1e,fst_f0_twn01,122804,0x0001DFB4,123457,0x0001E241,653,other_isgrp,isgrp_003324,scheduler_group
5,owner_window,46,Gridania,All Saints/Halloween city decor,hlw1e,time_bg_hlw1e,fst_f0_twn01,122804,0x0001DFB4,123470,0x0001E24E,666,other_sgrp,sgrp_f0t0_a0_gate3_h,scheduler_group
5,owner_window,47,Gridania,All Saints/Halloween city decor,hlw1e,time_bg_hlw1e,fst_f0_twn01,122804,0x0001DFB4,123536,0x0001E290,732,other_sgrp,sgrp_f0t0_a0_gate1_h,scheduler_group
6,family_window,1,Gridania,All Saints/Halloween city decor,hlw1f,time_bg_hlw1f,fst_f0_twn01,124813,0x0001E78D,124065,0x0001E4A1,-748,nearby,f0t0_a0_gatflag1_h_001,flag_or_decor_group
6,family_window,2,Gridania,All Saints/Halloween city decor,hlw1f,time_bg_hlw1f,fst_f0_twn01,124813,0x0001E78D,124088,0x0001E4B8,-725,other_sgrp,sgrp_sgrp_f0t0_a0_gcflag0_h1,scheduler_group
6,family_window,3,Gridania,All Saints/Halloween city decor,hlw1f,time_bg_hlw1f,fst_f0_twn01,124813,0x0001E78D,124117,0x0001E4D5,-696,nearby,f0t0_a0_gcflag0_h_1_001,flag_or_decor_group
6,family_window,4,Gridania,All Saints/Halloween city decor,hlw1f,time_bg_hlw1f,fst_f0_twn01,124813,0x0001E78D,124141,0x0001E4ED,-672,nearby,f0t0_a0_gcflag1_h_1_002,flag_or_decor_group
6,family_window,5,Gridania,All Saints/Halloween city decor,hlw1f,time_bg_hlw1f,fst_f0_twn01,124813,0x0001E78D,124192,0x0001E520,-621,other_isgrp,isgrp_003335,scheduler_group
6,family_window,6,Gridania,All Saints/Halloween city decor,hlw1f,time_bg_hlw1f,fst_f0_twn01,124813,0x0001E78D,124205,0x0001E52D,-608,other_isgrp,isgrp_003336,scheduler_group
6,family_window,7,Gridania,All Saints/Halloween city decor,hlw1f,time_bg_hlw1f,fst_f0_twn01,124813,0x0001E78D,124218,0x0001E53A,-595,other_isgrp,isgrp_003337,scheduler_group
6,family_window,8,Gridania,All Saints/Halloween city decor,hlw1f,time_bg_hlw1f,fst_f0_twn01,124813,0x0001E78D,124231,0x0001E547,-582,other_isgrp,isgrp_003340,scheduler_group
6,family_window,9,Gridania,All Saints/Halloween city decor,hlw1f,time_bg_hlw1f,fst_f0_twn01,124813,0x0001E78D,124244,0x0001E554,-569,other_isgrp,isgrp_003357,scheduler_group
6,family_window,10,Gridania,All Saints/Halloween city decor,hlw1f,time_bg_hlw1f,fst_f0_twn01,124813,0x0001E78D,124257,0x0001E561,-556,nearby,Bk_isgrp_0193-002,interesting
6,family_window,11,Gridania,All Saints/Halloween city decor,hlw1f,time_bg_hlw1f,fst_f0_twn01,124813,0x0001E78D,124275,0x0001E573,-538,other_isgrp,isgrp_003358,scheduler_group
6,family_window,12,Gridania,All Saints/Halloween city decor,hlw1f,time_bg_hlw1f,fst_f0_twn01,124813,0x0001E78D,124288,0x0001E580,-525,other_isgrp,isgrp_003359,scheduler_group
6,family_window,13,Gridania,All Saints/Halloween city decor,hlw1f,time_bg_hlw1f,fst_f0_twn01,124813,0x0001E78D,124301,0x0001E58D,-512,other_isgrp,isgrp_003360,scheduler_group
6,family_window,14,Gridania,All Saints/Halloween city decor,hlw1f,time_bg_hlw1f,fst_f0_twn01,124813,0x0001E78D,124314,0x0001E59A,-499,other_isgrp,isgrp_003361,scheduler_group
6,family_window,15,Gridania,All Saints/Halloween city decor,hlw1f,time_bg_hlw1f,fst_f0_twn01,124813,0x0001E78D,124327,0x0001E5A7,-486,other_isgrp,isgrp_003362,scheduler_group
6,family_window,16,Gridania,All Saints/Halloween city decor,hlw1f,time_bg_hlw1f,fst_f0_twn01,124813,0x0001E78D,124340,0x0001E5B4,-473,other_isgrp,isgrp_003380,scheduler_group
6,family_window,17,Gridania,All Saints/Halloween city decor,hlw1f,time_bg_hlw1f,fst_f0_twn01,124813,0x0001E78D,124353,0x0001E5C1,-460,other_isgrp,isgrp_003381,scheduler_group
6,family_window,18,Gridania,All Saints/Halloween city decor,hlw1f,time_bg_hlw1f,fst_f0_twn01,124813,0x0001E78D,124366,0x0001E5CE,-447,other_isgrp,isgrp_003382,scheduler_group
6,family_window,19,Gridania,All Saints/Halloween city decor,hlw1f,time_bg_hlw1f,fst_f0_twn01,124813,0x0001E78D,124379,0x0001E5DB,-434,other_isgrp,isgrp_003383,scheduler_group
6,family_window,20,Gridania,All Saints/Halloween city decor,hlw1f,time_bg_hlw1f,fst_f0_twn01,124813,0x0001E78D,124392,0x0001E5E8,-421,other_sgrp,sgrp_f0t0_t0_set1_h,scheduler_group
6,family_window,21,Gridania,All Saints/Halloween city decor,hlw1f,time_bg_hlw1f,fst_f0_twn01,124813,0x0001E78D,124511,0x0001E65F,-302,other_isgrp,isgrp_003384,scheduler_group
6,family_window,22,Gridania,All Saints/Halloween city decor,hlw1f,time_bg_hlw1f,fst_f0_twn01,124813,0x0001E78D,124524,0x0001E66C,-289,other_sgrp,sgrp_sip0,scheduler_group
6,family_window,23,Gridania,All Saints/Halloween city decor,hlw1f,time_bg_hlw1f,fst_f0_twn01,124813,0x0001E78D,124573,0x0001E69D,-240,other_sgrp,sgrp_siplamp0,scheduler_group
6,family_window,24,Gridania,All Saints/Halloween city decor,hlw1f,time_bg_hlw1f,fst_f0_twn01,124813,0x0001E78D,124595,0x0001E6B3,-218,other_isgrp,isgrp_003392,scheduler_group
6,family_window,25,Gridania,All Saints/Halloween city decor,hlw1f,time_bg_hlw1f,fst_f0_twn01,124813,0x0001E78D,124608,0x0001E6C0,-205,other_sgrp,sgrp_f0t0_a0_hlw1a_h,scheduler_group
6,family_window,26,Gridania,All Saints/Halloween city decor,hlw1f,time_bg_hlw1f,fst_f0_twn01,124813,0x0001E78D,124629,0x0001E6D5,-184,nearby,f0t0_a0_hlw1a_h_001,interesting
6,family_window,27,Gridania,All Saints/Halloween city decor,hlw1f,time_bg_hlw1f,fst_f0_twn01,124813,0x0001E78D,124649,0x0001E6E9,-164,other_sgrp,sgrp_f0t0_a0_hlw1b_h,scheduler_group
6,family_window,28,Gridania,All Saints/Halloween city decor,hlw1f,time_bg_hlw1f,fst_f0_twn01,124813,0x0001E78D,124670,0x0001E6FE,-143,nearby,f0t0_a0_hlw1b_h_001,interesting
6,family_window,29,Gridania,All Saints/Halloween city decor,hlw1f,time_bg_hlw1f,fst_f0_twn01,124813,0x0001E78D,124690,0x0001E712,-123,other_sgrp,sgrp_f0t0_a0_hlw1c_h,scheduler_group
6,family_window,30,Gridania,All Saints/Halloween city decor,hlw1f,time_bg_hlw1f,fst_f0_twn01,124813,0x0001E78D,124711,0x0001E727,-102,nearby,f0t0_a0_hlw1c_h_001,interesting
6,family_window,31,Gridania,All Saints/Halloween city decor,hlw1f,time_bg_hlw1f,fst_f0_twn01,124813,0x0001E78D,124731,0x0001E73B,-82,other_sgrp,sgrp_f0t0_a0_hlw1d_h,scheduler_group
6,family_window,32,Gridania,All Saints/Halloween city decor,hlw1f,time_bg_hlw1f,fst_f0_twn01,124813,0x0001E78D,124752,0x0001E750,-61,nearby,f0t0_a0_hlw1d_h_001,interesting
6,family_window,33,Gridania,All Saints/Halloween city decor,hlw1f,time_bg_hlw1f,fst_f0_twn01,124813,0x0001E78D,124772,0x0001E764,-41,other_sgrp,sgrp_f0t0_a0_hlw1e_h,scheduler_group
6,family_window,34,Gridania,All Saints/Halloween city decor,hlw1f,time_bg_hlw1f,fst_f0_twn01,124813,0x0001E78D,124793,0x0001E779,-20,center_neighbor,f0t0_a0_hlw1e_h_001,interesting
6,family_window,35,Gridania,All Saints/Halloween city decor,hlw1f,time_bg_hlw1f,fst_f0_twn01,124813,0x0001E78D,124813,0x0001E78D,0,matched_group,sgrp_f0t0_a0_hlw1f_h,scheduler_group
6,family_window,36,Gridania,All Saints/Halloween city decor,hlw1f,time_bg_hlw1f,fst_f0_twn01,124813,0x0001E78D,124834,0x0001E7A2,21,same_family_mesh_or_attr,f0t0_a0_hlw1f_h_001,interesting
6,family_window,37,Gridania,All Saints/Halloween city decor,hlw1f,time_bg_hlw1f,fst_f0_twn01,124813,0x0001E78D,124854,0x0001E7B6,41,other_sgrp,sgrp_f0t0_a0_hlw1g_h,scheduler_group
6,family_window,38,Gridania,All Saints/Halloween city decor,hlw1f,time_bg_hlw1f,fst_f0_twn01,124813,0x0001E78D,124875,0x0001E7CB,62,nearby,f0t0_a0_hlw1g_h_001,interesting
6,family_window,39,Gridania,All Saints/Halloween city decor,hlw1f,time_bg_hlw1f,fst_f0_twn01,124813,0x0001E78D,124895,0x0001E7DF,82,other_sgrp,sgrp_f0t0_a0_hlw1h_h,scheduler_group
6,family_window,40,Gridania,All Saints/Halloween city decor,hlw1f,time_bg_hlw1f,fst_f0_twn01,124813,0x0001E78D,124916,0x0001E7F4,103,nearby,f0t0_a0_hlw1h_h_001,interesting
6,family_window,41,Gridania,All Saints/Halloween city decor,hlw1f,time_bg_hlw1f,fst_f0_twn01,124813,0x0001E78D,124936,0x0001E808,123,other_sgrp,sgrp_f0t0_a0_hlw1i_h,scheduler_group
6,family_window,42,Gridania,All Saints/Halloween city decor,hlw1f,time_bg_hlw1f,fst_f0_twn01,124813,0x0001E78D,124957,0x0001E81D,144,nearby,f0t0_a0_hlw1i_h_001,interesting
6,family_window,43,Gridania,All Saints/Halloween city decor,hlw1f,time_bg_hlw1f,fst_f0_twn01,124813,0x0001E78D,124977,0x0001E831,164,other_sgrp,sgrp_f0t0_a0_hlw2a_h,scheduler_group
6,family_window,44,Gridania,All Saints/Halloween city decor,hlw1f,time_bg_hlw1f,fst_f0_twn01,124813,0x0001E78D,124998,0x0001E846,185,nearby,f0t0_a0_hlw2a_h_001,interesting
6,family_window,45,Gridania,All Saints/Halloween city decor,hlw1f,time_bg_hlw1f,fst_f0_twn01,124813,0x0001E78D,125018,0x0001E85A,205,other_sgrp,sgrp_f0t0_a0_hlw2b_h,scheduler_group
6,family_window,46,Gridania,All Saints/Halloween city decor,hlw1f,time_bg_hlw1f,fst_f0_twn01,124813,0x0001E78D,125039,0x0001E86F,226,nearby,f0t0_a0_hlw2b_h_001,interesting
6,family_window,47,Gridania,All Saints/Halloween city decor,hlw1f,time_bg_hlw1f,fst_f0_twn01,124813,0x0001E78D,125059,0x0001E883,246,other_isgrp,isgrp_003394,scheduler_group
6,family_window,48,Gridania,All Saints/Halloween city decor,hlw1f,time_bg_hlw1f,fst_f0_twn01,124813,0x0001E78D,125072,0x0001E890,259,other_isgrp,isgrp_003395,scheduler_group
6,family_window,49,Gridania,All Saints/Halloween city decor,hlw1f,time_bg_hlw1f,fst_f0_twn01,124813,0x0001E78D,125085,0x0001E89D,272,other_isgrp,isgrp_003396,scheduler_group
6,family_window,50,Gridania,All Saints/Halloween city decor,hlw1f,time_bg_hlw1f,fst_f0_twn01,124813,0x0001E78D,125098,0x0001E8AA,285,other_isgrp,isgrp_003397,scheduler_group
6,family_window,51,Gridania,All Saints/Halloween city decor,hlw1f,time_bg_hlw1f,fst_f0_twn01,124813,0x0001E78D,125111,0x0001E8B7,298,other_isgrp,isgrp_003398,scheduler_group
6,family_window,52,Gridania,All Saints/Halloween city decor,hlw1f,time_bg_hlw1f,fst_f0_twn01,124813,0x0001E78D,125124,0x0001E8C4,311,other_isgrp,isgrp_003399,scheduler_group
6,family_window,53,Gridania,All Saints/Halloween city decor,hlw1f,time_bg_hlw1f,fst_f0_twn01,124813,0x0001E78D,125137,0x0001E8D1,324,other_isgrp,isgrp_003400,scheduler_group
6,family_window,54,Gridania,All Saints/Halloween city decor,hlw1f,time_bg_hlw1f,fst_f0_twn01,124813,0x0001E78D,125150,0x0001E8DE,337,other_isgrp,isgrp_003401,scheduler_group
6,family_window,55,Gridania,All Saints/Halloween city decor,hlw1f,time_bg_hlw1f,fst_f0_twn01,124813,0x0001E78D,125163,0x0001E8EB,350,other_isgrp,isgrp_003402,scheduler_group
6,family_window,56,Gridania,All Saints/Halloween city decor,hlw1f,time_bg_hlw1f,fst_f0_twn01,124813,0x0001E78D,125176,0x0001E8F8,363,other_isgrp,isgrp_003403,scheduler_group
6,family_window,57,Gridania,All Saints/Halloween city decor,hlw1f,time_bg_hlw1f,fst_f0_twn01,124813,0x0001E78D,125189,0x0001E905,376,other_isgrp,isgrp_003404,scheduler_group
6,family_window,58,Gridania,All Saints/Halloween city decor,hlw1f,time_bg_hlw1f,fst_f0_twn01,124813,0x0001E78D,125202,0x0001E912,389,other_isgrp,isgrp_003405,scheduler_group
6,family_window,59,Gridania,All Saints/Halloween city decor,hlw1f,time_bg_hlw1f,fst_f0_twn01,124813,0x0001E78D,125215,0x0001E91F,402,other_isgrp,isgrp_003406,scheduler_group
6,family_window,60,Gridania,All Saints/Halloween city decor,hlw1f,time_bg_hlw1f,fst_f0_twn01,124813,0x0001E78D,125228,0x0001E92C,415,other_isgrp,isgrp_003407,scheduler_group
6,family_window,61,Gridania,All Saints/Halloween city decor,hlw1f,time_bg_hlw1f,fst_f0_twn01,124813,0x0001E78D,125241,0x0001E939,428,other_isgrp,isgrp_003408,scheduler_group
6,family_window,62,Gridania,All Saints/Halloween city decor,hlw1f,time_bg_hlw1f,fst_f0_twn01,124813,0x0001E78D,125254,0x0001E946,441,other_isgrp,isgrp_003409,scheduler_group
6,family_window,63,Gridania,All Saints/Halloween city decor,hlw1f,time_bg_hlw1f,fst_f0_twn01,124813,0x0001E78D,125267,0x0001E953,454,other_isgrp,isgrp_003410,scheduler_group
6,family_window,64,Gridania,All Saints/Halloween city decor,hlw1f,time_bg_hlw1f,fst_f0_twn01,124813,0x0001E78D,125280,0x0001E960,467,other_isgrp,isgrp_003411,scheduler_group
6,family_window,65,Gridania,All Saints/Halloween city decor,hlw1f,time_bg_hlw1f,fst_f0_twn01,124813,0x0001E78D,125293,0x0001E96D,480,other_isgrp,isgrp_003412,scheduler_group
6,family_window,66,Gridania,All Saints/Halloween city decor,hlw1f,time_bg_hlw1f,fst_f0_twn01,124813,0x0001E78D,125306,0x0001E97A,493,other_isgrp,isgrp_003413,scheduler_group
6,family_window,67,Gridania,All Saints/Halloween city decor,hlw1f,time_bg_hlw1f,fst_f0_twn01,124813,0x0001E78D,125319,0x0001E987,506,other_isgrp,isgrp_003414,scheduler_group
6,family_window,68,Gridania,All Saints/Halloween city decor,hlw1f,time_bg_hlw1f,fst_f0_twn01,124813,0x0001E78D,125332,0x0001E994,519,other_isgrp,isgrp_003415,scheduler_group
6,family_window,69,Gridania,All Saints/Halloween city decor,hlw1f,time_bg_hlw1f,fst_f0_twn01,124813,0x0001E78D,125345,0x0001E9A1,532,other_isgrp,isgrp_003416,scheduler_group
6,family_window,70,Gridania,All Saints/Halloween city decor,hlw1f,time_bg_hlw1f,fst_f0_twn01,124813,0x0001E78D,125358,0x0001E9AE,545,other_isgrp,isgrp_003417,scheduler_group
6,family_window,71,Gridania,All Saints/Halloween city decor,hlw1f,time_bg_hlw1f,fst_f0_twn01,124813,0x0001E78D,125371,0x0001E9BB,558,other_isgrp,isgrp_003418,scheduler_group
6,family_window,72,Gridania,All Saints/Halloween city decor,hlw1f,time_bg_hlw1f,fst_f0_twn01,124813,0x0001E78D,125384,0x0001E9C8,571,other_isgrp,isgrp_003419,scheduler_group
6,family_window,73,Gridania,All Saints/Halloween city decor,hlw1f,time_bg_hlw1f,fst_f0_twn01,124813,0x0001E78D,125397,0x0001E9D5,584,other_isgrp,isgrp_003420,scheduler_group
6,family_window,74,Gridania,All Saints/Halloween city decor,hlw1f,time_bg_hlw1f,fst_f0_twn01,124813,0x0001E78D,125410,0x0001E9E2,597,other_isgrp,isgrp_003421,scheduler_group
6,family_window,75,Gridania,All Saints/Halloween city decor,hlw1f,time_bg_hlw1f,fst_f0_twn01,124813,0x0001E78D,125423,0x0001E9EF,610,other_isgrp,isgrp_003422,scheduler_group
6,family_window,76,Gridania,All Saints/Halloween city decor,hlw1f,time_bg_hlw1f,fst_f0_twn01,124813,0x0001E78D,125436,0x0001E9FC,623,other_isgrp,isgrp_003423,scheduler_group
6,family_window,77,Gridania,All Saints/Halloween city decor,hlw1f,time_bg_hlw1f,fst_f0_twn01,124813,0x0001E78D,125449,0x0001EA09,636,other_isgrp,isgrp_003424,scheduler_group
6,family_window,78,Gridania,All Saints/Halloween city decor,hlw1f,time_bg_hlw1f,fst_f0_twn01,124813,0x0001E78D,125462,0x0001EA16,649,other_isgrp,isgrp_003425,scheduler_group
6,family_window,79,Gridania,All Saints/Halloween city decor,hlw1f,time_bg_hlw1f,fst_f0_twn01,124813,0x0001E78D,125475,0x0001EA23,662,other_isgrp,isgrp_003426,scheduler_group
6,family_window,80,Gridania,All Saints/Halloween city decor,hlw1f,time_bg_hlw1f,fst_f0_twn01,124813,0x0001E78D,125488,0x0001EA30,675,other_isgrp,isgrp_003427,scheduler_group
6,family_window,81,Gridania,All Saints/Halloween city decor,hlw1f,time_bg_hlw1f,fst_f0_twn01,124813,0x0001E78D,125501,0x0001EA3D,688,other_isgrp,isgrp_003428,scheduler_group
6,family_window,82,Gridania,All Saints/Halloween city decor,hlw1f,time_bg_hlw1f,fst_f0_twn01,124813,0x0001E78D,125514,0x0001EA4A,701,other_isgrp,isgrp_003429,scheduler_group
6,family_window,83,Gridania,All Saints/Halloween city decor,hlw1f,time_bg_hlw1f,fst_f0_twn01,124813,0x0001E78D,125527,0x0001EA57,714,other_isgrp,isgrp_003430,scheduler_group
6,family_window,84,Gridania,All Saints/Halloween city decor,hlw1f,time_bg_hlw1f,fst_f0_twn01,124813,0x0001E78D,125540,0x0001EA64,727,other_isgrp,isgrp_003431,scheduler_group
6,family_window,85,Gridania,All Saints/Halloween city decor,hlw1f,time_bg_hlw1f,fst_f0_twn01,124813,0x0001E78D,125553,0x0001EA71,740,other_isgrp,isgrp_003432,scheduler_group
6,family_window,86,Gridania,All Saints/Halloween city decor,hlw1f,time_bg_hlw1f,fst_f0_twn01,124813,0x0001E78D,125566,0x0001EA7E,753,other_isgrp,isgrp_003433,scheduler_group
6,family_window,87,Gridania,All Saints/Halloween city decor,hlw1f,time_bg_hlw1f,fst_f0_twn01,124813,0x0001E78D,125579,0x0001EA8B,766,other_isgrp,isgrp_003434,scheduler_group
6,owner_window,1,Gridania,All Saints/Halloween city decor,hlw1f,time_bg_hlw1f,fst_f0_twn01,122804,0x0001DFB4,122038,0x0001DCB6,-766,nearby,Bk_isgrp_0239-001,interesting
6,owner_window,2,Gridania,All Saints/Halloween city decor,hlw1f,time_bg_hlw1f,fst_f0_twn01,122804,0x0001DFB4,122056,0x0001DCC8,-748,other_isgrp,isgrp_003288,scheduler_group
6,owner_window,3,Gridania,All Saints/Halloween city decor,hlw1f,time_bg_hlw1f,fst_f0_twn01,122804,0x0001DFB4,122069,0x0001DCD5,-735,other_isgrp,isgrp_000020,scheduler_group
6,owner_window,4,Gridania,All Saints/Halloween city decor,hlw1f,time_bg_hlw1f,fst_f0_twn01,122804,0x0001DFB4,122082,0x0001DCE2,-722,other_sgrp,sgrp_f0t0_b0_caf00i_h,scheduler_group
6,owner_window,5,Gridania,All Saints/Halloween city decor,hlw1f,time_bg_hlw1f,fst_f0_twn01,122804,0x0001DFB4,122177,0x0001DD41,-627,other_sgrp,sgrp_f0t0_b0_caf00ia_h,scheduler_group
6,owner_window,6,Gridania,All Saints/Halloween city decor,hlw1f,time_bg_hlw1f,fst_f0_twn01,122804,0x0001DFB4,122262,0x0001DD96,-542,other_sgrp,sgrp_bg_airport,scheduler_group
6,owner_window,7,Gridania,All Saints/Halloween city decor,hlw1f,time_bg_hlw1f,fst_f0_twn01,122804,0x0001DFB4,122278,0x0001DDA6,-526,other_sgrp,sgrp_air1,scheduler_group
6,owner_window,8,Gridania,All Saints/Halloween city decor,hlw1f,time_bg_hlw1f,fst_f0_twn01,122804,0x0001DFB4,122424,0x0001DE38,-380,nearby,vfx_hktlmp1_058,vfx_or_scene_def
6,owner_window,9,Gridania,All Saints/Halloween city decor,hlw1f,time_bg_hlw1f,fst_f0_twn01,122804,0x0001DFB4,122440,0x0001DE48,-364,nearby,vfx_hktlmp1nq,vfx_or_scene_def
6,owner_window,10,Gridania,All Saints/Halloween city decor,hlw1f,time_bg_hlw1f,fst_f0_twn01,122804,0x0001DFB4,122518,0x0001DE96,-286,nearby,vfx_hktlmp2_059,vfx_or_scene_def
6,owner_window,11,Gridania,All Saints/Halloween city decor,hlw1f,time_bg_hlw1f,fst_f0_twn01,122804,0x0001DFB4,122534,0x0001DEA6,-270,nearby,vfx_hktlmp2nq,vfx_or_scene_def
6,owner_window,12,Gridania,All Saints/Halloween city decor,hlw1f,time_bg_hlw1f,fst_f0_twn01,122804,0x0001DFB4,122576,0x0001DED0,-228,other_sgrp,sgrp_air2,scheduler_group
6,owner_window,13,Gridania,All Saints/Halloween city decor,hlw1f,time_bg_hlw1f,fst_f0_twn01,122804,0x0001DFB4,122687,0x0001DF3F,-117,nearby,vfx_hktlmp3_060,vfx_or_scene_def
6,owner_window,14,Gridania,All Saints/Halloween city decor,hlw1f,time_bg_hlw1f,fst_f0_twn01,122804,0x0001DFB4,122703,0x0001DF4F,-101,nearby,vfx_hktlmp3nq,vfx_or_scene_def
6,owner_window,15,Gridania,All Saints/Halloween city decor,hlw1f,time_bg_hlw1f,fst_f0_twn01,122804,0x0001DFB4,122804,0x0001DFB4,0,owner_isgrp,isgrp_003294,scheduler_group
6,owner_window,16,Gridania,All Saints/Halloween city decor,hlw1f,time_bg_hlw1f,fst_f0_twn01,122804,0x0001DFB4,122817,0x0001DFC1,13,center_neighbor,Bk_isgrp_0160-003,interesting
6,owner_window,17,Gridania,All Saints/Halloween city decor,hlw1f,time_bg_hlw1f,fst_f0_twn01,122804,0x0001DFB4,122835,0x0001DFD3,31,center_neighbor,Bk_isgrp_0160-004,interesting
6,owner_window,18,Gridania,All Saints/Halloween city decor,hlw1f,time_bg_hlw1f,fst_f0_twn01,122804,0x0001DFB4,122853,0x0001DFE5,49,nearby,Bk_isgrp_0160-005,interesting
6,owner_window,19,Gridania,All Saints/Halloween city decor,hlw1f,time_bg_hlw1f,fst_f0_twn01,122804,0x0001DFB4,122871,0x0001DFF7,67,nearby,Bk_isgrp_0160-006,interesting
6,owner_window,20,Gridania,All Saints/Halloween city decor,hlw1f,time_bg_hlw1f,fst_f0_twn01,122804,0x0001DFB4,122889,0x0001E009,85,nearby,Bk_isgrp_0160-007,interesting
6,owner_window,21,Gridania,All Saints/Halloween city decor,hlw1f,time_bg_hlw1f,fst_f0_twn01,122804,0x0001DFB4,122907,0x0001E01B,103,nearby,Bk_isgrp_0160-008,interesting
6,owner_window,22,Gridania,All Saints/Halloween city decor,hlw1f,time_bg_hlw1f,fst_f0_twn01,122804,0x0001DFB4,122925,0x0001E02D,121,nearby,Bk_isgrp_0160-009,interesting
6,owner_window,23,Gridania,All Saints/Halloween city decor,hlw1f,time_bg_hlw1f,fst_f0_twn01,122804,0x0001DFB4,122943,0x0001E03F,139,other_sgrp,sgrp_bg_coll_a1,scheduler_group
6,owner_window,24,Gridania,All Saints/Halloween city decor,hlw1f,time_bg_hlw1f,fst_f0_twn01,122804,0x0001DFB4,122974,0x0001E05E,170,other_isgrp,isgrp_003296,scheduler_group
6,owner_window,25,Gridania,All Saints/Halloween city decor,hlw1f,time_bg_hlw1f,fst_f0_twn01,122804,0x0001DFB4,122987,0x0001E06B,183,other_isgrp,isgrp_003297,scheduler_group
6,owner_window,26,Gridania,All Saints/Halloween city decor,hlw1f,time_bg_hlw1f,fst_f0_twn01,122804,0x0001DFB4,123000,0x0001E078,196,other_isgrp,isgrp_003298,scheduler_group
6,owner_window,27,Gridania,All Saints/Halloween city decor,hlw1f,time_bg_hlw1f,fst_f0_twn01,122804,0x0001DFB4,123013,0x0001E085,209,other_isgrp,isgrp_003299,scheduler_group
6,owner_window,28,Gridania,All Saints/Halloween city decor,hlw1f,time_bg_hlw1f,fst_f0_twn01,122804,0x0001DFB4,123026,0x0001E092,222,other_isgrp,isgrp_003300,scheduler_group
6,owner_window,29,Gridania,All Saints/Halloween city decor,hlw1f,time_bg_hlw1f,fst_f0_twn01,122804,0x0001DFB4,123039,0x0001E09F,235,other_isgrp,isgrp_003301,scheduler_group
6,owner_window,30,Gridania,All Saints/Halloween city decor,hlw1f,time_bg_hlw1f,fst_f0_twn01,122804,0x0001DFB4,123052,0x0001E0AC,248,other_sgrp,sgrp_f0t0_z0_bukei_h,scheduler_group
6,owner_window,31,Gridania,All Saints/Halloween city decor,hlw1f,time_bg_hlw1f,fst_f0_twn01,122804,0x0001DFB4,123093,0x0001E0D5,289,other_sgrp,sgrp_f0t0_z0_fragi_h,scheduler_group
6,owner_window,32,Gridania,All Saints/Halloween city decor,hlw1f,time_bg_hlw1f,fst_f0_twn01,122804,0x0001DFB4,123134,0x0001E0FE,330,other_sgrp,sgrp_f0t0_z0_kikoi_h,scheduler_group
6,owner_window,33,Gridania,All Saints/Halloween city decor,hlw1f,time_bg_hlw1f,fst_f0_twn01,122804,0x0001DFB4,123175,0x0001E127,371,other_sgrp,sgrp_f0t0_z0_mokui_h,scheduler_group
6,owner_window,34,Gridania,All Saints/Halloween city decor,hlw1f,time_bg_hlw1f,fst_f0_twn01,122804,0x0001DFB4,123216,0x0001E150,412,other_sgrp,sgrp_f0t0_z0_shopi_h,scheduler_group
6,owner_window,35,Gridania,All Saints/Halloween city decor,hlw1f,time_bg_hlw1f,fst_f0_twn01,122804,0x0001DFB4,123257,0x0001E179,453,other_sgrp,sgrp_f0t0_z0_wrk1i_h,scheduler_group
6,owner_window,36,Gridania,All Saints/Halloween city decor,hlw1f,time_bg_hlw1f,fst_f0_twn01,122804,0x0001DFB4,123298,0x0001E1A2,494,other_sgrp,sgrp_f0t0_z0_wrk2i_h,scheduler_group
6,owner_window,37,Gridania,All Saints/Halloween city decor,hlw1f,time_bg_hlw1f,fst_f0_twn01,122804,0x0001DFB4,123339,0x0001E1CB,535,other_sgrp,sgrp_bg_t1_door_e1,scheduler_group
6,owner_window,38,Gridania,All Saints/Halloween city decor,hlw1f,time_bg_hlw1f,fst_f0_twn01,122804,0x0001DFB4,123358,0x0001E1DE,554,other_isgrp,isgrp_003314,scheduler_group
6,owner_window,39,Gridania,All Saints/Halloween city decor,hlw1f,time_bg_hlw1f,fst_f0_twn01,122804,0x0001DFB4,123371,0x0001E1EB,567,other_isgrp,isgrp_000041,scheduler_group
6,owner_window,40,Gridania,All Saints/Halloween city decor,hlw1f,time_bg_hlw1f,fst_f0_twn01,122804,0x0001DFB4,123384,0x0001E1F8,580,other_sgrp,sgrp_0574,scheduler_group
6,owner_window,41,Gridania,All Saints/Halloween city decor,hlw1f,time_bg_hlw1f,fst_f0_twn01,122804,0x0001DFB4,123399,0x0001E207,595,other_sgrp,sgrp_0575,scheduler_group
6,owner_window,42,Gridania,All Saints/Halloween city decor,hlw1f,time_bg_hlw1f,fst_f0_twn01,122804,0x0001DFB4,123414,0x0001E216,610,other_sgrp,sgrp_0576,scheduler_group
6,owner_window,43,Gridania,All Saints/Halloween city decor,hlw1f,time_bg_hlw1f,fst_f0_twn01,122804,0x0001DFB4,123429,0x0001E225,625,other_sgrp,sgrp_0577,scheduler_group
6,owner_window,44,Gridania,All Saints/Halloween city decor,hlw1f,time_bg_hlw1f,fst_f0_twn01,122804,0x0001DFB4,123444,0x0001E234,640,other_isgrp,isgrp_003322,scheduler_group
6,owner_window,45,Gridania,All Saints/Halloween city decor,hlw1f,time_bg_hlw1f,fst_f0_twn01,122804,0x0001DFB4,123457,0x0001E241,653,other_isgrp,isgrp_003324,scheduler_group
6,owner_window,46,Gridania,All Saints/Halloween city decor,hlw1f,time_bg_hlw1f,fst_f0_twn01,122804,0x0001DFB4,123470,0x0001E24E,666,other_sgrp,sgrp_f0t0_a0_gate3_h,scheduler_group
6,owner_window,47,Gridania,All Saints/Halloween city decor,hlw1f,time_bg_hlw1f,fst_f0_twn01,122804,0x0001DFB4,123536,0x0001E290,732,other_sgrp,sgrp_f0t0_a0_gate1_h,scheduler_group
7,family_window,1,Gridania,All Saints/Halloween city decor,hlw1g,time_bg_hlw1g,fst_f0_twn01,124854,0x0001E7B6,124088,0x0001E4B8,-766,other_sgrp,sgrp_sgrp_f0t0_a0_gcflag0_h1,scheduler_group
7,family_window,2,Gridania,All Saints/Halloween city decor,hlw1g,time_bg_hlw1g,fst_f0_twn01,124854,0x0001E7B6,124117,0x0001E4D5,-737,nearby,f0t0_a0_gcflag0_h_1_001,flag_or_decor_group
7,family_window,3,Gridania,All Saints/Halloween city decor,hlw1g,time_bg_hlw1g,fst_f0_twn01,124854,0x0001E7B6,124141,0x0001E4ED,-713,nearby,f0t0_a0_gcflag1_h_1_002,flag_or_decor_group
7,family_window,4,Gridania,All Saints/Halloween city decor,hlw1g,time_bg_hlw1g,fst_f0_twn01,124854,0x0001E7B6,124192,0x0001E520,-662,other_isgrp,isgrp_003335,scheduler_group
7,family_window,5,Gridania,All Saints/Halloween city decor,hlw1g,time_bg_hlw1g,fst_f0_twn01,124854,0x0001E7B6,124205,0x0001E52D,-649,other_isgrp,isgrp_003336,scheduler_group
7,family_window,6,Gridania,All Saints/Halloween city decor,hlw1g,time_bg_hlw1g,fst_f0_twn01,124854,0x0001E7B6,124218,0x0001E53A,-636,other_isgrp,isgrp_003337,scheduler_group
7,family_window,7,Gridania,All Saints/Halloween city decor,hlw1g,time_bg_hlw1g,fst_f0_twn01,124854,0x0001E7B6,124231,0x0001E547,-623,other_isgrp,isgrp_003340,scheduler_group
7,family_window,8,Gridania,All Saints/Halloween city decor,hlw1g,time_bg_hlw1g,fst_f0_twn01,124854,0x0001E7B6,124244,0x0001E554,-610,other_isgrp,isgrp_003357,scheduler_group
7,family_window,9,Gridania,All Saints/Halloween city decor,hlw1g,time_bg_hlw1g,fst_f0_twn01,124854,0x0001E7B6,124257,0x0001E561,-597,nearby,Bk_isgrp_0193-002,interesting
7,family_window,10,Gridania,All Saints/Halloween city decor,hlw1g,time_bg_hlw1g,fst_f0_twn01,124854,0x0001E7B6,124275,0x0001E573,-579,other_isgrp,isgrp_003358,scheduler_group
7,family_window,11,Gridania,All Saints/Halloween city decor,hlw1g,time_bg_hlw1g,fst_f0_twn01,124854,0x0001E7B6,124288,0x0001E580,-566,other_isgrp,isgrp_003359,scheduler_group
7,family_window,12,Gridania,All Saints/Halloween city decor,hlw1g,time_bg_hlw1g,fst_f0_twn01,124854,0x0001E7B6,124301,0x0001E58D,-553,other_isgrp,isgrp_003360,scheduler_group
7,family_window,13,Gridania,All Saints/Halloween city decor,hlw1g,time_bg_hlw1g,fst_f0_twn01,124854,0x0001E7B6,124314,0x0001E59A,-540,other_isgrp,isgrp_003361,scheduler_group
7,family_window,14,Gridania,All Saints/Halloween city decor,hlw1g,time_bg_hlw1g,fst_f0_twn01,124854,0x0001E7B6,124327,0x0001E5A7,-527,other_isgrp,isgrp_003362,scheduler_group
7,family_window,15,Gridania,All Saints/Halloween city decor,hlw1g,time_bg_hlw1g,fst_f0_twn01,124854,0x0001E7B6,124340,0x0001E5B4,-514,other_isgrp,isgrp_003380,scheduler_group
7,family_window,16,Gridania,All Saints/Halloween city decor,hlw1g,time_bg_hlw1g,fst_f0_twn01,124854,0x0001E7B6,124353,0x0001E5C1,-501,other_isgrp,isgrp_003381,scheduler_group
7,family_window,17,Gridania,All Saints/Halloween city decor,hlw1g,time_bg_hlw1g,fst_f0_twn01,124854,0x0001E7B6,124366,0x0001E5CE,-488,other_isgrp,isgrp_003382,scheduler_group
7,family_window,18,Gridania,All Saints/Halloween city decor,hlw1g,time_bg_hlw1g,fst_f0_twn01,124854,0x0001E7B6,124379,0x0001E5DB,-475,other_isgrp,isgrp_003383,scheduler_group
7,family_window,19,Gridania,All Saints/Halloween city decor,hlw1g,time_bg_hlw1g,fst_f0_twn01,124854,0x0001E7B6,124392,0x0001E5E8,-462,other_sgrp,sgrp_f0t0_t0_set1_h,scheduler_group
7,family_window,20,Gridania,All Saints/Halloween city decor,hlw1g,time_bg_hlw1g,fst_f0_twn01,124854,0x0001E7B6,124511,0x0001E65F,-343,other_isgrp,isgrp_003384,scheduler_group
7,family_window,21,Gridania,All Saints/Halloween city decor,hlw1g,time_bg_hlw1g,fst_f0_twn01,124854,0x0001E7B6,124524,0x0001E66C,-330,other_sgrp,sgrp_sip0,scheduler_group
7,family_window,22,Gridania,All Saints/Halloween city decor,hlw1g,time_bg_hlw1g,fst_f0_twn01,124854,0x0001E7B6,124573,0x0001E69D,-281,other_sgrp,sgrp_siplamp0,scheduler_group
7,family_window,23,Gridania,All Saints/Halloween city decor,hlw1g,time_bg_hlw1g,fst_f0_twn01,124854,0x0001E7B6,124595,0x0001E6B3,-259,other_isgrp,isgrp_003392,scheduler_group
7,family_window,24,Gridania,All Saints/Halloween city decor,hlw1g,time_bg_hlw1g,fst_f0_twn01,124854,0x0001E7B6,124608,0x0001E6C0,-246,other_sgrp,sgrp_f0t0_a0_hlw1a_h,scheduler_group
7,family_window,25,Gridania,All Saints/Halloween city decor,hlw1g,time_bg_hlw1g,fst_f0_twn01,124854,0x0001E7B6,124629,0x0001E6D5,-225,nearby,f0t0_a0_hlw1a_h_001,interesting
7,family_window,26,Gridania,All Saints/Halloween city decor,hlw1g,time_bg_hlw1g,fst_f0_twn01,124854,0x0001E7B6,124649,0x0001E6E9,-205,other_sgrp,sgrp_f0t0_a0_hlw1b_h,scheduler_group
7,family_window,27,Gridania,All Saints/Halloween city decor,hlw1g,time_bg_hlw1g,fst_f0_twn01,124854,0x0001E7B6,124670,0x0001E6FE,-184,nearby,f0t0_a0_hlw1b_h_001,interesting
7,family_window,28,Gridania,All Saints/Halloween city decor,hlw1g,time_bg_hlw1g,fst_f0_twn01,124854,0x0001E7B6,124690,0x0001E712,-164,other_sgrp,sgrp_f0t0_a0_hlw1c_h,scheduler_group
7,family_window,29,Gridania,All Saints/Halloween city decor,hlw1g,time_bg_hlw1g,fst_f0_twn01,124854,0x0001E7B6,124711,0x0001E727,-143,nearby,f0t0_a0_hlw1c_h_001,interesting
7,family_window,30,Gridania,All Saints/Halloween city decor,hlw1g,time_bg_hlw1g,fst_f0_twn01,124854,0x0001E7B6,124731,0x0001E73B,-123,other_sgrp,sgrp_f0t0_a0_hlw1d_h,scheduler_group
7,family_window,31,Gridania,All Saints/Halloween city decor,hlw1g,time_bg_hlw1g,fst_f0_twn01,124854,0x0001E7B6,124752,0x0001E750,-102,nearby,f0t0_a0_hlw1d_h_001,interesting
7,family_window,32,Gridania,All Saints/Halloween city decor,hlw1g,time_bg_hlw1g,fst_f0_twn01,124854,0x0001E7B6,124772,0x0001E764,-82,other_sgrp,sgrp_f0t0_a0_hlw1e_h,scheduler_group
7,family_window,33,Gridania,All Saints/Halloween city decor,hlw1g,time_bg_hlw1g,fst_f0_twn01,124854,0x0001E7B6,124793,0x0001E779,-61,nearby,f0t0_a0_hlw1e_h_001,interesting
7,family_window,34,Gridania,All Saints/Halloween city decor,hlw1g,time_bg_hlw1g,fst_f0_twn01,124854,0x0001E7B6,124813,0x0001E78D,-41,other_sgrp,sgrp_f0t0_a0_hlw1f_h,scheduler_group
7,family_window,35,Gridania,All Saints/Halloween city decor,hlw1g,time_bg_hlw1g,fst_f0_twn01,124854,0x0001E7B6,124834,0x0001E7A2,-20,center_neighbor,f0t0_a0_hlw1f_h_001,interesting
7,family_window,36,Gridania,All Saints/Halloween city decor,hlw1g,time_bg_hlw1g,fst_f0_twn01,124854,0x0001E7B6,124854,0x0001E7B6,0,matched_group,sgrp_f0t0_a0_hlw1g_h,scheduler_group
7,family_window,37,Gridania,All Saints/Halloween city decor,hlw1g,time_bg_hlw1g,fst_f0_twn01,124854,0x0001E7B6,124875,0x0001E7CB,21,same_family_mesh_or_attr,f0t0_a0_hlw1g_h_001,interesting
7,family_window,38,Gridania,All Saints/Halloween city decor,hlw1g,time_bg_hlw1g,fst_f0_twn01,124854,0x0001E7B6,124895,0x0001E7DF,41,other_sgrp,sgrp_f0t0_a0_hlw1h_h,scheduler_group
7,family_window,39,Gridania,All Saints/Halloween city decor,hlw1g,time_bg_hlw1g,fst_f0_twn01,124854,0x0001E7B6,124916,0x0001E7F4,62,nearby,f0t0_a0_hlw1h_h_001,interesting
7,family_window,40,Gridania,All Saints/Halloween city decor,hlw1g,time_bg_hlw1g,fst_f0_twn01,124854,0x0001E7B6,124936,0x0001E808,82,other_sgrp,sgrp_f0t0_a0_hlw1i_h,scheduler_group
7,family_window,41,Gridania,All Saints/Halloween city decor,hlw1g,time_bg_hlw1g,fst_f0_twn01,124854,0x0001E7B6,124957,0x0001E81D,103,nearby,f0t0_a0_hlw1i_h_001,interesting
7,family_window,42,Gridania,All Saints/Halloween city decor,hlw1g,time_bg_hlw1g,fst_f0_twn01,124854,0x0001E7B6,124977,0x0001E831,123,other_sgrp,sgrp_f0t0_a0_hlw2a_h,scheduler_group
7,family_window,43,Gridania,All Saints/Halloween city decor,hlw1g,time_bg_hlw1g,fst_f0_twn01,124854,0x0001E7B6,124998,0x0001E846,144,nearby,f0t0_a0_hlw2a_h_001,interesting
7,family_window,44,Gridania,All Saints/Halloween city decor,hlw1g,time_bg_hlw1g,fst_f0_twn01,124854,0x0001E7B6,125018,0x0001E85A,164,other_sgrp,sgrp_f0t0_a0_hlw2b_h,scheduler_group
7,family_window,45,Gridania,All Saints/Halloween city decor,hlw1g,time_bg_hlw1g,fst_f0_twn01,124854,0x0001E7B6,125039,0x0001E86F,185,nearby,f0t0_a0_hlw2b_h_001,interesting
7,family_window,46,Gridania,All Saints/Halloween city decor,hlw1g,time_bg_hlw1g,fst_f0_twn01,124854,0x0001E7B6,125059,0x0001E883,205,other_isgrp,isgrp_003394,scheduler_group
7,family_window,47,Gridania,All Saints/Halloween city decor,hlw1g,time_bg_hlw1g,fst_f0_twn01,124854,0x0001E7B6,125072,0x0001E890,218,other_isgrp,isgrp_003395,scheduler_group
7,family_window,48,Gridania,All Saints/Halloween city decor,hlw1g,time_bg_hlw1g,fst_f0_twn01,124854,0x0001E7B6,125085,0x0001E89D,231,other_isgrp,isgrp_003396,scheduler_group
7,family_window,49,Gridania,All Saints/Halloween city decor,hlw1g,time_bg_hlw1g,fst_f0_twn01,124854,0x0001E7B6,125098,0x0001E8AA,244,other_isgrp,isgrp_003397,scheduler_group
7,family_window,50,Gridania,All Saints/Halloween city decor,hlw1g,time_bg_hlw1g,fst_f0_twn01,124854,0x0001E7B6,125111,0x0001E8B7,257,other_isgrp,isgrp_003398,scheduler_group
7,family_window,51,Gridania,All Saints/Halloween city decor,hlw1g,time_bg_hlw1g,fst_f0_twn01,124854,0x0001E7B6,125124,0x0001E8C4,270,other_isgrp,isgrp_003399,scheduler_group
7,family_window,52,Gridania,All Saints/Halloween city decor,hlw1g,time_bg_hlw1g,fst_f0_twn01,124854,0x0001E7B6,125137,0x0001E8D1,283,other_isgrp,isgrp_003400,scheduler_group
7,family_window,53,Gridania,All Saints/Halloween city decor,hlw1g,time_bg_hlw1g,fst_f0_twn01,124854,0x0001E7B6,125150,0x0001E8DE,296,other_isgrp,isgrp_003401,scheduler_group
7,family_window,54,Gridania,All Saints/Halloween city decor,hlw1g,time_bg_hlw1g,fst_f0_twn01,124854,0x0001E7B6,125163,0x0001E8EB,309,other_isgrp,isgrp_003402,scheduler_group
7,family_window,55,Gridania,All Saints/Halloween city decor,hlw1g,time_bg_hlw1g,fst_f0_twn01,124854,0x0001E7B6,125176,0x0001E8F8,322,other_isgrp,isgrp_003403,scheduler_group
7,family_window,56,Gridania,All Saints/Halloween city decor,hlw1g,time_bg_hlw1g,fst_f0_twn01,124854,0x0001E7B6,125189,0x0001E905,335,other_isgrp,isgrp_003404,scheduler_group
7,family_window,57,Gridania,All Saints/Halloween city decor,hlw1g,time_bg_hlw1g,fst_f0_twn01,124854,0x0001E7B6,125202,0x0001E912,348,other_isgrp,isgrp_003405,scheduler_group
7,family_window,58,Gridania,All Saints/Halloween city decor,hlw1g,time_bg_hlw1g,fst_f0_twn01,124854,0x0001E7B6,125215,0x0001E91F,361,other_isgrp,isgrp_003406,scheduler_group
7,family_window,59,Gridania,All Saints/Halloween city decor,hlw1g,time_bg_hlw1g,fst_f0_twn01,124854,0x0001E7B6,125228,0x0001E92C,374,other_isgrp,isgrp_003407,scheduler_group
7,family_window,60,Gridania,All Saints/Halloween city decor,hlw1g,time_bg_hlw1g,fst_f0_twn01,124854,0x0001E7B6,125241,0x0001E939,387,other_isgrp,isgrp_003408,scheduler_group
7,family_window,61,Gridania,All Saints/Halloween city decor,hlw1g,time_bg_hlw1g,fst_f0_twn01,124854,0x0001E7B6,125254,0x0001E946,400,other_isgrp,isgrp_003409,scheduler_group
7,family_window,62,Gridania,All Saints/Halloween city decor,hlw1g,time_bg_hlw1g,fst_f0_twn01,124854,0x0001E7B6,125267,0x0001E953,413,other_isgrp,isgrp_003410,scheduler_group
7,family_window,63,Gridania,All Saints/Halloween city decor,hlw1g,time_bg_hlw1g,fst_f0_twn01,124854,0x0001E7B6,125280,0x0001E960,426,other_isgrp,isgrp_003411,scheduler_group
7,family_window,64,Gridania,All Saints/Halloween city decor,hlw1g,time_bg_hlw1g,fst_f0_twn01,124854,0x0001E7B6,125293,0x0001E96D,439,other_isgrp,isgrp_003412,scheduler_group
7,family_window,65,Gridania,All Saints/Halloween city decor,hlw1g,time_bg_hlw1g,fst_f0_twn01,124854,0x0001E7B6,125306,0x0001E97A,452,other_isgrp,isgrp_003413,scheduler_group
7,family_window,66,Gridania,All Saints/Halloween city decor,hlw1g,time_bg_hlw1g,fst_f0_twn01,124854,0x0001E7B6,125319,0x0001E987,465,other_isgrp,isgrp_003414,scheduler_group
7,family_window,67,Gridania,All Saints/Halloween city decor,hlw1g,time_bg_hlw1g,fst_f0_twn01,124854,0x0001E7B6,125332,0x0001E994,478,other_isgrp,isgrp_003415,scheduler_group
7,family_window,68,Gridania,All Saints/Halloween city decor,hlw1g,time_bg_hlw1g,fst_f0_twn01,124854,0x0001E7B6,125345,0x0001E9A1,491,other_isgrp,isgrp_003416,scheduler_group
7,family_window,69,Gridania,All Saints/Halloween city decor,hlw1g,time_bg_hlw1g,fst_f0_twn01,124854,0x0001E7B6,125358,0x0001E9AE,504,other_isgrp,isgrp_003417,scheduler_group
7,family_window,70,Gridania,All Saints/Halloween city decor,hlw1g,time_bg_hlw1g,fst_f0_twn01,124854,0x0001E7B6,125371,0x0001E9BB,517,other_isgrp,isgrp_003418,scheduler_group
7,family_window,71,Gridania,All Saints/Halloween city decor,hlw1g,time_bg_hlw1g,fst_f0_twn01,124854,0x0001E7B6,125384,0x0001E9C8,530,other_isgrp,isgrp_003419,scheduler_group
7,family_window,72,Gridania,All Saints/Halloween city decor,hlw1g,time_bg_hlw1g,fst_f0_twn01,124854,0x0001E7B6,125397,0x0001E9D5,543,other_isgrp,isgrp_003420,scheduler_group
7,family_window,73,Gridania,All Saints/Halloween city decor,hlw1g,time_bg_hlw1g,fst_f0_twn01,124854,0x0001E7B6,125410,0x0001E9E2,556,other_isgrp,isgrp_003421,scheduler_group
7,family_window,74,Gridania,All Saints/Halloween city decor,hlw1g,time_bg_hlw1g,fst_f0_twn01,124854,0x0001E7B6,125423,0x0001E9EF,569,other_isgrp,isgrp_003422,scheduler_group
7,family_window,75,Gridania,All Saints/Halloween city decor,hlw1g,time_bg_hlw1g,fst_f0_twn01,124854,0x0001E7B6,125436,0x0001E9FC,582,other_isgrp,isgrp_003423,scheduler_group
7,family_window,76,Gridania,All Saints/Halloween city decor,hlw1g,time_bg_hlw1g,fst_f0_twn01,124854,0x0001E7B6,125449,0x0001EA09,595,other_isgrp,isgrp_003424,scheduler_group
7,family_window,77,Gridania,All Saints/Halloween city decor,hlw1g,time_bg_hlw1g,fst_f0_twn01,124854,0x0001E7B6,125462,0x0001EA16,608,other_isgrp,isgrp_003425,scheduler_group
7,family_window,78,Gridania,All Saints/Halloween city decor,hlw1g,time_bg_hlw1g,fst_f0_twn01,124854,0x0001E7B6,125475,0x0001EA23,621,other_isgrp,isgrp_003426,scheduler_group
7,family_window,79,Gridania,All Saints/Halloween city decor,hlw1g,time_bg_hlw1g,fst_f0_twn01,124854,0x0001E7B6,125488,0x0001EA30,634,other_isgrp,isgrp_003427,scheduler_group
7,family_window,80,Gridania,All Saints/Halloween city decor,hlw1g,time_bg_hlw1g,fst_f0_twn01,124854,0x0001E7B6,125501,0x0001EA3D,647,other_isgrp,isgrp_003428,scheduler_group
7,family_window,81,Gridania,All Saints/Halloween city decor,hlw1g,time_bg_hlw1g,fst_f0_twn01,124854,0x0001E7B6,125514,0x0001EA4A,660,other_isgrp,isgrp_003429,scheduler_group
7,family_window,82,Gridania,All Saints/Halloween city decor,hlw1g,time_bg_hlw1g,fst_f0_twn01,124854,0x0001E7B6,125527,0x0001EA57,673,other_isgrp,isgrp_003430,scheduler_group
7,family_window,83,Gridania,All Saints/Halloween city decor,hlw1g,time_bg_hlw1g,fst_f0_twn01,124854,0x0001E7B6,125540,0x0001EA64,686,other_isgrp,isgrp_003431,scheduler_group
7,family_window,84,Gridania,All Saints/Halloween city decor,hlw1g,time_bg_hlw1g,fst_f0_twn01,124854,0x0001E7B6,125553,0x0001EA71,699,other_isgrp,isgrp_003432,scheduler_group
7,family_window,85,Gridania,All Saints/Halloween city decor,hlw1g,time_bg_hlw1g,fst_f0_twn01,124854,0x0001E7B6,125566,0x0001EA7E,712,other_isgrp,isgrp_003433,scheduler_group
7,family_window,86,Gridania,All Saints/Halloween city decor,hlw1g,time_bg_hlw1g,fst_f0_twn01,124854,0x0001E7B6,125579,0x0001EA8B,725,other_isgrp,isgrp_003434,scheduler_group
7,family_window,87,Gridania,All Saints/Halloween city decor,hlw1g,time_bg_hlw1g,fst_f0_twn01,124854,0x0001E7B6,125592,0x0001EA98,738,other_isgrp,isgrp_003435,scheduler_group
7,family_window,88,Gridania,All Saints/Halloween city decor,hlw1g,time_bg_hlw1g,fst_f0_twn01,124854,0x0001E7B6,125605,0x0001EAA5,751,other_isgrp,isgrp_003436,scheduler_group
7,family_window,89,Gridania,All Saints/Halloween city decor,hlw1g,time_bg_hlw1g,fst_f0_twn01,124854,0x0001E7B6,125618,0x0001EAB2,764,other_isgrp,isgrp_003437,scheduler_group
7,owner_window,1,Gridania,All Saints/Halloween city decor,hlw1g,time_bg_hlw1g,fst_f0_twn01,122804,0x0001DFB4,122038,0x0001DCB6,-766,nearby,Bk_isgrp_0239-001,interesting
7,owner_window,2,Gridania,All Saints/Halloween city decor,hlw1g,time_bg_hlw1g,fst_f0_twn01,122804,0x0001DFB4,122056,0x0001DCC8,-748,other_isgrp,isgrp_003288,scheduler_group
7,owner_window,3,Gridania,All Saints/Halloween city decor,hlw1g,time_bg_hlw1g,fst_f0_twn01,122804,0x0001DFB4,122069,0x0001DCD5,-735,other_isgrp,isgrp_000020,scheduler_group
7,owner_window,4,Gridania,All Saints/Halloween city decor,hlw1g,time_bg_hlw1g,fst_f0_twn01,122804,0x0001DFB4,122082,0x0001DCE2,-722,other_sgrp,sgrp_f0t0_b0_caf00i_h,scheduler_group
7,owner_window,5,Gridania,All Saints/Halloween city decor,hlw1g,time_bg_hlw1g,fst_f0_twn01,122804,0x0001DFB4,122177,0x0001DD41,-627,other_sgrp,sgrp_f0t0_b0_caf00ia_h,scheduler_group
7,owner_window,6,Gridania,All Saints/Halloween city decor,hlw1g,time_bg_hlw1g,fst_f0_twn01,122804,0x0001DFB4,122262,0x0001DD96,-542,other_sgrp,sgrp_bg_airport,scheduler_group
7,owner_window,7,Gridania,All Saints/Halloween city decor,hlw1g,time_bg_hlw1g,fst_f0_twn01,122804,0x0001DFB4,122278,0x0001DDA6,-526,other_sgrp,sgrp_air1,scheduler_group
7,owner_window,8,Gridania,All Saints/Halloween city decor,hlw1g,time_bg_hlw1g,fst_f0_twn01,122804,0x0001DFB4,122424,0x0001DE38,-380,nearby,vfx_hktlmp1_058,vfx_or_scene_def
7,owner_window,9,Gridania,All Saints/Halloween city decor,hlw1g,time_bg_hlw1g,fst_f0_twn01,122804,0x0001DFB4,122440,0x0001DE48,-364,nearby,vfx_hktlmp1nq,vfx_or_scene_def
7,owner_window,10,Gridania,All Saints/Halloween city decor,hlw1g,time_bg_hlw1g,fst_f0_twn01,122804,0x0001DFB4,122518,0x0001DE96,-286,nearby,vfx_hktlmp2_059,vfx_or_scene_def
7,owner_window,11,Gridania,All Saints/Halloween city decor,hlw1g,time_bg_hlw1g,fst_f0_twn01,122804,0x0001DFB4,122534,0x0001DEA6,-270,nearby,vfx_hktlmp2nq,vfx_or_scene_def
7,owner_window,12,Gridania,All Saints/Halloween city decor,hlw1g,time_bg_hlw1g,fst_f0_twn01,122804,0x0001DFB4,122576,0x0001DED0,-228,other_sgrp,sgrp_air2,scheduler_group
7,owner_window,13,Gridania,All Saints/Halloween city decor,hlw1g,time_bg_hlw1g,fst_f0_twn01,122804,0x0001DFB4,122687,0x0001DF3F,-117,nearby,vfx_hktlmp3_060,vfx_or_scene_def
7,owner_window,14,Gridania,All Saints/Halloween city decor,hlw1g,time_bg_hlw1g,fst_f0_twn01,122804,0x0001DFB4,122703,0x0001DF4F,-101,nearby,vfx_hktlmp3nq,vfx_or_scene_def
7,owner_window,15,Gridania,All Saints/Halloween city decor,hlw1g,time_bg_hlw1g,fst_f0_twn01,122804,0x0001DFB4,122804,0x0001DFB4,0,owner_isgrp,isgrp_003294,scheduler_group
7,owner_window,16,Gridania,All Saints/Halloween city decor,hlw1g,time_bg_hlw1g,fst_f0_twn01,122804,0x0001DFB4,122817,0x0001DFC1,13,center_neighbor,Bk_isgrp_0160-003,interesting
7,owner_window,17,Gridania,All Saints/Halloween city decor,hlw1g,time_bg_hlw1g,fst_f0_twn01,122804,0x0001DFB4,122835,0x0001DFD3,31,center_neighbor,Bk_isgrp_0160-004,interesting
7,owner_window,18,Gridania,All Saints/Halloween city decor,hlw1g,time_bg_hlw1g,fst_f0_twn01,122804,0x0001DFB4,122853,0x0001DFE5,49,nearby,Bk_isgrp_0160-005,interesting
7,owner_window,19,Gridania,All Saints/Halloween city decor,hlw1g,time_bg_hlw1g,fst_f0_twn01,122804,0x0001DFB4,122871,0x0001DFF7,67,nearby,Bk_isgrp_0160-006,interesting
7,owner_window,20,Gridania,All Saints/Halloween city decor,hlw1g,time_bg_hlw1g,fst_f0_twn01,122804,0x0001DFB4,122889,0x0001E009,85,nearby,Bk_isgrp_0160-007,interesting
7,owner_window,21,Gridania,All Saints/Halloween city decor,hlw1g,time_bg_hlw1g,fst_f0_twn01,122804,0x0001DFB4,122907,0x0001E01B,103,nearby,Bk_isgrp_0160-008,interesting
7,owner_window,22,Gridania,All Saints/Halloween city decor,hlw1g,time_bg_hlw1g,fst_f0_twn01,122804,0x0001DFB4,122925,0x0001E02D,121,nearby,Bk_isgrp_0160-009,interesting
7,owner_window,23,Gridania,All Saints/Halloween city decor,hlw1g,time_bg_hlw1g,fst_f0_twn01,122804,0x0001DFB4,122943,0x0001E03F,139,other_sgrp,sgrp_bg_coll_a1,scheduler_group
7,owner_window,24,Gridania,All Saints/Halloween city decor,hlw1g,time_bg_hlw1g,fst_f0_twn01,122804,0x0001DFB4,122974,0x0001E05E,170,other_isgrp,isgrp_003296,scheduler_group
7,owner_window,25,Gridania,All Saints/Halloween city decor,hlw1g,time_bg_hlw1g,fst_f0_twn01,122804,0x0001DFB4,122987,0x0001E06B,183,other_isgrp,isgrp_003297,scheduler_group
7,owner_window,26,Gridania,All Saints/Halloween city decor,hlw1g,time_bg_hlw1g,fst_f0_twn01,122804,0x0001DFB4,123000,0x0001E078,196,other_isgrp,isgrp_003298,scheduler_group
7,owner_window,27,Gridania,All Saints/Halloween city decor,hlw1g,time_bg_hlw1g,fst_f0_twn01,122804,0x0001DFB4,123013,0x0001E085,209,other_isgrp,isgrp_003299,scheduler_group
7,owner_window,28,Gridania,All Saints/Halloween city decor,hlw1g,time_bg_hlw1g,fst_f0_twn01,122804,0x0001DFB4,123026,0x0001E092,222,other_isgrp,isgrp_003300,scheduler_group
7,owner_window,29,Gridania,All Saints/Halloween city decor,hlw1g,time_bg_hlw1g,fst_f0_twn01,122804,0x0001DFB4,123039,0x0001E09F,235,other_isgrp,isgrp_003301,scheduler_group
7,owner_window,30,Gridania,All Saints/Halloween city decor,hlw1g,time_bg_hlw1g,fst_f0_twn01,122804,0x0001DFB4,123052,0x0001E0AC,248,other_sgrp,sgrp_f0t0_z0_bukei_h,scheduler_group
7,owner_window,31,Gridania,All Saints/Halloween city decor,hlw1g,time_bg_hlw1g,fst_f0_twn01,122804,0x0001DFB4,123093,0x0001E0D5,289,other_sgrp,sgrp_f0t0_z0_fragi_h,scheduler_group
7,owner_window,32,Gridania,All Saints/Halloween city decor,hlw1g,time_bg_hlw1g,fst_f0_twn01,122804,0x0001DFB4,123134,0x0001E0FE,330,other_sgrp,sgrp_f0t0_z0_kikoi_h,scheduler_group
7,owner_window,33,Gridania,All Saints/Halloween city decor,hlw1g,time_bg_hlw1g,fst_f0_twn01,122804,0x0001DFB4,123175,0x0001E127,371,other_sgrp,sgrp_f0t0_z0_mokui_h,scheduler_group
7,owner_window,34,Gridania,All Saints/Halloween city decor,hlw1g,time_bg_hlw1g,fst_f0_twn01,122804,0x0001DFB4,123216,0x0001E150,412,other_sgrp,sgrp_f0t0_z0_shopi_h,scheduler_group
7,owner_window,35,Gridania,All Saints/Halloween city decor,hlw1g,time_bg_hlw1g,fst_f0_twn01,122804,0x0001DFB4,123257,0x0001E179,453,other_sgrp,sgrp_f0t0_z0_wrk1i_h,scheduler_group
7,owner_window,36,Gridania,All Saints/Halloween city decor,hlw1g,time_bg_hlw1g,fst_f0_twn01,122804,0x0001DFB4,123298,0x0001E1A2,494,other_sgrp,sgrp_f0t0_z0_wrk2i_h,scheduler_group
7,owner_window,37,Gridania,All Saints/Halloween city decor,hlw1g,time_bg_hlw1g,fst_f0_twn01,122804,0x0001DFB4,123339,0x0001E1CB,535,other_sgrp,sgrp_bg_t1_door_e1,scheduler_group
7,owner_window,38,Gridania,All Saints/Halloween city decor,hlw1g,time_bg_hlw1g,fst_f0_twn01,122804,0x0001DFB4,123358,0x0001E1DE,554,other_isgrp,isgrp_003314,scheduler_group
7,owner_window,39,Gridania,All Saints/Halloween city decor,hlw1g,time_bg_hlw1g,fst_f0_twn01,122804,0x0001DFB4,123371,0x0001E1EB,567,other_isgrp,isgrp_000041,scheduler_group
7,owner_window,40,Gridania,All Saints/Halloween city decor,hlw1g,time_bg_hlw1g,fst_f0_twn01,122804,0x0001DFB4,123384,0x0001E1F8,580,other_sgrp,sgrp_0574,scheduler_group
7,owner_window,41,Gridania,All Saints/Halloween city decor,hlw1g,time_bg_hlw1g,fst_f0_twn01,122804,0x0001DFB4,123399,0x0001E207,595,other_sgrp,sgrp_0575,scheduler_group
7,owner_window,42,Gridania,All Saints/Halloween city decor,hlw1g,time_bg_hlw1g,fst_f0_twn01,122804,0x0001DFB4,123414,0x0001E216,610,other_sgrp,sgrp_0576,scheduler_group
7,owner_window,43,Gridania,All Saints/Halloween city decor,hlw1g,time_bg_hlw1g,fst_f0_twn01,122804,0x0001DFB4,123429,0x0001E225,625,other_sgrp,sgrp_0577,scheduler_group
7,owner_window,44,Gridania,All Saints/Halloween city decor,hlw1g,time_bg_hlw1g,fst_f0_twn01,122804,0x0001DFB4,123444,0x0001E234,640,other_isgrp,isgrp_003322,scheduler_group
7,owner_window,45,Gridania,All Saints/Halloween city decor,hlw1g,time_bg_hlw1g,fst_f0_twn01,122804,0x0001DFB4,123457,0x0001E241,653,other_isgrp,isgrp_003324,scheduler_group
7,owner_window,46,Gridania,All Saints/Halloween city decor,hlw1g,time_bg_hlw1g,fst_f0_twn01,122804,0x0001DFB4,123470,0x0001E24E,666,other_sgrp,sgrp_f0t0_a0_gate3_h,scheduler_group
7,owner_window,47,Gridania,All Saints/Halloween city decor,hlw1g,time_bg_hlw1g,fst_f0_twn01,122804,0x0001DFB4,123536,0x0001E290,732,other_sgrp,sgrp_f0t0_a0_gate1_h,scheduler_group
8,family_window,1,Gridania,All Saints/Halloween city decor,hlw1h,time_bg_hlw1h,fst_f0_twn01,124895,0x0001E7DF,124141,0x0001E4ED,-754,nearby,f0t0_a0_gcflag1_h_1_002,flag_or_decor_group
8,family_window,2,Gridania,All Saints/Halloween city decor,hlw1h,time_bg_hlw1h,fst_f0_twn01,124895,0x0001E7DF,124192,0x0001E520,-703,other_isgrp,isgrp_003335,scheduler_group
8,family_window,3,Gridania,All Saints/Halloween city decor,hlw1h,time_bg_hlw1h,fst_f0_twn01,124895,0x0001E7DF,124205,0x0001E52D,-690,other_isgrp,isgrp_003336,scheduler_group
8,family_window,4,Gridania,All Saints/Halloween city decor,hlw1h,time_bg_hlw1h,fst_f0_twn01,124895,0x0001E7DF,124218,0x0001E53A,-677,other_isgrp,isgrp_003337,scheduler_group
8,family_window,5,Gridania,All Saints/Halloween city decor,hlw1h,time_bg_hlw1h,fst_f0_twn01,124895,0x0001E7DF,124231,0x0001E547,-664,other_isgrp,isgrp_003340,scheduler_group
8,family_window,6,Gridania,All Saints/Halloween city decor,hlw1h,time_bg_hlw1h,fst_f0_twn01,124895,0x0001E7DF,124244,0x0001E554,-651,other_isgrp,isgrp_003357,scheduler_group
8,family_window,7,Gridania,All Saints/Halloween city decor,hlw1h,time_bg_hlw1h,fst_f0_twn01,124895,0x0001E7DF,124257,0x0001E561,-638,nearby,Bk_isgrp_0193-002,interesting
8,family_window,8,Gridania,All Saints/Halloween city decor,hlw1h,time_bg_hlw1h,fst_f0_twn01,124895,0x0001E7DF,124275,0x0001E573,-620,other_isgrp,isgrp_003358,scheduler_group
8,family_window,9,Gridania,All Saints/Halloween city decor,hlw1h,time_bg_hlw1h,fst_f0_twn01,124895,0x0001E7DF,124288,0x0001E580,-607,other_isgrp,isgrp_003359,scheduler_group
8,family_window,10,Gridania,All Saints/Halloween city decor,hlw1h,time_bg_hlw1h,fst_f0_twn01,124895,0x0001E7DF,124301,0x0001E58D,-594,other_isgrp,isgrp_003360,scheduler_group
8,family_window,11,Gridania,All Saints/Halloween city decor,hlw1h,time_bg_hlw1h,fst_f0_twn01,124895,0x0001E7DF,124314,0x0001E59A,-581,other_isgrp,isgrp_003361,scheduler_group
8,family_window,12,Gridania,All Saints/Halloween city decor,hlw1h,time_bg_hlw1h,fst_f0_twn01,124895,0x0001E7DF,124327,0x0001E5A7,-568,other_isgrp,isgrp_003362,scheduler_group
8,family_window,13,Gridania,All Saints/Halloween city decor,hlw1h,time_bg_hlw1h,fst_f0_twn01,124895,0x0001E7DF,124340,0x0001E5B4,-555,other_isgrp,isgrp_003380,scheduler_group
8,family_window,14,Gridania,All Saints/Halloween city decor,hlw1h,time_bg_hlw1h,fst_f0_twn01,124895,0x0001E7DF,124353,0x0001E5C1,-542,other_isgrp,isgrp_003381,scheduler_group
8,family_window,15,Gridania,All Saints/Halloween city decor,hlw1h,time_bg_hlw1h,fst_f0_twn01,124895,0x0001E7DF,124366,0x0001E5CE,-529,other_isgrp,isgrp_003382,scheduler_group
8,family_window,16,Gridania,All Saints/Halloween city decor,hlw1h,time_bg_hlw1h,fst_f0_twn01,124895,0x0001E7DF,124379,0x0001E5DB,-516,other_isgrp,isgrp_003383,scheduler_group
8,family_window,17,Gridania,All Saints/Halloween city decor,hlw1h,time_bg_hlw1h,fst_f0_twn01,124895,0x0001E7DF,124392,0x0001E5E8,-503,other_sgrp,sgrp_f0t0_t0_set1_h,scheduler_group
8,family_window,18,Gridania,All Saints/Halloween city decor,hlw1h,time_bg_hlw1h,fst_f0_twn01,124895,0x0001E7DF,124511,0x0001E65F,-384,other_isgrp,isgrp_003384,scheduler_group
8,family_window,19,Gridania,All Saints/Halloween city decor,hlw1h,time_bg_hlw1h,fst_f0_twn01,124895,0x0001E7DF,124524,0x0001E66C,-371,other_sgrp,sgrp_sip0,scheduler_group
8,family_window,20,Gridania,All Saints/Halloween city decor,hlw1h,time_bg_hlw1h,fst_f0_twn01,124895,0x0001E7DF,124573,0x0001E69D,-322,other_sgrp,sgrp_siplamp0,scheduler_group
8,family_window,21,Gridania,All Saints/Halloween city decor,hlw1h,time_bg_hlw1h,fst_f0_twn01,124895,0x0001E7DF,124595,0x0001E6B3,-300,other_isgrp,isgrp_003392,scheduler_group
8,family_window,22,Gridania,All Saints/Halloween city decor,hlw1h,time_bg_hlw1h,fst_f0_twn01,124895,0x0001E7DF,124608,0x0001E6C0,-287,other_sgrp,sgrp_f0t0_a0_hlw1a_h,scheduler_group
8,family_window,23,Gridania,All Saints/Halloween city decor,hlw1h,time_bg_hlw1h,fst_f0_twn01,124895,0x0001E7DF,124629,0x0001E6D5,-266,nearby,f0t0_a0_hlw1a_h_001,interesting
8,family_window,24,Gridania,All Saints/Halloween city decor,hlw1h,time_bg_hlw1h,fst_f0_twn01,124895,0x0001E7DF,124649,0x0001E6E9,-246,other_sgrp,sgrp_f0t0_a0_hlw1b_h,scheduler_group
8,family_window,25,Gridania,All Saints/Halloween city decor,hlw1h,time_bg_hlw1h,fst_f0_twn01,124895,0x0001E7DF,124670,0x0001E6FE,-225,nearby,f0t0_a0_hlw1b_h_001,interesting
8,family_window,26,Gridania,All Saints/Halloween city decor,hlw1h,time_bg_hlw1h,fst_f0_twn01,124895,0x0001E7DF,124690,0x0001E712,-205,other_sgrp,sgrp_f0t0_a0_hlw1c_h,scheduler_group
8,family_window,27,Gridania,All Saints/Halloween city decor,hlw1h,time_bg_hlw1h,fst_f0_twn01,124895,0x0001E7DF,124711,0x0001E727,-184,nearby,f0t0_a0_hlw1c_h_001,interesting
8,family_window,28,Gridania,All Saints/Halloween city decor,hlw1h,time_bg_hlw1h,fst_f0_twn01,124895,0x0001E7DF,124731,0x0001E73B,-164,other_sgrp,sgrp_f0t0_a0_hlw1d_h,scheduler_group
8,family_window,29,Gridania,All Saints/Halloween city decor,hlw1h,time_bg_hlw1h,fst_f0_twn01,124895,0x0001E7DF,124752,0x0001E750,-143,nearby,f0t0_a0_hlw1d_h_001,interesting
8,family_window,30,Gridania,All Saints/Halloween city decor,hlw1h,time_bg_hlw1h,fst_f0_twn01,124895,0x0001E7DF,124772,0x0001E764,-123,other_sgrp,sgrp_f0t0_a0_hlw1e_h,scheduler_group
8,family_window,31,Gridania,All Saints/Halloween city decor,hlw1h,time_bg_hlw1h,fst_f0_twn01,124895,0x0001E7DF,124793,0x0001E779,-102,nearby,f0t0_a0_hlw1e_h_001,interesting
8,family_window,32,Gridania,All Saints/Halloween city decor,hlw1h,time_bg_hlw1h,fst_f0_twn01,124895,0x0001E7DF,124813,0x0001E78D,-82,other_sgrp,sgrp_f0t0_a0_hlw1f_h,scheduler_group
8,family_window,33,Gridania,All Saints/Halloween city decor,hlw1h,time_bg_hlw1h,fst_f0_twn01,124895,0x0001E7DF,124834,0x0001E7A2,-61,nearby,f0t0_a0_hlw1f_h_001,interesting
8,family_window,34,Gridania,All Saints/Halloween city decor,hlw1h,time_bg_hlw1h,fst_f0_twn01,124895,0x0001E7DF,124854,0x0001E7B6,-41,other_sgrp,sgrp_f0t0_a0_hlw1g_h,scheduler_group
8,family_window,35,Gridania,All Saints/Halloween city decor,hlw1h,time_bg_hlw1h,fst_f0_twn01,124895,0x0001E7DF,124875,0x0001E7CB,-20,center_neighbor,f0t0_a0_hlw1g_h_001,interesting
8,family_window,36,Gridania,All Saints/Halloween city decor,hlw1h,time_bg_hlw1h,fst_f0_twn01,124895,0x0001E7DF,124895,0x0001E7DF,0,matched_group,sgrp_f0t0_a0_hlw1h_h,scheduler_group
8,family_window,37,Gridania,All Saints/Halloween city decor,hlw1h,time_bg_hlw1h,fst_f0_twn01,124895,0x0001E7DF,124916,0x0001E7F4,21,same_family_mesh_or_attr,f0t0_a0_hlw1h_h_001,interesting
8,family_window,38,Gridania,All Saints/Halloween city decor,hlw1h,time_bg_hlw1h,fst_f0_twn01,124895,0x0001E7DF,124936,0x0001E808,41,other_sgrp,sgrp_f0t0_a0_hlw1i_h,scheduler_group
8,family_window,39,Gridania,All Saints/Halloween city decor,hlw1h,time_bg_hlw1h,fst_f0_twn01,124895,0x0001E7DF,124957,0x0001E81D,62,nearby,f0t0_a0_hlw1i_h_001,interesting
8,family_window,40,Gridania,All Saints/Halloween city decor,hlw1h,time_bg_hlw1h,fst_f0_twn01,124895,0x0001E7DF,124977,0x0001E831,82,other_sgrp,sgrp_f0t0_a0_hlw2a_h,scheduler_group
8,family_window,41,Gridania,All Saints/Halloween city decor,hlw1h,time_bg_hlw1h,fst_f0_twn01,124895,0x0001E7DF,124998,0x0001E846,103,nearby,f0t0_a0_hlw2a_h_001,interesting
8,family_window,42,Gridania,All Saints/Halloween city decor,hlw1h,time_bg_hlw1h,fst_f0_twn01,124895,0x0001E7DF,125018,0x0001E85A,123,other_sgrp,sgrp_f0t0_a0_hlw2b_h,scheduler_group
8,family_window,43,Gridania,All Saints/Halloween city decor,hlw1h,time_bg_hlw1h,fst_f0_twn01,124895,0x0001E7DF,125039,0x0001E86F,144,nearby,f0t0_a0_hlw2b_h_001,interesting
8,family_window,44,Gridania,All Saints/Halloween city decor,hlw1h,time_bg_hlw1h,fst_f0_twn01,124895,0x0001E7DF,125059,0x0001E883,164,other_isgrp,isgrp_003394,scheduler_group
8,family_window,45,Gridania,All Saints/Halloween city decor,hlw1h,time_bg_hlw1h,fst_f0_twn01,124895,0x0001E7DF,125072,0x0001E890,177,other_isgrp,isgrp_003395,scheduler_group
8,family_window,46,Gridania,All Saints/Halloween city decor,hlw1h,time_bg_hlw1h,fst_f0_twn01,124895,0x0001E7DF,125085,0x0001E89D,190,other_isgrp,isgrp_003396,scheduler_group
8,family_window,47,Gridania,All Saints/Halloween city decor,hlw1h,time_bg_hlw1h,fst_f0_twn01,124895,0x0001E7DF,125098,0x0001E8AA,203,other_isgrp,isgrp_003397,scheduler_group
8,family_window,48,Gridania,All Saints/Halloween city decor,hlw1h,time_bg_hlw1h,fst_f0_twn01,124895,0x0001E7DF,125111,0x0001E8B7,216,other_isgrp,isgrp_003398,scheduler_group
8,family_window,49,Gridania,All Saints/Halloween city decor,hlw1h,time_bg_hlw1h,fst_f0_twn01,124895,0x0001E7DF,125124,0x0001E8C4,229,other_isgrp,isgrp_003399,scheduler_group
8,family_window,50,Gridania,All Saints/Halloween city decor,hlw1h,time_bg_hlw1h,fst_f0_twn01,124895,0x0001E7DF,125137,0x0001E8D1,242,other_isgrp,isgrp_003400,scheduler_group
8,family_window,51,Gridania,All Saints/Halloween city decor,hlw1h,time_bg_hlw1h,fst_f0_twn01,124895,0x0001E7DF,125150,0x0001E8DE,255,other_isgrp,isgrp_003401,scheduler_group
8,family_window,52,Gridania,All Saints/Halloween city decor,hlw1h,time_bg_hlw1h,fst_f0_twn01,124895,0x0001E7DF,125163,0x0001E8EB,268,other_isgrp,isgrp_003402,scheduler_group
8,family_window,53,Gridania,All Saints/Halloween city decor,hlw1h,time_bg_hlw1h,fst_f0_twn01,124895,0x0001E7DF,125176,0x0001E8F8,281,other_isgrp,isgrp_003403,scheduler_group
8,family_window,54,Gridania,All Saints/Halloween city decor,hlw1h,time_bg_hlw1h,fst_f0_twn01,124895,0x0001E7DF,125189,0x0001E905,294,other_isgrp,isgrp_003404,scheduler_group
8,family_window,55,Gridania,All Saints/Halloween city decor,hlw1h,time_bg_hlw1h,fst_f0_twn01,124895,0x0001E7DF,125202,0x0001E912,307,other_isgrp,isgrp_003405,scheduler_group
8,family_window,56,Gridania,All Saints/Halloween city decor,hlw1h,time_bg_hlw1h,fst_f0_twn01,124895,0x0001E7DF,125215,0x0001E91F,320,other_isgrp,isgrp_003406,scheduler_group
8,family_window,57,Gridania,All Saints/Halloween city decor,hlw1h,time_bg_hlw1h,fst_f0_twn01,124895,0x0001E7DF,125228,0x0001E92C,333,other_isgrp,isgrp_003407,scheduler_group
8,family_window,58,Gridania,All Saints/Halloween city decor,hlw1h,time_bg_hlw1h,fst_f0_twn01,124895,0x0001E7DF,125241,0x0001E939,346,other_isgrp,isgrp_003408,scheduler_group
8,family_window,59,Gridania,All Saints/Halloween city decor,hlw1h,time_bg_hlw1h,fst_f0_twn01,124895,0x0001E7DF,125254,0x0001E946,359,other_isgrp,isgrp_003409,scheduler_group
8,family_window,60,Gridania,All Saints/Halloween city decor,hlw1h,time_bg_hlw1h,fst_f0_twn01,124895,0x0001E7DF,125267,0x0001E953,372,other_isgrp,isgrp_003410,scheduler_group
8,family_window,61,Gridania,All Saints/Halloween city decor,hlw1h,time_bg_hlw1h,fst_f0_twn01,124895,0x0001E7DF,125280,0x0001E960,385,other_isgrp,isgrp_003411,scheduler_group
8,family_window,62,Gridania,All Saints/Halloween city decor,hlw1h,time_bg_hlw1h,fst_f0_twn01,124895,0x0001E7DF,125293,0x0001E96D,398,other_isgrp,isgrp_003412,scheduler_group
8,family_window,63,Gridania,All Saints/Halloween city decor,hlw1h,time_bg_hlw1h,fst_f0_twn01,124895,0x0001E7DF,125306,0x0001E97A,411,other_isgrp,isgrp_003413,scheduler_group
8,family_window,64,Gridania,All Saints/Halloween city decor,hlw1h,time_bg_hlw1h,fst_f0_twn01,124895,0x0001E7DF,125319,0x0001E987,424,other_isgrp,isgrp_003414,scheduler_group
8,family_window,65,Gridania,All Saints/Halloween city decor,hlw1h,time_bg_hlw1h,fst_f0_twn01,124895,0x0001E7DF,125332,0x0001E994,437,other_isgrp,isgrp_003415,scheduler_group
8,family_window,66,Gridania,All Saints/Halloween city decor,hlw1h,time_bg_hlw1h,fst_f0_twn01,124895,0x0001E7DF,125345,0x0001E9A1,450,other_isgrp,isgrp_003416,scheduler_group
8,family_window,67,Gridania,All Saints/Halloween city decor,hlw1h,time_bg_hlw1h,fst_f0_twn01,124895,0x0001E7DF,125358,0x0001E9AE,463,other_isgrp,isgrp_003417,scheduler_group
8,family_window,68,Gridania,All Saints/Halloween city decor,hlw1h,time_bg_hlw1h,fst_f0_twn01,124895,0x0001E7DF,125371,0x0001E9BB,476,other_isgrp,isgrp_003418,scheduler_group
8,family_window,69,Gridania,All Saints/Halloween city decor,hlw1h,time_bg_hlw1h,fst_f0_twn01,124895,0x0001E7DF,125384,0x0001E9C8,489,other_isgrp,isgrp_003419,scheduler_group
8,family_window,70,Gridania,All Saints/Halloween city decor,hlw1h,time_bg_hlw1h,fst_f0_twn01,124895,0x0001E7DF,125397,0x0001E9D5,502,other_isgrp,isgrp_003420,scheduler_group
8,family_window,71,Gridania,All Saints/Halloween city decor,hlw1h,time_bg_hlw1h,fst_f0_twn01,124895,0x0001E7DF,125410,0x0001E9E2,515,other_isgrp,isgrp_003421,scheduler_group
8,family_window,72,Gridania,All Saints/Halloween city decor,hlw1h,time_bg_hlw1h,fst_f0_twn01,124895,0x0001E7DF,125423,0x0001E9EF,528,other_isgrp,isgrp_003422,scheduler_group
8,family_window,73,Gridania,All Saints/Halloween city decor,hlw1h,time_bg_hlw1h,fst_f0_twn01,124895,0x0001E7DF,125436,0x0001E9FC,541,other_isgrp,isgrp_003423,scheduler_group
8,family_window,74,Gridania,All Saints/Halloween city decor,hlw1h,time_bg_hlw1h,fst_f0_twn01,124895,0x0001E7DF,125449,0x0001EA09,554,other_isgrp,isgrp_003424,scheduler_group
8,family_window,75,Gridania,All Saints/Halloween city decor,hlw1h,time_bg_hlw1h,fst_f0_twn01,124895,0x0001E7DF,125462,0x0001EA16,567,other_isgrp,isgrp_003425,scheduler_group
8,family_window,76,Gridania,All Saints/Halloween city decor,hlw1h,time_bg_hlw1h,fst_f0_twn01,124895,0x0001E7DF,125475,0x0001EA23,580,other_isgrp,isgrp_003426,scheduler_group
8,family_window,77,Gridania,All Saints/Halloween city decor,hlw1h,time_bg_hlw1h,fst_f0_twn01,124895,0x0001E7DF,125488,0x0001EA30,593,other_isgrp,isgrp_003427,scheduler_group
8,family_window,78,Gridania,All Saints/Halloween city decor,hlw1h,time_bg_hlw1h,fst_f0_twn01,124895,0x0001E7DF,125501,0x0001EA3D,606,other_isgrp,isgrp_003428,scheduler_group
8,family_window,79,Gridania,All Saints/Halloween city decor,hlw1h,time_bg_hlw1h,fst_f0_twn01,124895,0x0001E7DF,125514,0x0001EA4A,619,other_isgrp,isgrp_003429,scheduler_group
8,family_window,80,Gridania,All Saints/Halloween city decor,hlw1h,time_bg_hlw1h,fst_f0_twn01,124895,0x0001E7DF,125527,0x0001EA57,632,other_isgrp,isgrp_003430,scheduler_group
8,family_window,81,Gridania,All Saints/Halloween city decor,hlw1h,time_bg_hlw1h,fst_f0_twn01,124895,0x0001E7DF,125540,0x0001EA64,645,other_isgrp,isgrp_003431,scheduler_group
8,family_window,82,Gridania,All Saints/Halloween city decor,hlw1h,time_bg_hlw1h,fst_f0_twn01,124895,0x0001E7DF,125553,0x0001EA71,658,other_isgrp,isgrp_003432,scheduler_group
8,family_window,83,Gridania,All Saints/Halloween city decor,hlw1h,time_bg_hlw1h,fst_f0_twn01,124895,0x0001E7DF,125566,0x0001EA7E,671,other_isgrp,isgrp_003433,scheduler_group
8,family_window,84,Gridania,All Saints/Halloween city decor,hlw1h,time_bg_hlw1h,fst_f0_twn01,124895,0x0001E7DF,125579,0x0001EA8B,684,other_isgrp,isgrp_003434,scheduler_group
8,family_window,85,Gridania,All Saints/Halloween city decor,hlw1h,time_bg_hlw1h,fst_f0_twn01,124895,0x0001E7DF,125592,0x0001EA98,697,other_isgrp,isgrp_003435,scheduler_group
8,family_window,86,Gridania,All Saints/Halloween city decor,hlw1h,time_bg_hlw1h,fst_f0_twn01,124895,0x0001E7DF,125605,0x0001EAA5,710,other_isgrp,isgrp_003436,scheduler_group
8,family_window,87,Gridania,All Saints/Halloween city decor,hlw1h,time_bg_hlw1h,fst_f0_twn01,124895,0x0001E7DF,125618,0x0001EAB2,723,other_isgrp,isgrp_003437,scheduler_group
8,family_window,88,Gridania,All Saints/Halloween city decor,hlw1h,time_bg_hlw1h,fst_f0_twn01,124895,0x0001E7DF,125631,0x0001EABF,736,other_isgrp,isgrp_003438,scheduler_group
8,family_window,89,Gridania,All Saints/Halloween city decor,hlw1h,time_bg_hlw1h,fst_f0_twn01,124895,0x0001E7DF,125644,0x0001EACC,749,other_isgrp,isgrp_003439,scheduler_group
8,family_window,90,Gridania,All Saints/Halloween city decor,hlw1h,time_bg_hlw1h,fst_f0_twn01,124895,0x0001E7DF,125657,0x0001EAD9,762,other_isgrp,isgrp_003440,scheduler_group
8,owner_window,1,Gridania,All Saints/Halloween city decor,hlw1h,time_bg_hlw1h,fst_f0_twn01,122804,0x0001DFB4,122038,0x0001DCB6,-766,nearby,Bk_isgrp_0239-001,interesting
8,owner_window,2,Gridania,All Saints/Halloween city decor,hlw1h,time_bg_hlw1h,fst_f0_twn01,122804,0x0001DFB4,122056,0x0001DCC8,-748,other_isgrp,isgrp_003288,scheduler_group
8,owner_window,3,Gridania,All Saints/Halloween city decor,hlw1h,time_bg_hlw1h,fst_f0_twn01,122804,0x0001DFB4,122069,0x0001DCD5,-735,other_isgrp,isgrp_000020,scheduler_group
8,owner_window,4,Gridania,All Saints/Halloween city decor,hlw1h,time_bg_hlw1h,fst_f0_twn01,122804,0x0001DFB4,122082,0x0001DCE2,-722,other_sgrp,sgrp_f0t0_b0_caf00i_h,scheduler_group
8,owner_window,5,Gridania,All Saints/Halloween city decor,hlw1h,time_bg_hlw1h,fst_f0_twn01,122804,0x0001DFB4,122177,0x0001DD41,-627,other_sgrp,sgrp_f0t0_b0_caf00ia_h,scheduler_group
8,owner_window,6,Gridania,All Saints/Halloween city decor,hlw1h,time_bg_hlw1h,fst_f0_twn01,122804,0x0001DFB4,122262,0x0001DD96,-542,other_sgrp,sgrp_bg_airport,scheduler_group
8,owner_window,7,Gridania,All Saints/Halloween city decor,hlw1h,time_bg_hlw1h,fst_f0_twn01,122804,0x0001DFB4,122278,0x0001DDA6,-526,other_sgrp,sgrp_air1,scheduler_group
8,owner_window,8,Gridania,All Saints/Halloween city decor,hlw1h,time_bg_hlw1h,fst_f0_twn01,122804,0x0001DFB4,122424,0x0001DE38,-380,nearby,vfx_hktlmp1_058,vfx_or_scene_def
8,owner_window,9,Gridania,All Saints/Halloween city decor,hlw1h,time_bg_hlw1h,fst_f0_twn01,122804,0x0001DFB4,122440,0x0001DE48,-364,nearby,vfx_hktlmp1nq,vfx_or_scene_def
8,owner_window,10,Gridania,All Saints/Halloween city decor,hlw1h,time_bg_hlw1h,fst_f0_twn01,122804,0x0001DFB4,122518,0x0001DE96,-286,nearby,vfx_hktlmp2_059,vfx_or_scene_def
8,owner_window,11,Gridania,All Saints/Halloween city decor,hlw1h,time_bg_hlw1h,fst_f0_twn01,122804,0x0001DFB4,122534,0x0001DEA6,-270,nearby,vfx_hktlmp2nq,vfx_or_scene_def
8,owner_window,12,Gridania,All Saints/Halloween city decor,hlw1h,time_bg_hlw1h,fst_f0_twn01,122804,0x0001DFB4,122576,0x0001DED0,-228,other_sgrp,sgrp_air2,scheduler_group
8,owner_window,13,Gridania,All Saints/Halloween city decor,hlw1h,time_bg_hlw1h,fst_f0_twn01,122804,0x0001DFB4,122687,0x0001DF3F,-117,nearby,vfx_hktlmp3_060,vfx_or_scene_def
8,owner_window,14,Gridania,All Saints/Halloween city decor,hlw1h,time_bg_hlw1h,fst_f0_twn01,122804,0x0001DFB4,122703,0x0001DF4F,-101,nearby,vfx_hktlmp3nq,vfx_or_scene_def
8,owner_window,15,Gridania,All Saints/Halloween city decor,hlw1h,time_bg_hlw1h,fst_f0_twn01,122804,0x0001DFB4,122804,0x0001DFB4,0,owner_isgrp,isgrp_003294,scheduler_group
8,owner_window,16,Gridania,All Saints/Halloween city decor,hlw1h,time_bg_hlw1h,fst_f0_twn01,122804,0x0001DFB4,122817,0x0001DFC1,13,center_neighbor,Bk_isgrp_0160-003,interesting
8,owner_window,17,Gridania,All Saints/Halloween city decor,hlw1h,time_bg_hlw1h,fst_f0_twn01,122804,0x0001DFB4,122835,0x0001DFD3,31,center_neighbor,Bk_isgrp_0160-004,interesting
8,owner_window,18,Gridania,All Saints/Halloween city decor,hlw1h,time_bg_hlw1h,fst_f0_twn01,122804,0x0001DFB4,122853,0x0001DFE5,49,nearby,Bk_isgrp_0160-005,interesting
8,owner_window,19,Gridania,All Saints/Halloween city decor,hlw1h,time_bg_hlw1h,fst_f0_twn01,122804,0x0001DFB4,122871,0x0001DFF7,67,nearby,Bk_isgrp_0160-006,interesting
8,owner_window,20,Gridania,All Saints/Halloween city decor,hlw1h,time_bg_hlw1h,fst_f0_twn01,122804,0x0001DFB4,122889,0x0001E009,85,nearby,Bk_isgrp_0160-007,interesting
8,owner_window,21,Gridania,All Saints/Halloween city decor,hlw1h,time_bg_hlw1h,fst_f0_twn01,122804,0x0001DFB4,122907,0x0001E01B,103,nearby,Bk_isgrp_0160-008,interesting
8,owner_window,22,Gridania,All Saints/Halloween city decor,hlw1h,time_bg_hlw1h,fst_f0_twn01,122804,0x0001DFB4,122925,0x0001E02D,121,nearby,Bk_isgrp_0160-009,interesting
8,owner_window,23,Gridania,All Saints/Halloween city decor,hlw1h,time_bg_hlw1h,fst_f0_twn01,122804,0x0001DFB4,122943,0x0001E03F,139,other_sgrp,sgrp_bg_coll_a1,scheduler_group
8,owner_window,24,Gridania,All Saints/Halloween city decor,hlw1h,time_bg_hlw1h,fst_f0_twn01,122804,0x0001DFB4,122974,0x0001E05E,170,other_isgrp,isgrp_003296,scheduler_group
8,owner_window,25,Gridania,All Saints/Halloween city decor,hlw1h,time_bg_hlw1h,fst_f0_twn01,122804,0x0001DFB4,122987,0x0001E06B,183,other_isgrp,isgrp_003297,scheduler_group
8,owner_window,26,Gridania,All Saints/Halloween city decor,hlw1h,time_bg_hlw1h,fst_f0_twn01,122804,0x0001DFB4,123000,0x0001E078,196,other_isgrp,isgrp_003298,scheduler_group
8,owner_window,27,Gridania,All Saints/Halloween city decor,hlw1h,time_bg_hlw1h,fst_f0_twn01,122804,0x0001DFB4,123013,0x0001E085,209,other_isgrp,isgrp_003299,scheduler_group
8,owner_window,28,Gridania,All Saints/Halloween city decor,hlw1h,time_bg_hlw1h,fst_f0_twn01,122804,0x0001DFB4,123026,0x0001E092,222,other_isgrp,isgrp_003300,scheduler_group
8,owner_window,29,Gridania,All Saints/Halloween city decor,hlw1h,time_bg_hlw1h,fst_f0_twn01,122804,0x0001DFB4,123039,0x0001E09F,235,other_isgrp,isgrp_003301,scheduler_group
8,owner_window,30,Gridania,All Saints/Halloween city decor,hlw1h,time_bg_hlw1h,fst_f0_twn01,122804,0x0001DFB4,123052,0x0001E0AC,248,other_sgrp,sgrp_f0t0_z0_bukei_h,scheduler_group
8,owner_window,31,Gridania,All Saints/Halloween city decor,hlw1h,time_bg_hlw1h,fst_f0_twn01,122804,0x0001DFB4,123093,0x0001E0D5,289,other_sgrp,sgrp_f0t0_z0_fragi_h,scheduler_group
8,owner_window,32,Gridania,All Saints/Halloween city decor,hlw1h,time_bg_hlw1h,fst_f0_twn01,122804,0x0001DFB4,123134,0x0001E0FE,330,other_sgrp,sgrp_f0t0_z0_kikoi_h,scheduler_group
8,owner_window,33,Gridania,All Saints/Halloween city decor,hlw1h,time_bg_hlw1h,fst_f0_twn01,122804,0x0001DFB4,123175,0x0001E127,371,other_sgrp,sgrp_f0t0_z0_mokui_h,scheduler_group
8,owner_window,34,Gridania,All Saints/Halloween city decor,hlw1h,time_bg_hlw1h,fst_f0_twn01,122804,0x0001DFB4,123216,0x0001E150,412,other_sgrp,sgrp_f0t0_z0_shopi_h,scheduler_group
8,owner_window,35,Gridania,All Saints/Halloween city decor,hlw1h,time_bg_hlw1h,fst_f0_twn01,122804,0x0001DFB4,123257,0x0001E179,453,other_sgrp,sgrp_f0t0_z0_wrk1i_h,scheduler_group
8,owner_window,36,Gridania,All Saints/Halloween city decor,hlw1h,time_bg_hlw1h,fst_f0_twn01,122804,0x0001DFB4,123298,0x0001E1A2,494,other_sgrp,sgrp_f0t0_z0_wrk2i_h,scheduler_group
8,owner_window,37,Gridania,All Saints/Halloween city decor,hlw1h,time_bg_hlw1h,fst_f0_twn01,122804,0x0001DFB4,123339,0x0001E1CB,535,other_sgrp,sgrp_bg_t1_door_e1,scheduler_group
8,owner_window,38,Gridania,All Saints/Halloween city decor,hlw1h,time_bg_hlw1h,fst_f0_twn01,122804,0x0001DFB4,123358,0x0001E1DE,554,other_isgrp,isgrp_003314,scheduler_group
8,owner_window,39,Gridania,All Saints/Halloween city decor,hlw1h,time_bg_hlw1h,fst_f0_twn01,122804,0x0001DFB4,123371,0x0001E1EB,567,other_isgrp,isgrp_000041,scheduler_group
8,owner_window,40,Gridania,All Saints/Halloween city decor,hlw1h,time_bg_hlw1h,fst_f0_twn01,122804,0x0001DFB4,123384,0x0001E1F8,580,other_sgrp,sgrp_0574,scheduler_group
8,owner_window,41,Gridania,All Saints/Halloween city decor,hlw1h,time_bg_hlw1h,fst_f0_twn01,122804,0x0001DFB4,123399,0x0001E207,595,other_sgrp,sgrp_0575,scheduler_group
8,owner_window,42,Gridania,All Saints/Halloween city decor,hlw1h,time_bg_hlw1h,fst_f0_twn01,122804,0x0001DFB4,123414,0x0001E216,610,other_sgrp,sgrp_0576,scheduler_group
8,owner_window,43,Gridania,All Saints/Halloween city decor,hlw1h,time_bg_hlw1h,fst_f0_twn01,122804,0x0001DFB4,123429,0x0001E225,625,other_sgrp,sgrp_0577,scheduler_group
8,owner_window,44,Gridania,All Saints/Halloween city decor,hlw1h,time_bg_hlw1h,fst_f0_twn01,122804,0x0001DFB4,123444,0x0001E234,640,other_isgrp,isgrp_003322,scheduler_group
8,owner_window,45,Gridania,All Saints/Halloween city decor,hlw1h,time_bg_hlw1h,fst_f0_twn01,122804,0x0001DFB4,123457,0x0001E241,653,other_isgrp,isgrp_003324,scheduler_group
8,owner_window,46,Gridania,All Saints/Halloween city decor,hlw1h,time_bg_hlw1h,fst_f0_twn01,122804,0x0001DFB4,123470,0x0001E24E,666,other_sgrp,sgrp_f0t0_a0_gate3_h,scheduler_group
8,owner_window,47,Gridania,All Saints/Halloween city decor,hlw1h,time_bg_hlw1h,fst_f0_twn01,122804,0x0001DFB4,123536,0x0001E290,732,other_sgrp,sgrp_f0t0_a0_gate1_h,scheduler_group
9,family_window,1,Gridania,All Saints/Halloween city decor,hlw1i,time_bg_hlw1i,fst_f0_twn01,124936,0x0001E808,124192,0x0001E520,-744,other_isgrp,isgrp_003335,scheduler_group
9,family_window,2,Gridania,All Saints/Halloween city decor,hlw1i,time_bg_hlw1i,fst_f0_twn01,124936,0x0001E808,124205,0x0001E52D,-731,other_isgrp,isgrp_003336,scheduler_group
9,family_window,3,Gridania,All Saints/Halloween city decor,hlw1i,time_bg_hlw1i,fst_f0_twn01,124936,0x0001E808,124218,0x0001E53A,-718,other_isgrp,isgrp_003337,scheduler_group
9,family_window,4,Gridania,All Saints/Halloween city decor,hlw1i,time_bg_hlw1i,fst_f0_twn01,124936,0x0001E808,124231,0x0001E547,-705,other_isgrp,isgrp_003340,scheduler_group
9,family_window,5,Gridania,All Saints/Halloween city decor,hlw1i,time_bg_hlw1i,fst_f0_twn01,124936,0x0001E808,124244,0x0001E554,-692,other_isgrp,isgrp_003357,scheduler_group
9,family_window,6,Gridania,All Saints/Halloween city decor,hlw1i,time_bg_hlw1i,fst_f0_twn01,124936,0x0001E808,124257,0x0001E561,-679,nearby,Bk_isgrp_0193-002,interesting
9,family_window,7,Gridania,All Saints/Halloween city decor,hlw1i,time_bg_hlw1i,fst_f0_twn01,124936,0x0001E808,124275,0x0001E573,-661,other_isgrp,isgrp_003358,scheduler_group
9,family_window,8,Gridania,All Saints/Halloween city decor,hlw1i,time_bg_hlw1i,fst_f0_twn01,124936,0x0001E808,124288,0x0001E580,-648,other_isgrp,isgrp_003359,scheduler_group
9,family_window,9,Gridania,All Saints/Halloween city decor,hlw1i,time_bg_hlw1i,fst_f0_twn01,124936,0x0001E808,124301,0x0001E58D,-635,other_isgrp,isgrp_003360,scheduler_group
9,family_window,10,Gridania,All Saints/Halloween city decor,hlw1i,time_bg_hlw1i,fst_f0_twn01,124936,0x0001E808,124314,0x0001E59A,-622,other_isgrp,isgrp_003361,scheduler_group
9,family_window,11,Gridania,All Saints/Halloween city decor,hlw1i,time_bg_hlw1i,fst_f0_twn01,124936,0x0001E808,124327,0x0001E5A7,-609,other_isgrp,isgrp_003362,scheduler_group
9,family_window,12,Gridania,All Saints/Halloween city decor,hlw1i,time_bg_hlw1i,fst_f0_twn01,124936,0x0001E808,124340,0x0001E5B4,-596,other_isgrp,isgrp_003380,scheduler_group
9,family_window,13,Gridania,All Saints/Halloween city decor,hlw1i,time_bg_hlw1i,fst_f0_twn01,124936,0x0001E808,124353,0x0001E5C1,-583,other_isgrp,isgrp_003381,scheduler_group
9,family_window,14,Gridania,All Saints/Halloween city decor,hlw1i,time_bg_hlw1i,fst_f0_twn01,124936,0x0001E808,124366,0x0001E5CE,-570,other_isgrp,isgrp_003382,scheduler_group
9,family_window,15,Gridania,All Saints/Halloween city decor,hlw1i,time_bg_hlw1i,fst_f0_twn01,124936,0x0001E808,124379,0x0001E5DB,-557,other_isgrp,isgrp_003383,scheduler_group
9,family_window,16,Gridania,All Saints/Halloween city decor,hlw1i,time_bg_hlw1i,fst_f0_twn01,124936,0x0001E808,124392,0x0001E5E8,-544,other_sgrp,sgrp_f0t0_t0_set1_h,scheduler_group
9,family_window,17,Gridania,All Saints/Halloween city decor,hlw1i,time_bg_hlw1i,fst_f0_twn01,124936,0x0001E808,124511,0x0001E65F,-425,other_isgrp,isgrp_003384,scheduler_group
9,family_window,18,Gridania,All Saints/Halloween city decor,hlw1i,time_bg_hlw1i,fst_f0_twn01,124936,0x0001E808,124524,0x0001E66C,-412,other_sgrp,sgrp_sip0,scheduler_group
9,family_window,19,Gridania,All Saints/Halloween city decor,hlw1i,time_bg_hlw1i,fst_f0_twn01,124936,0x0001E808,124573,0x0001E69D,-363,other_sgrp,sgrp_siplamp0,scheduler_group
9,family_window,20,Gridania,All Saints/Halloween city decor,hlw1i,time_bg_hlw1i,fst_f0_twn01,124936,0x0001E808,124595,0x0001E6B3,-341,other_isgrp,isgrp_003392,scheduler_group
9,family_window,21,Gridania,All Saints/Halloween city decor,hlw1i,time_bg_hlw1i,fst_f0_twn01,124936,0x0001E808,124608,0x0001E6C0,-328,other_sgrp,sgrp_f0t0_a0_hlw1a_h,scheduler_group
9,family_window,22,Gridania,All Saints/Halloween city decor,hlw1i,time_bg_hlw1i,fst_f0_twn01,124936,0x0001E808,124629,0x0001E6D5,-307,nearby,f0t0_a0_hlw1a_h_001,interesting
9,family_window,23,Gridania,All Saints/Halloween city decor,hlw1i,time_bg_hlw1i,fst_f0_twn01,124936,0x0001E808,124649,0x0001E6E9,-287,other_sgrp,sgrp_f0t0_a0_hlw1b_h,scheduler_group
9,family_window,24,Gridania,All Saints/Halloween city decor,hlw1i,time_bg_hlw1i,fst_f0_twn01,124936,0x0001E808,124670,0x0001E6FE,-266,nearby,f0t0_a0_hlw1b_h_001,interesting
9,family_window,25,Gridania,All Saints/Halloween city decor,hlw1i,time_bg_hlw1i,fst_f0_twn01,124936,0x0001E808,124690,0x0001E712,-246,other_sgrp,sgrp_f0t0_a0_hlw1c_h,scheduler_group
9,family_window,26,Gridania,All Saints/Halloween city decor,hlw1i,time_bg_hlw1i,fst_f0_twn01,124936,0x0001E808,124711,0x0001E727,-225,nearby,f0t0_a0_hlw1c_h_001,interesting
9,family_window,27,Gridania,All Saints/Halloween city decor,hlw1i,time_bg_hlw1i,fst_f0_twn01,124936,0x0001E808,124731,0x0001E73B,-205,other_sgrp,sgrp_f0t0_a0_hlw1d_h,scheduler_group
9,family_window,28,Gridania,All Saints/Halloween city decor,hlw1i,time_bg_hlw1i,fst_f0_twn01,124936,0x0001E808,124752,0x0001E750,-184,nearby,f0t0_a0_hlw1d_h_001,interesting
9,family_window,29,Gridania,All Saints/Halloween city decor,hlw1i,time_bg_hlw1i,fst_f0_twn01,124936,0x0001E808,124772,0x0001E764,-164,other_sgrp,sgrp_f0t0_a0_hlw1e_h,scheduler_group
9,family_window,30,Gridania,All Saints/Halloween city decor,hlw1i,time_bg_hlw1i,fst_f0_twn01,124936,0x0001E808,124793,0x0001E779,-143,nearby,f0t0_a0_hlw1e_h_001,interesting
9,family_window,31,Gridania,All Saints/Halloween city decor,hlw1i,time_bg_hlw1i,fst_f0_twn01,124936,0x0001E808,124813,0x0001E78D,-123,other_sgrp,sgrp_f0t0_a0_hlw1f_h,scheduler_group
9,family_window,32,Gridania,All Saints/Halloween city decor,hlw1i,time_bg_hlw1i,fst_f0_twn01,124936,0x0001E808,124834,0x0001E7A2,-102,nearby,f0t0_a0_hlw1f_h_001,interesting
9,family_window,33,Gridania,All Saints/Halloween city decor,hlw1i,time_bg_hlw1i,fst_f0_twn01,124936,0x0001E808,124854,0x0001E7B6,-82,other_sgrp,sgrp_f0t0_a0_hlw1g_h,scheduler_group
9,family_window,34,Gridania,All Saints/Halloween city decor,hlw1i,time_bg_hlw1i,fst_f0_twn01,124936,0x0001E808,124875,0x0001E7CB,-61,nearby,f0t0_a0_hlw1g_h_001,interesting
9,family_window,35,Gridania,All Saints/Halloween city decor,hlw1i,time_bg_hlw1i,fst_f0_twn01,124936,0x0001E808,124895,0x0001E7DF,-41,other_sgrp,sgrp_f0t0_a0_hlw1h_h,scheduler_group
9,family_window,36,Gridania,All Saints/Halloween city decor,hlw1i,time_bg_hlw1i,fst_f0_twn01,124936,0x0001E808,124916,0x0001E7F4,-20,center_neighbor,f0t0_a0_hlw1h_h_001,interesting
9,family_window,37,Gridania,All Saints/Halloween city decor,hlw1i,time_bg_hlw1i,fst_f0_twn01,124936,0x0001E808,124936,0x0001E808,0,matched_group,sgrp_f0t0_a0_hlw1i_h,scheduler_group
9,family_window,38,Gridania,All Saints/Halloween city decor,hlw1i,time_bg_hlw1i,fst_f0_twn01,124936,0x0001E808,124957,0x0001E81D,21,same_family_mesh_or_attr,f0t0_a0_hlw1i_h_001,interesting
9,family_window,39,Gridania,All Saints/Halloween city decor,hlw1i,time_bg_hlw1i,fst_f0_twn01,124936,0x0001E808,124977,0x0001E831,41,other_sgrp,sgrp_f0t0_a0_hlw2a_h,scheduler_group
9,family_window,40,Gridania,All Saints/Halloween city decor,hlw1i,time_bg_hlw1i,fst_f0_twn01,124936,0x0001E808,124998,0x0001E846,62,nearby,f0t0_a0_hlw2a_h_001,interesting
9,family_window,41,Gridania,All Saints/Halloween city decor,hlw1i,time_bg_hlw1i,fst_f0_twn01,124936,0x0001E808,125018,0x0001E85A,82,other_sgrp,sgrp_f0t0_a0_hlw2b_h,scheduler_group
9,family_window,42,Gridania,All Saints/Halloween city decor,hlw1i,time_bg_hlw1i,fst_f0_twn01,124936,0x0001E808,125039,0x0001E86F,103,nearby,f0t0_a0_hlw2b_h_001,interesting
9,family_window,43,Gridania,All Saints/Halloween city decor,hlw1i,time_bg_hlw1i,fst_f0_twn01,124936,0x0001E808,125059,0x0001E883,123,other_isgrp,isgrp_003394,scheduler_group
9,family_window,44,Gridania,All Saints/Halloween city decor,hlw1i,time_bg_hlw1i,fst_f0_twn01,124936,0x0001E808,125072,0x0001E890,136,other_isgrp,isgrp_003395,scheduler_group
9,family_window,45,Gridania,All Saints/Halloween city decor,hlw1i,time_bg_hlw1i,fst_f0_twn01,124936,0x0001E808,125085,0x0001E89D,149,other_isgrp,isgrp_003396,scheduler_group
9,family_window,46,Gridania,All Saints/Halloween city decor,hlw1i,time_bg_hlw1i,fst_f0_twn01,124936,0x0001E808,125098,0x0001E8AA,162,other_isgrp,isgrp_003397,scheduler_group
9,family_window,47,Gridania,All Saints/Halloween city decor,hlw1i,time_bg_hlw1i,fst_f0_twn01,124936,0x0001E808,125111,0x0001E8B7,175,other_isgrp,isgrp_003398,scheduler_group
9,family_window,48,Gridania,All Saints/Halloween city decor,hlw1i,time_bg_hlw1i,fst_f0_twn01,124936,0x0001E808,125124,0x0001E8C4,188,other_isgrp,isgrp_003399,scheduler_group
9,family_window,49,Gridania,All Saints/Halloween city decor,hlw1i,time_bg_hlw1i,fst_f0_twn01,124936,0x0001E808,125137,0x0001E8D1,201,other_isgrp,isgrp_003400,scheduler_group
9,family_window,50,Gridania,All Saints/Halloween city decor,hlw1i,time_bg_hlw1i,fst_f0_twn01,124936,0x0001E808,125150,0x0001E8DE,214,other_isgrp,isgrp_003401,scheduler_group
9,family_window,51,Gridania,All Saints/Halloween city decor,hlw1i,time_bg_hlw1i,fst_f0_twn01,124936,0x0001E808,125163,0x0001E8EB,227,other_isgrp,isgrp_003402,scheduler_group
9,family_window,52,Gridania,All Saints/Halloween city decor,hlw1i,time_bg_hlw1i,fst_f0_twn01,124936,0x0001E808,125176,0x0001E8F8,240,other_isgrp,isgrp_003403,scheduler_group
9,family_window,53,Gridania,All Saints/Halloween city decor,hlw1i,time_bg_hlw1i,fst_f0_twn01,124936,0x0001E808,125189,0x0001E905,253,other_isgrp,isgrp_003404,scheduler_group
9,family_window,54,Gridania,All Saints/Halloween city decor,hlw1i,time_bg_hlw1i,fst_f0_twn01,124936,0x0001E808,125202,0x0001E912,266,other_isgrp,isgrp_003405,scheduler_group
9,family_window,55,Gridania,All Saints/Halloween city decor,hlw1i,time_bg_hlw1i,fst_f0_twn01,124936,0x0001E808,125215,0x0001E91F,279,other_isgrp,isgrp_003406,scheduler_group
9,family_window,56,Gridania,All Saints/Halloween city decor,hlw1i,time_bg_hlw1i,fst_f0_twn01,124936,0x0001E808,125228,0x0001E92C,292,other_isgrp,isgrp_003407,scheduler_group
9,family_window,57,Gridania,All Saints/Halloween city decor,hlw1i,time_bg_hlw1i,fst_f0_twn01,124936,0x0001E808,125241,0x0001E939,305,other_isgrp,isgrp_003408,scheduler_group
9,family_window,58,Gridania,All Saints/Halloween city decor,hlw1i,time_bg_hlw1i,fst_f0_twn01,124936,0x0001E808,125254,0x0001E946,318,other_isgrp,isgrp_003409,scheduler_group
9,family_window,59,Gridania,All Saints/Halloween city decor,hlw1i,time_bg_hlw1i,fst_f0_twn01,124936,0x0001E808,125267,0x0001E953,331,other_isgrp,isgrp_003410,scheduler_group
9,family_window,60,Gridania,All Saints/Halloween city decor,hlw1i,time_bg_hlw1i,fst_f0_twn01,124936,0x0001E808,125280,0x0001E960,344,other_isgrp,isgrp_003411,scheduler_group
9,family_window,61,Gridania,All Saints/Halloween city decor,hlw1i,time_bg_hlw1i,fst_f0_twn01,124936,0x0001E808,125293,0x0001E96D,357,other_isgrp,isgrp_003412,scheduler_group
9,family_window,62,Gridania,All Saints/Halloween city decor,hlw1i,time_bg_hlw1i,fst_f0_twn01,124936,0x0001E808,125306,0x0001E97A,370,other_isgrp,isgrp_003413,scheduler_group
9,family_window,63,Gridania,All Saints/Halloween city decor,hlw1i,time_bg_hlw1i,fst_f0_twn01,124936,0x0001E808,125319,0x0001E987,383,other_isgrp,isgrp_003414,scheduler_group
9,family_window,64,Gridania,All Saints/Halloween city decor,hlw1i,time_bg_hlw1i,fst_f0_twn01,124936,0x0001E808,125332,0x0001E994,396,other_isgrp,isgrp_003415,scheduler_group
9,family_window,65,Gridania,All Saints/Halloween city decor,hlw1i,time_bg_hlw1i,fst_f0_twn01,124936,0x0001E808,125345,0x0001E9A1,409,other_isgrp,isgrp_003416,scheduler_group
9,family_window,66,Gridania,All Saints/Halloween city decor,hlw1i,time_bg_hlw1i,fst_f0_twn01,124936,0x0001E808,125358,0x0001E9AE,422,other_isgrp,isgrp_003417,scheduler_group
9,family_window,67,Gridania,All Saints/Halloween city decor,hlw1i,time_bg_hlw1i,fst_f0_twn01,124936,0x0001E808,125371,0x0001E9BB,435,other_isgrp,isgrp_003418,scheduler_group
9,family_window,68,Gridania,All Saints/Halloween city decor,hlw1i,time_bg_hlw1i,fst_f0_twn01,124936,0x0001E808,125384,0x0001E9C8,448,other_isgrp,isgrp_003419,scheduler_group
9,family_window,69,Gridania,All Saints/Halloween city decor,hlw1i,time_bg_hlw1i,fst_f0_twn01,124936,0x0001E808,125397,0x0001E9D5,461,other_isgrp,isgrp_003420,scheduler_group
9,family_window,70,Gridania,All Saints/Halloween city decor,hlw1i,time_bg_hlw1i,fst_f0_twn01,124936,0x0001E808,125410,0x0001E9E2,474,other_isgrp,isgrp_003421,scheduler_group
9,family_window,71,Gridania,All Saints/Halloween city decor,hlw1i,time_bg_hlw1i,fst_f0_twn01,124936,0x0001E808,125423,0x0001E9EF,487,other_isgrp,isgrp_003422,scheduler_group
9,family_window,72,Gridania,All Saints/Halloween city decor,hlw1i,time_bg_hlw1i,fst_f0_twn01,124936,0x0001E808,125436,0x0001E9FC,500,other_isgrp,isgrp_003423,scheduler_group
9,family_window,73,Gridania,All Saints/Halloween city decor,hlw1i,time_bg_hlw1i,fst_f0_twn01,124936,0x0001E808,125449,0x0001EA09,513,other_isgrp,isgrp_003424,scheduler_group
9,family_window,74,Gridania,All Saints/Halloween city decor,hlw1i,time_bg_hlw1i,fst_f0_twn01,124936,0x0001E808,125462,0x0001EA16,526,other_isgrp,isgrp_003425,scheduler_group
9,family_window,75,Gridania,All Saints/Halloween city decor,hlw1i,time_bg_hlw1i,fst_f0_twn01,124936,0x0001E808,125475,0x0001EA23,539,other_isgrp,isgrp_003426,scheduler_group
9,family_window,76,Gridania,All Saints/Halloween city decor,hlw1i,time_bg_hlw1i,fst_f0_twn01,124936,0x0001E808,125488,0x0001EA30,552,other_isgrp,isgrp_003427,scheduler_group
9,family_window,77,Gridania,All Saints/Halloween city decor,hlw1i,time_bg_hlw1i,fst_f0_twn01,124936,0x0001E808,125501,0x0001EA3D,565,other_isgrp,isgrp_003428,scheduler_group
9,family_window,78,Gridania,All Saints/Halloween city decor,hlw1i,time_bg_hlw1i,fst_f0_twn01,124936,0x0001E808,125514,0x0001EA4A,578,other_isgrp,isgrp_003429,scheduler_group
9,family_window,79,Gridania,All Saints/Halloween city decor,hlw1i,time_bg_hlw1i,fst_f0_twn01,124936,0x0001E808,125527,0x0001EA57,591,other_isgrp,isgrp_003430,scheduler_group
9,family_window,80,Gridania,All Saints/Halloween city decor,hlw1i,time_bg_hlw1i,fst_f0_twn01,124936,0x0001E808,125540,0x0001EA64,604,other_isgrp,isgrp_003431,scheduler_group
9,family_window,81,Gridania,All Saints/Halloween city decor,hlw1i,time_bg_hlw1i,fst_f0_twn01,124936,0x0001E808,125553,0x0001EA71,617,other_isgrp,isgrp_003432,scheduler_group
9,family_window,82,Gridania,All Saints/Halloween city decor,hlw1i,time_bg_hlw1i,fst_f0_twn01,124936,0x0001E808,125566,0x0001EA7E,630,other_isgrp,isgrp_003433,scheduler_group
9,family_window,83,Gridania,All Saints/Halloween city decor,hlw1i,time_bg_hlw1i,fst_f0_twn01,124936,0x0001E808,125579,0x0001EA8B,643,other_isgrp,isgrp_003434,scheduler_group
9,family_window,84,Gridania,All Saints/Halloween city decor,hlw1i,time_bg_hlw1i,fst_f0_twn01,124936,0x0001E808,125592,0x0001EA98,656,other_isgrp,isgrp_003435,scheduler_group
9,family_window,85,Gridania,All Saints/Halloween city decor,hlw1i,time_bg_hlw1i,fst_f0_twn01,124936,0x0001E808,125605,0x0001EAA5,669,other_isgrp,isgrp_003436,scheduler_group
9,family_window,86,Gridania,All Saints/Halloween city decor,hlw1i,time_bg_hlw1i,fst_f0_twn01,124936,0x0001E808,125618,0x0001EAB2,682,other_isgrp,isgrp_003437,scheduler_group
9,family_window,87,Gridania,All Saints/Halloween city decor,hlw1i,time_bg_hlw1i,fst_f0_twn01,124936,0x0001E808,125631,0x0001EABF,695,other_isgrp,isgrp_003438,scheduler_group
9,family_window,88,Gridania,All Saints/Halloween city decor,hlw1i,time_bg_hlw1i,fst_f0_twn01,124936,0x0001E808,125644,0x0001EACC,708,other_isgrp,isgrp_003439,scheduler_group
9,family_window,89,Gridania,All Saints/Halloween city decor,hlw1i,time_bg_hlw1i,fst_f0_twn01,124936,0x0001E808,125657,0x0001EAD9,721,other_isgrp,isgrp_003440,scheduler_group
9,family_window,90,Gridania,All Saints/Halloween city decor,hlw1i,time_bg_hlw1i,fst_f0_twn01,124936,0x0001E808,125670,0x0001EAE6,734,other_isgrp,isgrp_003441,scheduler_group
9,family_window,91,Gridania,All Saints/Halloween city decor,hlw1i,time_bg_hlw1i,fst_f0_twn01,124936,0x0001E808,125683,0x0001EAF3,747,other_isgrp,isgrp_003442,scheduler_group
9,family_window,92,Gridania,All Saints/Halloween city decor,hlw1i,time_bg_hlw1i,fst_f0_twn01,124936,0x0001E808,125696,0x0001EB00,760,other_isgrp,isgrp_003443,scheduler_group
9,owner_window,1,Gridania,All Saints/Halloween city decor,hlw1i,time_bg_hlw1i,fst_f0_twn01,122804,0x0001DFB4,122038,0x0001DCB6,-766,nearby,Bk_isgrp_0239-001,interesting
9,owner_window,2,Gridania,All Saints/Halloween city decor,hlw1i,time_bg_hlw1i,fst_f0_twn01,122804,0x0001DFB4,122056,0x0001DCC8,-748,other_isgrp,isgrp_003288,scheduler_group
9,owner_window,3,Gridania,All Saints/Halloween city decor,hlw1i,time_bg_hlw1i,fst_f0_twn01,122804,0x0001DFB4,122069,0x0001DCD5,-735,other_isgrp,isgrp_000020,scheduler_group
9,owner_window,4,Gridania,All Saints/Halloween city decor,hlw1i,time_bg_hlw1i,fst_f0_twn01,122804,0x0001DFB4,122082,0x0001DCE2,-722,other_sgrp,sgrp_f0t0_b0_caf00i_h,scheduler_group
9,owner_window,5,Gridania,All Saints/Halloween city decor,hlw1i,time_bg_hlw1i,fst_f0_twn01,122804,0x0001DFB4,122177,0x0001DD41,-627,other_sgrp,sgrp_f0t0_b0_caf00ia_h,scheduler_group
9,owner_window,6,Gridania,All Saints/Halloween city decor,hlw1i,time_bg_hlw1i,fst_f0_twn01,122804,0x0001DFB4,122262,0x0001DD96,-542,other_sgrp,sgrp_bg_airport,scheduler_group
9,owner_window,7,Gridania,All Saints/Halloween city decor,hlw1i,time_bg_hlw1i,fst_f0_twn01,122804,0x0001DFB4,122278,0x0001DDA6,-526,other_sgrp,sgrp_air1,scheduler_group
9,owner_window,8,Gridania,All Saints/Halloween city decor,hlw1i,time_bg_hlw1i,fst_f0_twn01,122804,0x0001DFB4,122424,0x0001DE38,-380,nearby,vfx_hktlmp1_058,vfx_or_scene_def
9,owner_window,9,Gridania,All Saints/Halloween city decor,hlw1i,time_bg_hlw1i,fst_f0_twn01,122804,0x0001DFB4,122440,0x0001DE48,-364,nearby,vfx_hktlmp1nq,vfx_or_scene_def
9,owner_window,10,Gridania,All Saints/Halloween city decor,hlw1i,time_bg_hlw1i,fst_f0_twn01,122804,0x0001DFB4,122518,0x0001DE96,-286,nearby,vfx_hktlmp2_059,vfx_or_scene_def
9,owner_window,11,Gridania,All Saints/Halloween city decor,hlw1i,time_bg_hlw1i,fst_f0_twn01,122804,0x0001DFB4,122534,0x0001DEA6,-270,nearby,vfx_hktlmp2nq,vfx_or_scene_def
9,owner_window,12,Gridania,All Saints/Halloween city decor,hlw1i,time_bg_hlw1i,fst_f0_twn01,122804,0x0001DFB4,122576,0x0001DED0,-228,other_sgrp,sgrp_air2,scheduler_group
9,owner_window,13,Gridania,All Saints/Halloween city decor,hlw1i,time_bg_hlw1i,fst_f0_twn01,122804,0x0001DFB4,122687,0x0001DF3F,-117,nearby,vfx_hktlmp3_060,vfx_or_scene_def
9,owner_window,14,Gridania,All Saints/Halloween city decor,hlw1i,time_bg_hlw1i,fst_f0_twn01,122804,0x0001DFB4,122703,0x0001DF4F,-101,nearby,vfx_hktlmp3nq,vfx_or_scene_def
9,owner_window,15,Gridania,All Saints/Halloween city decor,hlw1i,time_bg_hlw1i,fst_f0_twn01,122804,0x0001DFB4,122804,0x0001DFB4,0,owner_isgrp,isgrp_003294,scheduler_group
9,owner_window,16,Gridania,All Saints/Halloween city decor,hlw1i,time_bg_hlw1i,fst_f0_twn01,122804,0x0001DFB4,122817,0x0001DFC1,13,center_neighbor,Bk_isgrp_0160-003,interesting
9,owner_window,17,Gridania,All Saints/Halloween city decor,hlw1i,time_bg_hlw1i,fst_f0_twn01,122804,0x0001DFB4,122835,0x0001DFD3,31,center_neighbor,Bk_isgrp_0160-004,interesting
9,owner_window,18,Gridania,All Saints/Halloween city decor,hlw1i,time_bg_hlw1i,fst_f0_twn01,122804,0x0001DFB4,122853,0x0001DFE5,49,nearby,Bk_isgrp_0160-005,interesting
9,owner_window,19,Gridania,All Saints/Halloween city decor,hlw1i,time_bg_hlw1i,fst_f0_twn01,122804,0x0001DFB4,122871,0x0001DFF7,67,nearby,Bk_isgrp_0160-006,interesting
9,owner_window,20,Gridania,All Saints/Halloween city decor,hlw1i,time_bg_hlw1i,fst_f0_twn01,122804,0x0001DFB4,122889,0x0001E009,85,nearby,Bk_isgrp_0160-007,interesting
9,owner_window,21,Gridania,All Saints/Halloween city decor,hlw1i,time_bg_hlw1i,fst_f0_twn01,122804,0x0001DFB4,122907,0x0001E01B,103,nearby,Bk_isgrp_0160-008,interesting
9,owner_window,22,Gridania,All Saints/Halloween city decor,hlw1i,time_bg_hlw1i,fst_f0_twn01,122804,0x0001DFB4,122925,0x0001E02D,121,nearby,Bk_isgrp_0160-009,interesting
9,owner_window,23,Gridania,All Saints/Halloween city decor,hlw1i,time_bg_hlw1i,fst_f0_twn01,122804,0x0001DFB4,122943,0x0001E03F,139,other_sgrp,sgrp_bg_coll_a1,scheduler_group
9,owner_window,24,Gridania,All Saints/Halloween city decor,hlw1i,time_bg_hlw1i,fst_f0_twn01,122804,0x0001DFB4,122974,0x0001E05E,170,other_isgrp,isgrp_003296,scheduler_group
9,owner_window,25,Gridania,All Saints/Halloween city decor,hlw1i,time_bg_hlw1i,fst_f0_twn01,122804,0x0001DFB4,122987,0x0001E06B,183,other_isgrp,isgrp_003297,scheduler_group
9,owner_window,26,Gridania,All Saints/Halloween city decor,hlw1i,time_bg_hlw1i,fst_f0_twn01,122804,0x0001DFB4,123000,0x0001E078,196,other_isgrp,isgrp_003298,scheduler_group
9,owner_window,27,Gridania,All Saints/Halloween city decor,hlw1i,time_bg_hlw1i,fst_f0_twn01,122804,0x0001DFB4,123013,0x0001E085,209,other_isgrp,isgrp_003299,scheduler_group
9,owner_window,28,Gridania,All Saints/Halloween city decor,hlw1i,time_bg_hlw1i,fst_f0_twn01,122804,0x0001DFB4,123026,0x0001E092,222,other_isgrp,isgrp_003300,scheduler_group
9,owner_window,29,Gridania,All Saints/Halloween city decor,hlw1i,time_bg_hlw1i,fst_f0_twn01,122804,0x0001DFB4,123039,0x0001E09F,235,other_isgrp,isgrp_003301,scheduler_group
9,owner_window,30,Gridania,All Saints/Halloween city decor,hlw1i,time_bg_hlw1i,fst_f0_twn01,122804,0x0001DFB4,123052,0x0001E0AC,248,other_sgrp,sgrp_f0t0_z0_bukei_h,scheduler_group
9,owner_window,31,Gridania,All Saints/Halloween city decor,hlw1i,time_bg_hlw1i,fst_f0_twn01,122804,0x0001DFB4,123093,0x0001E0D5,289,other_sgrp,sgrp_f0t0_z0_fragi_h,scheduler_group
9,owner_window,32,Gridania,All Saints/Halloween city decor,hlw1i,time_bg_hlw1i,fst_f0_twn01,122804,0x0001DFB4,123134,0x0001E0FE,330,other_sgrp,sgrp_f0t0_z0_kikoi_h,scheduler_group
9,owner_window,33,Gridania,All Saints/Halloween city decor,hlw1i,time_bg_hlw1i,fst_f0_twn01,122804,0x0001DFB4,123175,0x0001E127,371,other_sgrp,sgrp_f0t0_z0_mokui_h,scheduler_group
9,owner_window,34,Gridania,All Saints/Halloween city decor,hlw1i,time_bg_hlw1i,fst_f0_twn01,122804,0x0001DFB4,123216,0x0001E150,412,other_sgrp,sgrp_f0t0_z0_shopi_h,scheduler_group
9,owner_window,35,Gridania,All Saints/Halloween city decor,hlw1i,time_bg_hlw1i,fst_f0_twn01,122804,0x0001DFB4,123257,0x0001E179,453,other_sgrp,sgrp_f0t0_z0_wrk1i_h,scheduler_group
9,owner_window,36,Gridania,All Saints/Halloween city decor,hlw1i,time_bg_hlw1i,fst_f0_twn01,122804,0x0001DFB4,123298,0x0001E1A2,494,other_sgrp,sgrp_f0t0_z0_wrk2i_h,scheduler_group
9,owner_window,37,Gridania,All Saints/Halloween city decor,hlw1i,time_bg_hlw1i,fst_f0_twn01,122804,0x0001DFB4,123339,0x0001E1CB,535,other_sgrp,sgrp_bg_t1_door_e1,scheduler_group
9,owner_window,38,Gridania,All Saints/Halloween city decor,hlw1i,time_bg_hlw1i,fst_f0_twn01,122804,0x0001DFB4,123358,0x0001E1DE,554,other_isgrp,isgrp_003314,scheduler_group
9,owner_window,39,Gridania,All Saints/Halloween city decor,hlw1i,time_bg_hlw1i,fst_f0_twn01,122804,0x0001DFB4,123371,0x0001E1EB,567,other_isgrp,isgrp_000041,scheduler_group
9,owner_window,40,Gridania,All Saints/Halloween city decor,hlw1i,time_bg_hlw1i,fst_f0_twn01,122804,0x0001DFB4,123384,0x0001E1F8,580,other_sgrp,sgrp_0574,scheduler_group
9,owner_window,41,Gridania,All Saints/Halloween city decor,hlw1i,time_bg_hlw1i,fst_f0_twn01,122804,0x0001DFB4,123399,0x0001E207,595,other_sgrp,sgrp_0575,scheduler_group
9,owner_window,42,Gridania,All Saints/Halloween city decor,hlw1i,time_bg_hlw1i,fst_f0_twn01,122804,0x0001DFB4,123414,0x0001E216,610,other_sgrp,sgrp_0576,scheduler_group
9,owner_window,43,Gridania,All Saints/Halloween city decor,hlw1i,time_bg_hlw1i,fst_f0_twn01,122804,0x0001DFB4,123429,0x0001E225,625,other_sgrp,sgrp_0577,scheduler_group
9,owner_window,44,Gridania,All Saints/Halloween city decor,hlw1i,time_bg_hlw1i,fst_f0_twn01,122804,0x0001DFB4,123444,0x0001E234,640,other_isgrp,isgrp_003322,scheduler_group
9,owner_window,45,Gridania,All Saints/Halloween city decor,hlw1i,time_bg_hlw1i,fst_f0_twn01,122804,0x0001DFB4,123457,0x0001E241,653,other_isgrp,isgrp_003324,scheduler_group
9,owner_window,46,Gridania,All Saints/Halloween city decor,hlw1i,time_bg_hlw1i,fst_f0_twn01,122804,0x0001DFB4,123470,0x0001E24E,666,other_sgrp,sgrp_f0t0_a0_gate3_h,scheduler_group
9,owner_window,47,Gridania,All Saints/Halloween city decor,hlw1i,time_bg_hlw1i,fst_f0_twn01,122804,0x0001DFB4,123536,0x0001E290,732,other_sgrp,sgrp_f0t0_a0_gate1_h,scheduler_group
10,family_window,1,Gridania,All Saints/Halloween city decor,hlw2a,time_bg_hlw2a,fst_f0_twn01,124977,0x0001E831,124218,0x0001E53A,-759,other_isgrp,isgrp_003337,scheduler_group
10,family_window,2,Gridania,All Saints/Halloween city decor,hlw2a,time_bg_hlw2a,fst_f0_twn01,124977,0x0001E831,124231,0x0001E547,-746,other_isgrp,isgrp_003340,scheduler_group
10,family_window,3,Gridania,All Saints/Halloween city decor,hlw2a,time_bg_hlw2a,fst_f0_twn01,124977,0x0001E831,124244,0x0001E554,-733,other_isgrp,isgrp_003357,scheduler_group
10,family_window,4,Gridania,All Saints/Halloween city decor,hlw2a,time_bg_hlw2a,fst_f0_twn01,124977,0x0001E831,124257,0x0001E561,-720,nearby,Bk_isgrp_0193-002,interesting
10,family_window,5,Gridania,All Saints/Halloween city decor,hlw2a,time_bg_hlw2a,fst_f0_twn01,124977,0x0001E831,124275,0x0001E573,-702,other_isgrp,isgrp_003358,scheduler_group
10,family_window,6,Gridania,All Saints/Halloween city decor,hlw2a,time_bg_hlw2a,fst_f0_twn01,124977,0x0001E831,124288,0x0001E580,-689,other_isgrp,isgrp_003359,scheduler_group
10,family_window,7,Gridania,All Saints/Halloween city decor,hlw2a,time_bg_hlw2a,fst_f0_twn01,124977,0x0001E831,124301,0x0001E58D,-676,other_isgrp,isgrp_003360,scheduler_group
10,family_window,8,Gridania,All Saints/Halloween city decor,hlw2a,time_bg_hlw2a,fst_f0_twn01,124977,0x0001E831,124314,0x0001E59A,-663,other_isgrp,isgrp_003361,scheduler_group
10,family_window,9,Gridania,All Saints/Halloween city decor,hlw2a,time_bg_hlw2a,fst_f0_twn01,124977,0x0001E831,124327,0x0001E5A7,-650,other_isgrp,isgrp_003362,scheduler_group
10,family_window,10,Gridania,All Saints/Halloween city decor,hlw2a,time_bg_hlw2a,fst_f0_twn01,124977,0x0001E831,124340,0x0001E5B4,-637,other_isgrp,isgrp_003380,scheduler_group
10,family_window,11,Gridania,All Saints/Halloween city decor,hlw2a,time_bg_hlw2a,fst_f0_twn01,124977,0x0001E831,124353,0x0001E5C1,-624,other_isgrp,isgrp_003381,scheduler_group
10,family_window,12,Gridania,All Saints/Halloween city decor,hlw2a,time_bg_hlw2a,fst_f0_twn01,124977,0x0001E831,124366,0x0001E5CE,-611,other_isgrp,isgrp_003382,scheduler_group
10,family_window,13,Gridania,All Saints/Halloween city decor,hlw2a,time_bg_hlw2a,fst_f0_twn01,124977,0x0001E831,124379,0x0001E5DB,-598,other_isgrp,isgrp_003383,scheduler_group
10,family_window,14,Gridania,All Saints/Halloween city decor,hlw2a,time_bg_hlw2a,fst_f0_twn01,124977,0x0001E831,124392,0x0001E5E8,-585,other_sgrp,sgrp_f0t0_t0_set1_h,scheduler_group
10,family_window,15,Gridania,All Saints/Halloween city decor,hlw2a,time_bg_hlw2a,fst_f0_twn01,124977,0x0001E831,124511,0x0001E65F,-466,other_isgrp,isgrp_003384,scheduler_group
10,family_window,16,Gridania,All Saints/Halloween city decor,hlw2a,time_bg_hlw2a,fst_f0_twn01,124977,0x0001E831,124524,0x0001E66C,-453,other_sgrp,sgrp_sip0,scheduler_group
10,family_window,17,Gridania,All Saints/Halloween city decor,hlw2a,time_bg_hlw2a,fst_f0_twn01,124977,0x0001E831,124573,0x0001E69D,-404,other_sgrp,sgrp_siplamp0,scheduler_group
10,family_window,18,Gridania,All Saints/Halloween city decor,hlw2a,time_bg_hlw2a,fst_f0_twn01,124977,0x0001E831,124595,0x0001E6B3,-382,other_isgrp,isgrp_003392,scheduler_group
10,family_window,19,Gridania,All Saints/Halloween city decor,hlw2a,time_bg_hlw2a,fst_f0_twn01,124977,0x0001E831,124608,0x0001E6C0,-369,other_sgrp,sgrp_f0t0_a0_hlw1a_h,scheduler_group
10,family_window,20,Gridania,All Saints/Halloween city decor,hlw2a,time_bg_hlw2a,fst_f0_twn01,124977,0x0001E831,124629,0x0001E6D5,-348,nearby,f0t0_a0_hlw1a_h_001,interesting
10,family_window,21,Gridania,All Saints/Halloween city decor,hlw2a,time_bg_hlw2a,fst_f0_twn01,124977,0x0001E831,124649,0x0001E6E9,-328,other_sgrp,sgrp_f0t0_a0_hlw1b_h,scheduler_group
10,family_window,22,Gridania,All Saints/Halloween city decor,hlw2a,time_bg_hlw2a,fst_f0_twn01,124977,0x0001E831,124670,0x0001E6FE,-307,nearby,f0t0_a0_hlw1b_h_001,interesting
10,family_window,23,Gridania,All Saints/Halloween city decor,hlw2a,time_bg_hlw2a,fst_f0_twn01,124977,0x0001E831,124690,0x0001E712,-287,other_sgrp,sgrp_f0t0_a0_hlw1c_h,scheduler_group
10,family_window,24,Gridania,All Saints/Halloween city decor,hlw2a,time_bg_hlw2a,fst_f0_twn01,124977,0x0001E831,124711,0x0001E727,-266,nearby,f0t0_a0_hlw1c_h_001,interesting
10,family_window,25,Gridania,All Saints/Halloween city decor,hlw2a,time_bg_hlw2a,fst_f0_twn01,124977,0x0001E831,124731,0x0001E73B,-246,other_sgrp,sgrp_f0t0_a0_hlw1d_h,scheduler_group
10,family_window,26,Gridania,All Saints/Halloween city decor,hlw2a,time_bg_hlw2a,fst_f0_twn01,124977,0x0001E831,124752,0x0001E750,-225,nearby,f0t0_a0_hlw1d_h_001,interesting
10,family_window,27,Gridania,All Saints/Halloween city decor,hlw2a,time_bg_hlw2a,fst_f0_twn01,124977,0x0001E831,124772,0x0001E764,-205,other_sgrp,sgrp_f0t0_a0_hlw1e_h,scheduler_group
10,family_window,28,Gridania,All Saints/Halloween city decor,hlw2a,time_bg_hlw2a,fst_f0_twn01,124977,0x0001E831,124793,0x0001E779,-184,nearby,f0t0_a0_hlw1e_h_001,interesting
10,family_window,29,Gridania,All Saints/Halloween city decor,hlw2a,time_bg_hlw2a,fst_f0_twn01,124977,0x0001E831,124813,0x0001E78D,-164,other_sgrp,sgrp_f0t0_a0_hlw1f_h,scheduler_group
10,family_window,30,Gridania,All Saints/Halloween city decor,hlw2a,time_bg_hlw2a,fst_f0_twn01,124977,0x0001E831,124834,0x0001E7A2,-143,nearby,f0t0_a0_hlw1f_h_001,interesting
10,family_window,31,Gridania,All Saints/Halloween city decor,hlw2a,time_bg_hlw2a,fst_f0_twn01,124977,0x0001E831,124854,0x0001E7B6,-123,other_sgrp,sgrp_f0t0_a0_hlw1g_h,scheduler_group
10,family_window,32,Gridania,All Saints/Halloween city decor,hlw2a,time_bg_hlw2a,fst_f0_twn01,124977,0x0001E831,124875,0x0001E7CB,-102,nearby,f0t0_a0_hlw1g_h_001,interesting
10,family_window,33,Gridania,All Saints/Halloween city decor,hlw2a,time_bg_hlw2a,fst_f0_twn01,124977,0x0001E831,124895,0x0001E7DF,-82,other_sgrp,sgrp_f0t0_a0_hlw1h_h,scheduler_group
10,family_window,34,Gridania,All Saints/Halloween city decor,hlw2a,time_bg_hlw2a,fst_f0_twn01,124977,0x0001E831,124916,0x0001E7F4,-61,nearby,f0t0_a0_hlw1h_h_001,interesting
10,family_window,35,Gridania,All Saints/Halloween city decor,hlw2a,time_bg_hlw2a,fst_f0_twn01,124977,0x0001E831,124936,0x0001E808,-41,other_sgrp,sgrp_f0t0_a0_hlw1i_h,scheduler_group
10,family_window,36,Gridania,All Saints/Halloween city decor,hlw2a,time_bg_hlw2a,fst_f0_twn01,124977,0x0001E831,124957,0x0001E81D,-20,center_neighbor,f0t0_a0_hlw1i_h_001,interesting
10,family_window,37,Gridania,All Saints/Halloween city decor,hlw2a,time_bg_hlw2a,fst_f0_twn01,124977,0x0001E831,124977,0x0001E831,0,matched_group,sgrp_f0t0_a0_hlw2a_h,scheduler_group
10,family_window,38,Gridania,All Saints/Halloween city decor,hlw2a,time_bg_hlw2a,fst_f0_twn01,124977,0x0001E831,124998,0x0001E846,21,same_family_mesh_or_attr,f0t0_a0_hlw2a_h_001,interesting
10,family_window,39,Gridania,All Saints/Halloween city decor,hlw2a,time_bg_hlw2a,fst_f0_twn01,124977,0x0001E831,125018,0x0001E85A,41,other_sgrp,sgrp_f0t0_a0_hlw2b_h,scheduler_group
10,family_window,40,Gridania,All Saints/Halloween city decor,hlw2a,time_bg_hlw2a,fst_f0_twn01,124977,0x0001E831,125039,0x0001E86F,62,nearby,f0t0_a0_hlw2b_h_001,interesting
10,family_window,41,Gridania,All Saints/Halloween city decor,hlw2a,time_bg_hlw2a,fst_f0_twn01,124977,0x0001E831,125059,0x0001E883,82,other_isgrp,isgrp_003394,scheduler_group
10,family_window,42,Gridania,All Saints/Halloween city decor,hlw2a,time_bg_hlw2a,fst_f0_twn01,124977,0x0001E831,125072,0x0001E890,95,other_isgrp,isgrp_003395,scheduler_group
10,family_window,43,Gridania,All Saints/Halloween city decor,hlw2a,time_bg_hlw2a,fst_f0_twn01,124977,0x0001E831,125085,0x0001E89D,108,other_isgrp,isgrp_003396,scheduler_group
10,family_window,44,Gridania,All Saints/Halloween city decor,hlw2a,time_bg_hlw2a,fst_f0_twn01,124977,0x0001E831,125098,0x0001E8AA,121,other_isgrp,isgrp_003397,scheduler_group
10,family_window,45,Gridania,All Saints/Halloween city decor,hlw2a,time_bg_hlw2a,fst_f0_twn01,124977,0x0001E831,125111,0x0001E8B7,134,other_isgrp,isgrp_003398,scheduler_group
10,family_window,46,Gridania,All Saints/Halloween city decor,hlw2a,time_bg_hlw2a,fst_f0_twn01,124977,0x0001E831,125124,0x0001E8C4,147,other_isgrp,isgrp_003399,scheduler_group
10,family_window,47,Gridania,All Saints/Halloween city decor,hlw2a,time_bg_hlw2a,fst_f0_twn01,124977,0x0001E831,125137,0x0001E8D1,160,other_isgrp,isgrp_003400,scheduler_group
10,family_window,48,Gridania,All Saints/Halloween city decor,hlw2a,time_bg_hlw2a,fst_f0_twn01,124977,0x0001E831,125150,0x0001E8DE,173,other_isgrp,isgrp_003401,scheduler_group
10,family_window,49,Gridania,All Saints/Halloween city decor,hlw2a,time_bg_hlw2a,fst_f0_twn01,124977,0x0001E831,125163,0x0001E8EB,186,other_isgrp,isgrp_003402,scheduler_group
10,family_window,50,Gridania,All Saints/Halloween city decor,hlw2a,time_bg_hlw2a,fst_f0_twn01,124977,0x0001E831,125176,0x0001E8F8,199,other_isgrp,isgrp_003403,scheduler_group
10,family_window,51,Gridania,All Saints/Halloween city decor,hlw2a,time_bg_hlw2a,fst_f0_twn01,124977,0x0001E831,125189,0x0001E905,212,other_isgrp,isgrp_003404,scheduler_group
10,family_window,52,Gridania,All Saints/Halloween city decor,hlw2a,time_bg_hlw2a,fst_f0_twn01,124977,0x0001E831,125202,0x0001E912,225,other_isgrp,isgrp_003405,scheduler_group
10,family_window,53,Gridania,All Saints/Halloween city decor,hlw2a,time_bg_hlw2a,fst_f0_twn01,124977,0x0001E831,125215,0x0001E91F,238,other_isgrp,isgrp_003406,scheduler_group
10,family_window,54,Gridania,All Saints/Halloween city decor,hlw2a,time_bg_hlw2a,fst_f0_twn01,124977,0x0001E831,125228,0x0001E92C,251,other_isgrp,isgrp_003407,scheduler_group
10,family_window,55,Gridania,All Saints/Halloween city decor,hlw2a,time_bg_hlw2a,fst_f0_twn01,124977,0x0001E831,125241,0x0001E939,264,other_isgrp,isgrp_003408,scheduler_group
10,family_window,56,Gridania,All Saints/Halloween city decor,hlw2a,time_bg_hlw2a,fst_f0_twn01,124977,0x0001E831,125254,0x0001E946,277,other_isgrp,isgrp_003409,scheduler_group
10,family_window,57,Gridania,All Saints/Halloween city decor,hlw2a,time_bg_hlw2a,fst_f0_twn01,124977,0x0001E831,125267,0x0001E953,290,other_isgrp,isgrp_003410,scheduler_group
10,family_window,58,Gridania,All Saints/Halloween city decor,hlw2a,time_bg_hlw2a,fst_f0_twn01,124977,0x0001E831,125280,0x0001E960,303,other_isgrp,isgrp_003411,scheduler_group
10,family_window,59,Gridania,All Saints/Halloween city decor,hlw2a,time_bg_hlw2a,fst_f0_twn01,124977,0x0001E831,125293,0x0001E96D,316,other_isgrp,isgrp_003412,scheduler_group
10,family_window,60,Gridania,All Saints/Halloween city decor,hlw2a,time_bg_hlw2a,fst_f0_twn01,124977,0x0001E831,125306,0x0001E97A,329,other_isgrp,isgrp_003413,scheduler_group
10,family_window,61,Gridania,All Saints/Halloween city decor,hlw2a,time_bg_hlw2a,fst_f0_twn01,124977,0x0001E831,125319,0x0001E987,342,other_isgrp,isgrp_003414,scheduler_group
10,family_window,62,Gridania,All Saints/Halloween city decor,hlw2a,time_bg_hlw2a,fst_f0_twn01,124977,0x0001E831,125332,0x0001E994,355,other_isgrp,isgrp_003415,scheduler_group
10,family_window,63,Gridania,All Saints/Halloween city decor,hlw2a,time_bg_hlw2a,fst_f0_twn01,124977,0x0001E831,125345,0x0001E9A1,368,other_isgrp,isgrp_003416,scheduler_group
10,family_window,64,Gridania,All Saints/Halloween city decor,hlw2a,time_bg_hlw2a,fst_f0_twn01,124977,0x0001E831,125358,0x0001E9AE,381,other_isgrp,isgrp_003417,scheduler_group
10,family_window,65,Gridania,All Saints/Halloween city decor,hlw2a,time_bg_hlw2a,fst_f0_twn01,124977,0x0001E831,125371,0x0001E9BB,394,other_isgrp,isgrp_003418,scheduler_group
10,family_window,66,Gridania,All Saints/Halloween city decor,hlw2a,time_bg_hlw2a,fst_f0_twn01,124977,0x0001E831,125384,0x0001E9C8,407,other_isgrp,isgrp_003419,scheduler_group
10,family_window,67,Gridania,All Saints/Halloween city decor,hlw2a,time_bg_hlw2a,fst_f0_twn01,124977,0x0001E831,125397,0x0001E9D5,420,other_isgrp,isgrp_003420,scheduler_group
10,family_window,68,Gridania,All Saints/Halloween city decor,hlw2a,time_bg_hlw2a,fst_f0_twn01,124977,0x0001E831,125410,0x0001E9E2,433,other_isgrp,isgrp_003421,scheduler_group
10,family_window,69,Gridania,All Saints/Halloween city decor,hlw2a,time_bg_hlw2a,fst_f0_twn01,124977,0x0001E831,125423,0x0001E9EF,446,other_isgrp,isgrp_003422,scheduler_group
10,family_window,70,Gridania,All Saints/Halloween city decor,hlw2a,time_bg_hlw2a,fst_f0_twn01,124977,0x0001E831,125436,0x0001E9FC,459,other_isgrp,isgrp_003423,scheduler_group
10,family_window,71,Gridania,All Saints/Halloween city decor,hlw2a,time_bg_hlw2a,fst_f0_twn01,124977,0x0001E831,125449,0x0001EA09,472,other_isgrp,isgrp_003424,scheduler_group
10,family_window,72,Gridania,All Saints/Halloween city decor,hlw2a,time_bg_hlw2a,fst_f0_twn01,124977,0x0001E831,125462,0x0001EA16,485,other_isgrp,isgrp_003425,scheduler_group
10,family_window,73,Gridania,All Saints/Halloween city decor,hlw2a,time_bg_hlw2a,fst_f0_twn01,124977,0x0001E831,125475,0x0001EA23,498,other_isgrp,isgrp_003426,scheduler_group
10,family_window,74,Gridania,All Saints/Halloween city decor,hlw2a,time_bg_hlw2a,fst_f0_twn01,124977,0x0001E831,125488,0x0001EA30,511,other_isgrp,isgrp_003427,scheduler_group
10,family_window,75,Gridania,All Saints/Halloween city decor,hlw2a,time_bg_hlw2a,fst_f0_twn01,124977,0x0001E831,125501,0x0001EA3D,524,other_isgrp,isgrp_003428,scheduler_group
10,family_window,76,Gridania,All Saints/Halloween city decor,hlw2a,time_bg_hlw2a,fst_f0_twn01,124977,0x0001E831,125514,0x0001EA4A,537,other_isgrp,isgrp_003429,scheduler_group
10,family_window,77,Gridania,All Saints/Halloween city decor,hlw2a,time_bg_hlw2a,fst_f0_twn01,124977,0x0001E831,125527,0x0001EA57,550,other_isgrp,isgrp_003430,scheduler_group
10,family_window,78,Gridania,All Saints/Halloween city decor,hlw2a,time_bg_hlw2a,fst_f0_twn01,124977,0x0001E831,125540,0x0001EA64,563,other_isgrp,isgrp_003431,scheduler_group
10,family_window,79,Gridania,All Saints/Halloween city decor,hlw2a,time_bg_hlw2a,fst_f0_twn01,124977,0x0001E831,125553,0x0001EA71,576,other_isgrp,isgrp_003432,scheduler_group
10,family_window,80,Gridania,All Saints/Halloween city decor,hlw2a,time_bg_hlw2a,fst_f0_twn01,124977,0x0001E831,125566,0x0001EA7E,589,other_isgrp,isgrp_003433,scheduler_group
10,family_window,81,Gridania,All Saints/Halloween city decor,hlw2a,time_bg_hlw2a,fst_f0_twn01,124977,0x0001E831,125579,0x0001EA8B,602,other_isgrp,isgrp_003434,scheduler_group
10,family_window,82,Gridania,All Saints/Halloween city decor,hlw2a,time_bg_hlw2a,fst_f0_twn01,124977,0x0001E831,125592,0x0001EA98,615,other_isgrp,isgrp_003435,scheduler_group
10,family_window,83,Gridania,All Saints/Halloween city decor,hlw2a,time_bg_hlw2a,fst_f0_twn01,124977,0x0001E831,125605,0x0001EAA5,628,other_isgrp,isgrp_003436,scheduler_group
10,family_window,84,Gridania,All Saints/Halloween city decor,hlw2a,time_bg_hlw2a,fst_f0_twn01,124977,0x0001E831,125618,0x0001EAB2,641,other_isgrp,isgrp_003437,scheduler_group
10,family_window,85,Gridania,All Saints/Halloween city decor,hlw2a,time_bg_hlw2a,fst_f0_twn01,124977,0x0001E831,125631,0x0001EABF,654,other_isgrp,isgrp_003438,scheduler_group
10,family_window,86,Gridania,All Saints/Halloween city decor,hlw2a,time_bg_hlw2a,fst_f0_twn01,124977,0x0001E831,125644,0x0001EACC,667,other_isgrp,isgrp_003439,scheduler_group
10,family_window,87,Gridania,All Saints/Halloween city decor,hlw2a,time_bg_hlw2a,fst_f0_twn01,124977,0x0001E831,125657,0x0001EAD9,680,other_isgrp,isgrp_003440,scheduler_group
10,family_window,88,Gridania,All Saints/Halloween city decor,hlw2a,time_bg_hlw2a,fst_f0_twn01,124977,0x0001E831,125670,0x0001EAE6,693,other_isgrp,isgrp_003441,scheduler_group
10,family_window,89,Gridania,All Saints/Halloween city decor,hlw2a,time_bg_hlw2a,fst_f0_twn01,124977,0x0001E831,125683,0x0001EAF3,706,other_isgrp,isgrp_003442,scheduler_group
10,family_window,90,Gridania,All Saints/Halloween city decor,hlw2a,time_bg_hlw2a,fst_f0_twn01,124977,0x0001E831,125696,0x0001EB00,719,other_isgrp,isgrp_003443,scheduler_group
10,family_window,91,Gridania,All Saints/Halloween city decor,hlw2a,time_bg_hlw2a,fst_f0_twn01,124977,0x0001E831,125709,0x0001EB0D,732,other_isgrp,isgrp_003444,scheduler_group
10,family_window,92,Gridania,All Saints/Halloween city decor,hlw2a,time_bg_hlw2a,fst_f0_twn01,124977,0x0001E831,125722,0x0001EB1A,745,other_isgrp,isgrp_003445,scheduler_group
10,family_window,93,Gridania,All Saints/Halloween city decor,hlw2a,time_bg_hlw2a,fst_f0_twn01,124977,0x0001E831,125735,0x0001EB27,758,other_isgrp,isgrp_003446,scheduler_group
10,owner_window,1,Gridania,All Saints/Halloween city decor,hlw2a,time_bg_hlw2a,fst_f0_twn01,122804,0x0001DFB4,122038,0x0001DCB6,-766,nearby,Bk_isgrp_0239-001,interesting
10,owner_window,2,Gridania,All Saints/Halloween city decor,hlw2a,time_bg_hlw2a,fst_f0_twn01,122804,0x0001DFB4,122056,0x0001DCC8,-748,other_isgrp,isgrp_003288,scheduler_group
10,owner_window,3,Gridania,All Saints/Halloween city decor,hlw2a,time_bg_hlw2a,fst_f0_twn01,122804,0x0001DFB4,122069,0x0001DCD5,-735,other_isgrp,isgrp_000020,scheduler_group
10,owner_window,4,Gridania,All Saints/Halloween city decor,hlw2a,time_bg_hlw2a,fst_f0_twn01,122804,0x0001DFB4,122082,0x0001DCE2,-722,other_sgrp,sgrp_f0t0_b0_caf00i_h,scheduler_group
10,owner_window,5,Gridania,All Saints/Halloween city decor,hlw2a,time_bg_hlw2a,fst_f0_twn01,122804,0x0001DFB4,122177,0x0001DD41,-627,other_sgrp,sgrp_f0t0_b0_caf00ia_h,scheduler_group
10,owner_window,6,Gridania,All Saints/Halloween city decor,hlw2a,time_bg_hlw2a,fst_f0_twn01,122804,0x0001DFB4,122262,0x0001DD96,-542,other_sgrp,sgrp_bg_airport,scheduler_group
10,owner_window,7,Gridania,All Saints/Halloween city decor,hlw2a,time_bg_hlw2a,fst_f0_twn01,122804,0x0001DFB4,122278,0x0001DDA6,-526,other_sgrp,sgrp_air1,scheduler_group
10,owner_window,8,Gridania,All Saints/Halloween city decor,hlw2a,time_bg_hlw2a,fst_f0_twn01,122804,0x0001DFB4,122424,0x0001DE38,-380,nearby,vfx_hktlmp1_058,vfx_or_scene_def
10,owner_window,9,Gridania,All Saints/Halloween city decor,hlw2a,time_bg_hlw2a,fst_f0_twn01,122804,0x0001DFB4,122440,0x0001DE48,-364,nearby,vfx_hktlmp1nq,vfx_or_scene_def
10,owner_window,10,Gridania,All Saints/Halloween city decor,hlw2a,time_bg_hlw2a,fst_f0_twn01,122804,0x0001DFB4,122518,0x0001DE96,-286,nearby,vfx_hktlmp2_059,vfx_or_scene_def
10,owner_window,11,Gridania,All Saints/Halloween city decor,hlw2a,time_bg_hlw2a,fst_f0_twn01,122804,0x0001DFB4,122534,0x0001DEA6,-270,nearby,vfx_hktlmp2nq,vfx_or_scene_def
10,owner_window,12,Gridania,All Saints/Halloween city decor,hlw2a,time_bg_hlw2a,fst_f0_twn01,122804,0x0001DFB4,122576,0x0001DED0,-228,other_sgrp,sgrp_air2,scheduler_group
10,owner_window,13,Gridania,All Saints/Halloween city decor,hlw2a,time_bg_hlw2a,fst_f0_twn01,122804,0x0001DFB4,122687,0x0001DF3F,-117,nearby,vfx_hktlmp3_060,vfx_or_scene_def
10,owner_window,14,Gridania,All Saints/Halloween city decor,hlw2a,time_bg_hlw2a,fst_f0_twn01,122804,0x0001DFB4,122703,0x0001DF4F,-101,nearby,vfx_hktlmp3nq,vfx_or_scene_def
10,owner_window,15,Gridania,All Saints/Halloween city decor,hlw2a,time_bg_hlw2a,fst_f0_twn01,122804,0x0001DFB4,122804,0x0001DFB4,0,owner_isgrp,isgrp_003294,scheduler_group
10,owner_window,16,Gridania,All Saints/Halloween city decor,hlw2a,time_bg_hlw2a,fst_f0_twn01,122804,0x0001DFB4,122817,0x0001DFC1,13,center_neighbor,Bk_isgrp_0160-003,interesting
10,owner_window,17,Gridania,All Saints/Halloween city decor,hlw2a,time_bg_hlw2a,fst_f0_twn01,122804,0x0001DFB4,122835,0x0001DFD3,31,center_neighbor,Bk_isgrp_0160-004,interesting
10,owner_window,18,Gridania,All Saints/Halloween city decor,hlw2a,time_bg_hlw2a,fst_f0_twn01,122804,0x0001DFB4,122853,0x0001DFE5,49,nearby,Bk_isgrp_0160-005,interesting
10,owner_window,19,Gridania,All Saints/Halloween city decor,hlw2a,time_bg_hlw2a,fst_f0_twn01,122804,0x0001DFB4,122871,0x0001DFF7,67,nearby,Bk_isgrp_0160-006,interesting
10,owner_window,20,Gridania,All Saints/Halloween city decor,hlw2a,time_bg_hlw2a,fst_f0_twn01,122804,0x0001DFB4,122889,0x0001E009,85,nearby,Bk_isgrp_0160-007,interesting
10,owner_window,21,Gridania,All Saints/Halloween city decor,hlw2a,time_bg_hlw2a,fst_f0_twn01,122804,0x0001DFB4,122907,0x0001E01B,103,nearby,Bk_isgrp_0160-008,interesting
10,owner_window,22,Gridania,All Saints/Halloween city decor,hlw2a,time_bg_hlw2a,fst_f0_twn01,122804,0x0001DFB4,122925,0x0001E02D,121,nearby,Bk_isgrp_0160-009,interesting
10,owner_window,23,Gridania,All Saints/Halloween city decor,hlw2a,time_bg_hlw2a,fst_f0_twn01,122804,0x0001DFB4,122943,0x0001E03F,139,other_sgrp,sgrp_bg_coll_a1,scheduler_group
10,owner_window,24,Gridania,All Saints/Halloween city decor,hlw2a,time_bg_hlw2a,fst_f0_twn01,122804,0x0001DFB4,122974,0x0001E05E,170,other_isgrp,isgrp_003296,scheduler_group
10,owner_window,25,Gridania,All Saints/Halloween city decor,hlw2a,time_bg_hlw2a,fst_f0_twn01,122804,0x0001DFB4,122987,0x0001E06B,183,other_isgrp,isgrp_003297,scheduler_group
10,owner_window,26,Gridania,All Saints/Halloween city decor,hlw2a,time_bg_hlw2a,fst_f0_twn01,122804,0x0001DFB4,123000,0x0001E078,196,other_isgrp,isgrp_003298,scheduler_group
10,owner_window,27,Gridania,All Saints/Halloween city decor,hlw2a,time_bg_hlw2a,fst_f0_twn01,122804,0x0001DFB4,123013,0x0001E085,209,other_isgrp,isgrp_003299,scheduler_group
10,owner_window,28,Gridania,All Saints/Halloween city decor,hlw2a,time_bg_hlw2a,fst_f0_twn01,122804,0x0001DFB4,123026,0x0001E092,222,other_isgrp,isgrp_003300,scheduler_group
10,owner_window,29,Gridania,All Saints/Halloween city decor,hlw2a,time_bg_hlw2a,fst_f0_twn01,122804,0x0001DFB4,123039,0x0001E09F,235,other_isgrp,isgrp_003301,scheduler_group
10,owner_window,30,Gridania,All Saints/Halloween city decor,hlw2a,time_bg_hlw2a,fst_f0_twn01,122804,0x0001DFB4,123052,0x0001E0AC,248,other_sgrp,sgrp_f0t0_z0_bukei_h,scheduler_group
10,owner_window,31,Gridania,All Saints/Halloween city decor,hlw2a,time_bg_hlw2a,fst_f0_twn01,122804,0x0001DFB4,123093,0x0001E0D5,289,other_sgrp,sgrp_f0t0_z0_fragi_h,scheduler_group
10,owner_window,32,Gridania,All Saints/Halloween city decor,hlw2a,time_bg_hlw2a,fst_f0_twn01,122804,0x0001DFB4,123134,0x0001E0FE,330,other_sgrp,sgrp_f0t0_z0_kikoi_h,scheduler_group
10,owner_window,33,Gridania,All Saints/Halloween city decor,hlw2a,time_bg_hlw2a,fst_f0_twn01,122804,0x0001DFB4,123175,0x0001E127,371,other_sgrp,sgrp_f0t0_z0_mokui_h,scheduler_group
10,owner_window,34,Gridania,All Saints/Halloween city decor,hlw2a,time_bg_hlw2a,fst_f0_twn01,122804,0x0001DFB4,123216,0x0001E150,412,other_sgrp,sgrp_f0t0_z0_shopi_h,scheduler_group
10,owner_window,35,Gridania,All Saints/Halloween city decor,hlw2a,time_bg_hlw2a,fst_f0_twn01,122804,0x0001DFB4,123257,0x0001E179,453,other_sgrp,sgrp_f0t0_z0_wrk1i_h,scheduler_group
10,owner_window,36,Gridania,All Saints/Halloween city decor,hlw2a,time_bg_hlw2a,fst_f0_twn01,122804,0x0001DFB4,123298,0x0001E1A2,494,other_sgrp,sgrp_f0t0_z0_wrk2i_h,scheduler_group
10,owner_window,37,Gridania,All Saints/Halloween city decor,hlw2a,time_bg_hlw2a,fst_f0_twn01,122804,0x0001DFB4,123339,0x0001E1CB,535,other_sgrp,sgrp_bg_t1_door_e1,scheduler_group
10,owner_window,38,Gridania,All Saints/Halloween city decor,hlw2a,time_bg_hlw2a,fst_f0_twn01,122804,0x0001DFB4,123358,0x0001E1DE,554,other_isgrp,isgrp_003314,scheduler_group
10,owner_window,39,Gridania,All Saints/Halloween city decor,hlw2a,time_bg_hlw2a,fst_f0_twn01,122804,0x0001DFB4,123371,0x0001E1EB,567,other_isgrp,isgrp_000041,scheduler_group
10,owner_window,40,Gridania,All Saints/Halloween city decor,hlw2a,time_bg_hlw2a,fst_f0_twn01,122804,0x0001DFB4,123384,0x0001E1F8,580,other_sgrp,sgrp_0574,scheduler_group
10,owner_window,41,Gridania,All Saints/Halloween city decor,hlw2a,time_bg_hlw2a,fst_f0_twn01,122804,0x0001DFB4,123399,0x0001E207,595,other_sgrp,sgrp_0575,scheduler_group
10,owner_window,42,Gridania,All Saints/Halloween city decor,hlw2a,time_bg_hlw2a,fst_f0_twn01,122804,0x0001DFB4,123414,0x0001E216,610,other_sgrp,sgrp_0576,scheduler_group
10,owner_window,43,Gridania,All Saints/Halloween city decor,hlw2a,time_bg_hlw2a,fst_f0_twn01,122804,0x0001DFB4,123429,0x0001E225,625,other_sgrp,sgrp_0577,scheduler_group
10,owner_window,44,Gridania,All Saints/Halloween city decor,hlw2a,time_bg_hlw2a,fst_f0_twn01,122804,0x0001DFB4,123444,0x0001E234,640,other_isgrp,isgrp_003322,scheduler_group
10,owner_window,45,Gridania,All Saints/Halloween city decor,hlw2a,time_bg_hlw2a,fst_f0_twn01,122804,0x0001DFB4,123457,0x0001E241,653,other_isgrp,isgrp_003324,scheduler_group
10,owner_window,46,Gridania,All Saints/Halloween city decor,hlw2a,time_bg_hlw2a,fst_f0_twn01,122804,0x0001DFB4,123470,0x0001E24E,666,other_sgrp,sgrp_f0t0_a0_gate3_h,scheduler_group
10,owner_window,47,Gridania,All Saints/Halloween city decor,hlw2a,time_bg_hlw2a,fst_f0_twn01,122804,0x0001DFB4,123536,0x0001E290,732,other_sgrp,sgrp_f0t0_a0_gate1_h,scheduler_group
11,family_window,1,Gridania,All Saints/Halloween city decor,hlw2b,time_bg_hlw2b,fst_f0_twn01,125018,0x0001E85A,124257,0x0001E561,-761,nearby,Bk_isgrp_0193-002,interesting
11,family_window,2,Gridania,All Saints/Halloween city decor,hlw2b,time_bg_hlw2b,fst_f0_twn01,125018,0x0001E85A,124275,0x0001E573,-743,other_isgrp,isgrp_003358,scheduler_group
11,family_window,3,Gridania,All Saints/Halloween city decor,hlw2b,time_bg_hlw2b,fst_f0_twn01,125018,0x0001E85A,124288,0x0001E580,-730,other_isgrp,isgrp_003359,scheduler_group
11,family_window,4,Gridania,All Saints/Halloween city decor,hlw2b,time_bg_hlw2b,fst_f0_twn01,125018,0x0001E85A,124301,0x0001E58D,-717,other_isgrp,isgrp_003360,scheduler_group
11,family_window,5,Gridania,All Saints/Halloween city decor,hlw2b,time_bg_hlw2b,fst_f0_twn01,125018,0x0001E85A,124314,0x0001E59A,-704,other_isgrp,isgrp_003361,scheduler_group
11,family_window,6,Gridania,All Saints/Halloween city decor,hlw2b,time_bg_hlw2b,fst_f0_twn01,125018,0x0001E85A,124327,0x0001E5A7,-691,other_isgrp,isgrp_003362,scheduler_group
11,family_window,7,Gridania,All Saints/Halloween city decor,hlw2b,time_bg_hlw2b,fst_f0_twn01,125018,0x0001E85A,124340,0x0001E5B4,-678,other_isgrp,isgrp_003380,scheduler_group
11,family_window,8,Gridania,All Saints/Halloween city decor,hlw2b,time_bg_hlw2b,fst_f0_twn01,125018,0x0001E85A,124353,0x0001E5C1,-665,other_isgrp,isgrp_003381,scheduler_group
11,family_window,9,Gridania,All Saints/Halloween city decor,hlw2b,time_bg_hlw2b,fst_f0_twn01,125018,0x0001E85A,124366,0x0001E5CE,-652,other_isgrp,isgrp_003382,scheduler_group
11,family_window,10,Gridania,All Saints/Halloween city decor,hlw2b,time_bg_hlw2b,fst_f0_twn01,125018,0x0001E85A,124379,0x0001E5DB,-639,other_isgrp,isgrp_003383,scheduler_group
11,family_window,11,Gridania,All Saints/Halloween city decor,hlw2b,time_bg_hlw2b,fst_f0_twn01,125018,0x0001E85A,124392,0x0001E5E8,-626,other_sgrp,sgrp_f0t0_t0_set1_h,scheduler_group
11,family_window,12,Gridania,All Saints/Halloween city decor,hlw2b,time_bg_hlw2b,fst_f0_twn01,125018,0x0001E85A,124511,0x0001E65F,-507,other_isgrp,isgrp_003384,scheduler_group
11,family_window,13,Gridania,All Saints/Halloween city decor,hlw2b,time_bg_hlw2b,fst_f0_twn01,125018,0x0001E85A,124524,0x0001E66C,-494,other_sgrp,sgrp_sip0,scheduler_group
11,family_window,14,Gridania,All Saints/Halloween city decor,hlw2b,time_bg_hlw2b,fst_f0_twn01,125018,0x0001E85A,124573,0x0001E69D,-445,other_sgrp,sgrp_siplamp0,scheduler_group
11,family_window,15,Gridania,All Saints/Halloween city decor,hlw2b,time_bg_hlw2b,fst_f0_twn01,125018,0x0001E85A,124595,0x0001E6B3,-423,other_isgrp,isgrp_003392,scheduler_group
11,family_window,16,Gridania,All Saints/Halloween city decor,hlw2b,time_bg_hlw2b,fst_f0_twn01,125018,0x0001E85A,124608,0x0001E6C0,-410,other_sgrp,sgrp_f0t0_a0_hlw1a_h,scheduler_group
11,family_window,17,Gridania,All Saints/Halloween city decor,hlw2b,time_bg_hlw2b,fst_f0_twn01,125018,0x0001E85A,124629,0x0001E6D5,-389,nearby,f0t0_a0_hlw1a_h_001,interesting
11,family_window,18,Gridania,All Saints/Halloween city decor,hlw2b,time_bg_hlw2b,fst_f0_twn01,125018,0x0001E85A,124649,0x0001E6E9,-369,other_sgrp,sgrp_f0t0_a0_hlw1b_h,scheduler_group
11,family_window,19,Gridania,All Saints/Halloween city decor,hlw2b,time_bg_hlw2b,fst_f0_twn01,125018,0x0001E85A,124670,0x0001E6FE,-348,nearby,f0t0_a0_hlw1b_h_001,interesting
11,family_window,20,Gridania,All Saints/Halloween city decor,hlw2b,time_bg_hlw2b,fst_f0_twn01,125018,0x0001E85A,124690,0x0001E712,-328,other_sgrp,sgrp_f0t0_a0_hlw1c_h,scheduler_group
11,family_window,21,Gridania,All Saints/Halloween city decor,hlw2b,time_bg_hlw2b,fst_f0_twn01,125018,0x0001E85A,124711,0x0001E727,-307,nearby,f0t0_a0_hlw1c_h_001,interesting
11,family_window,22,Gridania,All Saints/Halloween city decor,hlw2b,time_bg_hlw2b,fst_f0_twn01,125018,0x0001E85A,124731,0x0001E73B,-287,other_sgrp,sgrp_f0t0_a0_hlw1d_h,scheduler_group
11,family_window,23,Gridania,All Saints/Halloween city decor,hlw2b,time_bg_hlw2b,fst_f0_twn01,125018,0x0001E85A,124752,0x0001E750,-266,nearby,f0t0_a0_hlw1d_h_001,interesting
11,family_window,24,Gridania,All Saints/Halloween city decor,hlw2b,time_bg_hlw2b,fst_f0_twn01,125018,0x0001E85A,124772,0x0001E764,-246,other_sgrp,sgrp_f0t0_a0_hlw1e_h,scheduler_group
11,family_window,25,Gridania,All Saints/Halloween city decor,hlw2b,time_bg_hlw2b,fst_f0_twn01,125018,0x0001E85A,124793,0x0001E779,-225,nearby,f0t0_a0_hlw1e_h_001,interesting
11,family_window,26,Gridania,All Saints/Halloween city decor,hlw2b,time_bg_hlw2b,fst_f0_twn01,125018,0x0001E85A,124813,0x0001E78D,-205,other_sgrp,sgrp_f0t0_a0_hlw1f_h,scheduler_group
11,family_window,27,Gridania,All Saints/Halloween city decor,hlw2b,time_bg_hlw2b,fst_f0_twn01,125018,0x0001E85A,124834,0x0001E7A2,-184,nearby,f0t0_a0_hlw1f_h_001,interesting
11,family_window,28,Gridania,All Saints/Halloween city decor,hlw2b,time_bg_hlw2b,fst_f0_twn01,125018,0x0001E85A,124854,0x0001E7B6,-164,other_sgrp,sgrp_f0t0_a0_hlw1g_h,scheduler_group
11,family_window,29,Gridania,All Saints/Halloween city decor,hlw2b,time_bg_hlw2b,fst_f0_twn01,125018,0x0001E85A,124875,0x0001E7CB,-143,nearby,f0t0_a0_hlw1g_h_001,interesting
11,family_window,30,Gridania,All Saints/Halloween city decor,hlw2b,time_bg_hlw2b,fst_f0_twn01,125018,0x0001E85A,124895,0x0001E7DF,-123,other_sgrp,sgrp_f0t0_a0_hlw1h_h,scheduler_group
11,family_window,31,Gridania,All Saints/Halloween city decor,hlw2b,time_bg_hlw2b,fst_f0_twn01,125018,0x0001E85A,124916,0x0001E7F4,-102,nearby,f0t0_a0_hlw1h_h_001,interesting
11,family_window,32,Gridania,All Saints/Halloween city decor,hlw2b,time_bg_hlw2b,fst_f0_twn01,125018,0x0001E85A,124936,0x0001E808,-82,other_sgrp,sgrp_f0t0_a0_hlw1i_h,scheduler_group
11,family_window,33,Gridania,All Saints/Halloween city decor,hlw2b,time_bg_hlw2b,fst_f0_twn01,125018,0x0001E85A,124957,0x0001E81D,-61,nearby,f0t0_a0_hlw1i_h_001,interesting
11,family_window,34,Gridania,All Saints/Halloween city decor,hlw2b,time_bg_hlw2b,fst_f0_twn01,125018,0x0001E85A,124977,0x0001E831,-41,other_sgrp,sgrp_f0t0_a0_hlw2a_h,scheduler_group
11,family_window,35,Gridania,All Saints/Halloween city decor,hlw2b,time_bg_hlw2b,fst_f0_twn01,125018,0x0001E85A,124998,0x0001E846,-20,center_neighbor,f0t0_a0_hlw2a_h_001,interesting
11,family_window,36,Gridania,All Saints/Halloween city decor,hlw2b,time_bg_hlw2b,fst_f0_twn01,125018,0x0001E85A,125018,0x0001E85A,0,matched_group,sgrp_f0t0_a0_hlw2b_h,scheduler_group
11,family_window,37,Gridania,All Saints/Halloween city decor,hlw2b,time_bg_hlw2b,fst_f0_twn01,125018,0x0001E85A,125039,0x0001E86F,21,same_family_mesh_or_attr,f0t0_a0_hlw2b_h_001,interesting
11,family_window,38,Gridania,All Saints/Halloween city decor,hlw2b,time_bg_hlw2b,fst_f0_twn01,125018,0x0001E85A,125059,0x0001E883,41,other_isgrp,isgrp_003394,scheduler_group
11,family_window,39,Gridania,All Saints/Halloween city decor,hlw2b,time_bg_hlw2b,fst_f0_twn01,125018,0x0001E85A,125072,0x0001E890,54,other_isgrp,isgrp_003395,scheduler_group
11,family_window,40,Gridania,All Saints/Halloween city decor,hlw2b,time_bg_hlw2b,fst_f0_twn01,125018,0x0001E85A,125085,0x0001E89D,67,other_isgrp,isgrp_003396,scheduler_group
11,family_window,41,Gridania,All Saints/Halloween city decor,hlw2b,time_bg_hlw2b,fst_f0_twn01,125018,0x0001E85A,125098,0x0001E8AA,80,other_isgrp,isgrp_003397,scheduler_group
11,family_window,42,Gridania,All Saints/Halloween city decor,hlw2b,time_bg_hlw2b,fst_f0_twn01,125018,0x0001E85A,125111,0x0001E8B7,93,other_isgrp,isgrp_003398,scheduler_group
11,family_window,43,Gridania,All Saints/Halloween city decor,hlw2b,time_bg_hlw2b,fst_f0_twn01,125018,0x0001E85A,125124,0x0001E8C4,106,other_isgrp,isgrp_003399,scheduler_group
11,family_window,44,Gridania,All Saints/Halloween city decor,hlw2b,time_bg_hlw2b,fst_f0_twn01,125018,0x0001E85A,125137,0x0001E8D1,119,other_isgrp,isgrp_003400,scheduler_group
11,family_window,45,Gridania,All Saints/Halloween city decor,hlw2b,time_bg_hlw2b,fst_f0_twn01,125018,0x0001E85A,125150,0x0001E8DE,132,other_isgrp,isgrp_003401,scheduler_group
11,family_window,46,Gridania,All Saints/Halloween city decor,hlw2b,time_bg_hlw2b,fst_f0_twn01,125018,0x0001E85A,125163,0x0001E8EB,145,other_isgrp,isgrp_003402,scheduler_group
11,family_window,47,Gridania,All Saints/Halloween city decor,hlw2b,time_bg_hlw2b,fst_f0_twn01,125018,0x0001E85A,125176,0x0001E8F8,158,other_isgrp,isgrp_003403,scheduler_group
11,family_window,48,Gridania,All Saints/Halloween city decor,hlw2b,time_bg_hlw2b,fst_f0_twn01,125018,0x0001E85A,125189,0x0001E905,171,other_isgrp,isgrp_003404,scheduler_group
11,family_window,49,Gridania,All Saints/Halloween city decor,hlw2b,time_bg_hlw2b,fst_f0_twn01,125018,0x0001E85A,125202,0x0001E912,184,other_isgrp,isgrp_003405,scheduler_group
11,family_window,50,Gridania,All Saints/Halloween city decor,hlw2b,time_bg_hlw2b,fst_f0_twn01,125018,0x0001E85A,125215,0x0001E91F,197,other_isgrp,isgrp_003406,scheduler_group
11,family_window,51,Gridania,All Saints/Halloween city decor,hlw2b,time_bg_hlw2b,fst_f0_twn01,125018,0x0001E85A,125228,0x0001E92C,210,other_isgrp,isgrp_003407,scheduler_group
11,family_window,52,Gridania,All Saints/Halloween city decor,hlw2b,time_bg_hlw2b,fst_f0_twn01,125018,0x0001E85A,125241,0x0001E939,223,other_isgrp,isgrp_003408,scheduler_group
11,family_window,53,Gridania,All Saints/Halloween city decor,hlw2b,time_bg_hlw2b,fst_f0_twn01,125018,0x0001E85A,125254,0x0001E946,236,other_isgrp,isgrp_003409,scheduler_group
11,family_window,54,Gridania,All Saints/Halloween city decor,hlw2b,time_bg_hlw2b,fst_f0_twn01,125018,0x0001E85A,125267,0x0001E953,249,other_isgrp,isgrp_003410,scheduler_group
11,family_window,55,Gridania,All Saints/Halloween city decor,hlw2b,time_bg_hlw2b,fst_f0_twn01,125018,0x0001E85A,125280,0x0001E960,262,other_isgrp,isgrp_003411,scheduler_group
11,family_window,56,Gridania,All Saints/Halloween city decor,hlw2b,time_bg_hlw2b,fst_f0_twn01,125018,0x0001E85A,125293,0x0001E96D,275,other_isgrp,isgrp_003412,scheduler_group
11,family_window,57,Gridania,All Saints/Halloween city decor,hlw2b,time_bg_hlw2b,fst_f0_twn01,125018,0x0001E85A,125306,0x0001E97A,288,other_isgrp,isgrp_003413,scheduler_group
11,family_window,58,Gridania,All Saints/Halloween city decor,hlw2b,time_bg_hlw2b,fst_f0_twn01,125018,0x0001E85A,125319,0x0001E987,301,other_isgrp,isgrp_003414,scheduler_group
11,family_window,59,Gridania,All Saints/Halloween city decor,hlw2b,time_bg_hlw2b,fst_f0_twn01,125018,0x0001E85A,125332,0x0001E994,314,other_isgrp,isgrp_003415,scheduler_group
11,family_window,60,Gridania,All Saints/Halloween city decor,hlw2b,time_bg_hlw2b,fst_f0_twn01,125018,0x0001E85A,125345,0x0001E9A1,327,other_isgrp,isgrp_003416,scheduler_group
11,family_window,61,Gridania,All Saints/Halloween city decor,hlw2b,time_bg_hlw2b,fst_f0_twn01,125018,0x0001E85A,125358,0x0001E9AE,340,other_isgrp,isgrp_003417,scheduler_group
11,family_window,62,Gridania,All Saints/Halloween city decor,hlw2b,time_bg_hlw2b,fst_f0_twn01,125018,0x0001E85A,125371,0x0001E9BB,353,other_isgrp,isgrp_003418,scheduler_group
11,family_window,63,Gridania,All Saints/Halloween city decor,hlw2b,time_bg_hlw2b,fst_f0_twn01,125018,0x0001E85A,125384,0x0001E9C8,366,other_isgrp,isgrp_003419,scheduler_group
11,family_window,64,Gridania,All Saints/Halloween city decor,hlw2b,time_bg_hlw2b,fst_f0_twn01,125018,0x0001E85A,125397,0x0001E9D5,379,other_isgrp,isgrp_003420,scheduler_group
11,family_window,65,Gridania,All Saints/Halloween city decor,hlw2b,time_bg_hlw2b,fst_f0_twn01,125018,0x0001E85A,125410,0x0001E9E2,392,other_isgrp,isgrp_003421,scheduler_group
11,family_window,66,Gridania,All Saints/Halloween city decor,hlw2b,time_bg_hlw2b,fst_f0_twn01,125018,0x0001E85A,125423,0x0001E9EF,405,other_isgrp,isgrp_003422,scheduler_group
11,family_window,67,Gridania,All Saints/Halloween city decor,hlw2b,time_bg_hlw2b,fst_f0_twn01,125018,0x0001E85A,125436,0x0001E9FC,418,other_isgrp,isgrp_003423,scheduler_group
11,family_window,68,Gridania,All Saints/Halloween city decor,hlw2b,time_bg_hlw2b,fst_f0_twn01,125018,0x0001E85A,125449,0x0001EA09,431,other_isgrp,isgrp_003424,scheduler_group
11,family_window,69,Gridania,All Saints/Halloween city decor,hlw2b,time_bg_hlw2b,fst_f0_twn01,125018,0x0001E85A,125462,0x0001EA16,444,other_isgrp,isgrp_003425,scheduler_group
11,family_window,70,Gridania,All Saints/Halloween city decor,hlw2b,time_bg_hlw2b,fst_f0_twn01,125018,0x0001E85A,125475,0x0001EA23,457,other_isgrp,isgrp_003426,scheduler_group
11,family_window,71,Gridania,All Saints/Halloween city decor,hlw2b,time_bg_hlw2b,fst_f0_twn01,125018,0x0001E85A,125488,0x0001EA30,470,other_isgrp,isgrp_003427,scheduler_group
11,family_window,72,Gridania,All Saints/Halloween city decor,hlw2b,time_bg_hlw2b,fst_f0_twn01,125018,0x0001E85A,125501,0x0001EA3D,483,other_isgrp,isgrp_003428,scheduler_group
11,family_window,73,Gridania,All Saints/Halloween city decor,hlw2b,time_bg_hlw2b,fst_f0_twn01,125018,0x0001E85A,125514,0x0001EA4A,496,other_isgrp,isgrp_003429,scheduler_group
11,family_window,74,Gridania,All Saints/Halloween city decor,hlw2b,time_bg_hlw2b,fst_f0_twn01,125018,0x0001E85A,125527,0x0001EA57,509,other_isgrp,isgrp_003430,scheduler_group
11,family_window,75,Gridania,All Saints/Halloween city decor,hlw2b,time_bg_hlw2b,fst_f0_twn01,125018,0x0001E85A,125540,0x0001EA64,522,other_isgrp,isgrp_003431,scheduler_group
11,family_window,76,Gridania,All Saints/Halloween city decor,hlw2b,time_bg_hlw2b,fst_f0_twn01,125018,0x0001E85A,125553,0x0001EA71,535,other_isgrp,isgrp_003432,scheduler_group
11,family_window,77,Gridania,All Saints/Halloween city decor,hlw2b,time_bg_hlw2b,fst_f0_twn01,125018,0x0001E85A,125566,0x0001EA7E,548,other_isgrp,isgrp_003433,scheduler_group
11,family_window,78,Gridania,All Saints/Halloween city decor,hlw2b,time_bg_hlw2b,fst_f0_twn01,125018,0x0001E85A,125579,0x0001EA8B,561,other_isgrp,isgrp_003434,scheduler_group
11,family_window,79,Gridania,All Saints/Halloween city decor,hlw2b,time_bg_hlw2b,fst_f0_twn01,125018,0x0001E85A,125592,0x0001EA98,574,other_isgrp,isgrp_003435,scheduler_group
11,family_window,80,Gridania,All Saints/Halloween city decor,hlw2b,time_bg_hlw2b,fst_f0_twn01,125018,0x0001E85A,125605,0x0001EAA5,587,other_isgrp,isgrp_003436,scheduler_group
11,family_window,81,Gridania,All Saints/Halloween city decor,hlw2b,time_bg_hlw2b,fst_f0_twn01,125018,0x0001E85A,125618,0x0001EAB2,600,other_isgrp,isgrp_003437,scheduler_group
11,family_window,82,Gridania,All Saints/Halloween city decor,hlw2b,time_bg_hlw2b,fst_f0_twn01,125018,0x0001E85A,125631,0x0001EABF,613,other_isgrp,isgrp_003438,scheduler_group
11,family_window,83,Gridania,All Saints/Halloween city decor,hlw2b,time_bg_hlw2b,fst_f0_twn01,125018,0x0001E85A,125644,0x0001EACC,626,other_isgrp,isgrp_003439,scheduler_group
11,family_window,84,Gridania,All Saints/Halloween city decor,hlw2b,time_bg_hlw2b,fst_f0_twn01,125018,0x0001E85A,125657,0x0001EAD9,639,other_isgrp,isgrp_003440,scheduler_group
11,family_window,85,Gridania,All Saints/Halloween city decor,hlw2b,time_bg_hlw2b,fst_f0_twn01,125018,0x0001E85A,125670,0x0001EAE6,652,other_isgrp,isgrp_003441,scheduler_group
11,family_window,86,Gridania,All Saints/Halloween city decor,hlw2b,time_bg_hlw2b,fst_f0_twn01,125018,0x0001E85A,125683,0x0001EAF3,665,other_isgrp,isgrp_003442,scheduler_group
11,family_window,87,Gridania,All Saints/Halloween city decor,hlw2b,time_bg_hlw2b,fst_f0_twn01,125018,0x0001E85A,125696,0x0001EB00,678,other_isgrp,isgrp_003443,scheduler_group
11,family_window,88,Gridania,All Saints/Halloween city decor,hlw2b,time_bg_hlw2b,fst_f0_twn01,125018,0x0001E85A,125709,0x0001EB0D,691,other_isgrp,isgrp_003444,scheduler_group
11,family_window,89,Gridania,All Saints/Halloween city decor,hlw2b,time_bg_hlw2b,fst_f0_twn01,125018,0x0001E85A,125722,0x0001EB1A,704,other_isgrp,isgrp_003445,scheduler_group
11,family_window,90,Gridania,All Saints/Halloween city decor,hlw2b,time_bg_hlw2b,fst_f0_twn01,125018,0x0001E85A,125735,0x0001EB27,717,other_isgrp,isgrp_003446,scheduler_group
11,family_window,91,Gridania,All Saints/Halloween city decor,hlw2b,time_bg_hlw2b,fst_f0_twn01,125018,0x0001E85A,125748,0x0001EB34,730,other_isgrp,isgrp_003447,scheduler_group
11,family_window,92,Gridania,All Saints/Halloween city decor,hlw2b,time_bg_hlw2b,fst_f0_twn01,125018,0x0001E85A,125761,0x0001EB41,743,other_isgrp,isgrp_003448,scheduler_group
11,family_window,93,Gridania,All Saints/Halloween city decor,hlw2b,time_bg_hlw2b,fst_f0_twn01,125018,0x0001E85A,125774,0x0001EB4E,756,other_isgrp,isgrp_003449,scheduler_group
11,owner_window,1,Gridania,All Saints/Halloween city decor,hlw2b,time_bg_hlw2b,fst_f0_twn01,122804,0x0001DFB4,122038,0x0001DCB6,-766,nearby,Bk_isgrp_0239-001,interesting
11,owner_window,2,Gridania,All Saints/Halloween city decor,hlw2b,time_bg_hlw2b,fst_f0_twn01,122804,0x0001DFB4,122056,0x0001DCC8,-748,other_isgrp,isgrp_003288,scheduler_group
11,owner_window,3,Gridania,All Saints/Halloween city decor,hlw2b,time_bg_hlw2b,fst_f0_twn01,122804,0x0001DFB4,122069,0x0001DCD5,-735,other_isgrp,isgrp_000020,scheduler_group
11,owner_window,4,Gridania,All Saints/Halloween city decor,hlw2b,time_bg_hlw2b,fst_f0_twn01,122804,0x0001DFB4,122082,0x0001DCE2,-722,other_sgrp,sgrp_f0t0_b0_caf00i_h,scheduler_group
11,owner_window,5,Gridania,All Saints/Halloween city decor,hlw2b,time_bg_hlw2b,fst_f0_twn01,122804,0x0001DFB4,122177,0x0001DD41,-627,other_sgrp,sgrp_f0t0_b0_caf00ia_h,scheduler_group
11,owner_window,6,Gridania,All Saints/Halloween city decor,hlw2b,time_bg_hlw2b,fst_f0_twn01,122804,0x0001DFB4,122262,0x0001DD96,-542,other_sgrp,sgrp_bg_airport,scheduler_group
11,owner_window,7,Gridania,All Saints/Halloween city decor,hlw2b,time_bg_hlw2b,fst_f0_twn01,122804,0x0001DFB4,122278,0x0001DDA6,-526,other_sgrp,sgrp_air1,scheduler_group
11,owner_window,8,Gridania,All Saints/Halloween city decor,hlw2b,time_bg_hlw2b,fst_f0_twn01,122804,0x0001DFB4,122424,0x0001DE38,-380,nearby,vfx_hktlmp1_058,vfx_or_scene_def
11,owner_window,9,Gridania,All Saints/Halloween city decor,hlw2b,time_bg_hlw2b,fst_f0_twn01,122804,0x0001DFB4,122440,0x0001DE48,-364,nearby,vfx_hktlmp1nq,vfx_or_scene_def
11,owner_window,10,Gridania,All Saints/Halloween city decor,hlw2b,time_bg_hlw2b,fst_f0_twn01,122804,0x0001DFB4,122518,0x0001DE96,-286,nearby,vfx_hktlmp2_059,vfx_or_scene_def
11,owner_window,11,Gridania,All Saints/Halloween city decor,hlw2b,time_bg_hlw2b,fst_f0_twn01,122804,0x0001DFB4,122534,0x0001DEA6,-270,nearby,vfx_hktlmp2nq,vfx_or_scene_def
11,owner_window,12,Gridania,All Saints/Halloween city decor,hlw2b,time_bg_hlw2b,fst_f0_twn01,122804,0x0001DFB4,122576,0x0001DED0,-228,other_sgrp,sgrp_air2,scheduler_group
11,owner_window,13,Gridania,All Saints/Halloween city decor,hlw2b,time_bg_hlw2b,fst_f0_twn01,122804,0x0001DFB4,122687,0x0001DF3F,-117,nearby,vfx_hktlmp3_060,vfx_or_scene_def
11,owner_window,14,Gridania,All Saints/Halloween city decor,hlw2b,time_bg_hlw2b,fst_f0_twn01,122804,0x0001DFB4,122703,0x0001DF4F,-101,nearby,vfx_hktlmp3nq,vfx_or_scene_def
11,owner_window,15,Gridania,All Saints/Halloween city decor,hlw2b,time_bg_hlw2b,fst_f0_twn01,122804,0x0001DFB4,122804,0x0001DFB4,0,owner_isgrp,isgrp_003294,scheduler_group
11,owner_window,16,Gridania,All Saints/Halloween city decor,hlw2b,time_bg_hlw2b,fst_f0_twn01,122804,0x0001DFB4,122817,0x0001DFC1,13,center_neighbor,Bk_isgrp_0160-003,interesting
11,owner_window,17,Gridania,All Saints/Halloween city decor,hlw2b,time_bg_hlw2b,fst_f0_twn01,122804,0x0001DFB4,122835,0x0001DFD3,31,center_neighbor,Bk_isgrp_0160-004,interesting
11,owner_window,18,Gridania,All Saints/Halloween city decor,hlw2b,time_bg_hlw2b,fst_f0_twn01,122804,0x0001DFB4,122853,0x0001DFE5,49,nearby,Bk_isgrp_0160-005,interesting
11,owner_window,19,Gridania,All Saints/Halloween city decor,hlw2b,time_bg_hlw2b,fst_f0_twn01,122804,0x0001DFB4,122871,0x0001DFF7,67,nearby,Bk_isgrp_0160-006,interesting
11,owner_window,20,Gridania,All Saints/Halloween city decor,hlw2b,time_bg_hlw2b,fst_f0_twn01,122804,0x0001DFB4,122889,0x0001E009,85,nearby,Bk_isgrp_0160-007,interesting
11,owner_window,21,Gridania,All Saints/Halloween city decor,hlw2b,time_bg_hlw2b,fst_f0_twn01,122804,0x0001DFB4,122907,0x0001E01B,103,nearby,Bk_isgrp_0160-008,interesting
11,owner_window,22,Gridania,All Saints/Halloween city decor,hlw2b,time_bg_hlw2b,fst_f0_twn01,122804,0x0001DFB4,122925,0x0001E02D,121,nearby,Bk_isgrp_0160-009,interesting
11,owner_window,23,Gridania,All Saints/Halloween city decor,hlw2b,time_bg_hlw2b,fst_f0_twn01,122804,0x0001DFB4,122943,0x0001E03F,139,other_sgrp,sgrp_bg_coll_a1,scheduler_group
11,owner_window,24,Gridania,All Saints/Halloween city decor,hlw2b,time_bg_hlw2b,fst_f0_twn01,122804,0x0001DFB4,122974,0x0001E05E,170,other_isgrp,isgrp_003296,scheduler_group
11,owner_window,25,Gridania,All Saints/Halloween city decor,hlw2b,time_bg_hlw2b,fst_f0_twn01,122804,0x0001DFB4,122987,0x0001E06B,183,other_isgrp,isgrp_003297,scheduler_group
11,owner_window,26,Gridania,All Saints/Halloween city decor,hlw2b,time_bg_hlw2b,fst_f0_twn01,122804,0x0001DFB4,123000,0x0001E078,196,other_isgrp,isgrp_003298,scheduler_group
11,owner_window,27,Gridania,All Saints/Halloween city decor,hlw2b,time_bg_hlw2b,fst_f0_twn01,122804,0x0001DFB4,123013,0x0001E085,209,other_isgrp,isgrp_003299,scheduler_group
11,owner_window,28,Gridania,All Saints/Halloween city decor,hlw2b,time_bg_hlw2b,fst_f0_twn01,122804,0x0001DFB4,123026,0x0001E092,222,other_isgrp,isgrp_003300,scheduler_group
11,owner_window,29,Gridania,All Saints/Halloween city decor,hlw2b,time_bg_hlw2b,fst_f0_twn01,122804,0x0001DFB4,123039,0x0001E09F,235,other_isgrp,isgrp_003301,scheduler_group
11,owner_window,30,Gridania,All Saints/Halloween city decor,hlw2b,time_bg_hlw2b,fst_f0_twn01,122804,0x0001DFB4,123052,0x0001E0AC,248,other_sgrp,sgrp_f0t0_z0_bukei_h,scheduler_group
11,owner_window,31,Gridania,All Saints/Halloween city decor,hlw2b,time_bg_hlw2b,fst_f0_twn01,122804,0x0001DFB4,123093,0x0001E0D5,289,other_sgrp,sgrp_f0t0_z0_fragi_h,scheduler_group
11,owner_window,32,Gridania,All Saints/Halloween city decor,hlw2b,time_bg_hlw2b,fst_f0_twn01,122804,0x0001DFB4,123134,0x0001E0FE,330,other_sgrp,sgrp_f0t0_z0_kikoi_h,scheduler_group
11,owner_window,33,Gridania,All Saints/Halloween city decor,hlw2b,time_bg_hlw2b,fst_f0_twn01,122804,0x0001DFB4,123175,0x0001E127,371,other_sgrp,sgrp_f0t0_z0_mokui_h,scheduler_group
11,owner_window,34,Gridania,All Saints/Halloween city decor,hlw2b,time_bg_hlw2b,fst_f0_twn01,122804,0x0001DFB4,123216,0x0001E150,412,other_sgrp,sgrp_f0t0_z0_shopi_h,scheduler_group
11,owner_window,35,Gridania,All Saints/Halloween city decor,hlw2b,time_bg_hlw2b,fst_f0_twn01,122804,0x0001DFB4,123257,0x0001E179,453,other_sgrp,sgrp_f0t0_z0_wrk1i_h,scheduler_group
11,owner_window,36,Gridania,All Saints/Halloween city decor,hlw2b,time_bg_hlw2b,fst_f0_twn01,122804,0x0001DFB4,123298,0x0001E1A2,494,other_sgrp,sgrp_f0t0_z0_wrk2i_h,scheduler_group
11,owner_window,37,Gridania,All Saints/Halloween city decor,hlw2b,time_bg_hlw2b,fst_f0_twn01,122804,0x0001DFB4,123339,0x0001E1CB,535,other_sgrp,sgrp_bg_t1_door_e1,scheduler_group
11,owner_window,38,Gridania,All Saints/Halloween city decor,hlw2b,time_bg_hlw2b,fst_f0_twn01,122804,0x0001DFB4,123358,0x0001E1DE,554,other_isgrp,isgrp_003314,scheduler_group
11,owner_window,39,Gridania,All Saints/Halloween city decor,hlw2b,time_bg_hlw2b,fst_f0_twn01,122804,0x0001DFB4,123371,0x0001E1EB,567,other_isgrp,isgrp_000041,scheduler_group
11,owner_window,40,Gridania,All Saints/Halloween city decor,hlw2b,time_bg_hlw2b,fst_f0_twn01,122804,0x0001DFB4,123384,0x0001E1F8,580,other_sgrp,sgrp_0574,scheduler_group
11,owner_window,41,Gridania,All Saints/Halloween city decor,hlw2b,time_bg_hlw2b,fst_f0_twn01,122804,0x0001DFB4,123399,0x0001E207,595,other_sgrp,sgrp_0575,scheduler_group
11,owner_window,42,Gridania,All Saints/Halloween city decor,hlw2b,time_bg_hlw2b,fst_f0_twn01,122804,0x0001DFB4,123414,0x0001E216,610,other_sgrp,sgrp_0576,scheduler_group
11,owner_window,43,Gridania,All Saints/Halloween city decor,hlw2b,time_bg_hlw2b,fst_f0_twn01,122804,0x0001DFB4,123429,0x0001E225,625,other_sgrp,sgrp_0577,scheduler_group
11,owner_window,44,Gridania,All Saints/Halloween city decor,hlw2b,time_bg_hlw2b,fst_f0_twn01,122804,0x0001DFB4,123444,0x0001E234,640,other_isgrp,isgrp_003322,scheduler_group
11,owner_window,45,Gridania,All Saints/Halloween city decor,hlw2b,time_bg_hlw2b,fst_f0_twn01,122804,0x0001DFB4,123457,0x0001E241,653,other_isgrp,isgrp_003324,scheduler_group
11,owner_window,46,Gridania,All Saints/Halloween city decor,hlw2b,time_bg_hlw2b,fst_f0_twn01,122804,0x0001DFB4,123470,0x0001E24E,666,other_sgrp,sgrp_f0t0_a0_gate3_h,scheduler_group
11,owner_window,47,Gridania,All Saints/Halloween city decor,hlw2b,time_bg_hlw2b,fst_f0_twn01,122804,0x0001DFB4,123536,0x0001E290,732,other_sgrp,sgrp_f0t0_a0_gate1_h,scheduler_group
12,family_window,1,Limsa Lominsa,All Saints/Halloween city decor,hw_obj1_h,time_bg_hw_obj1_h,sea_s0_twn01,110275,0x0001AEC3,109579,0x0001AC0B,-696,other_isgrp,isgrp_003181,scheduler_group
12,family_window,2,Limsa Lominsa,All Saints/Halloween city decor,hw_obj1_h,time_bg_hw_obj1_h,sea_s0_twn01,110275,0x0001AEC3,109592,0x0001AC18,-683,other_isgrp,isgrp_003182,scheduler_group
12,family_window,3,Limsa Lominsa,All Saints/Halloween city decor,hw_obj1_h,time_bg_hw_obj1_h,sea_s0_twn01,110275,0x0001AEC3,109605,0x0001AC25,-670,other_isgrp,isgrp_003183,scheduler_group
12,family_window,4,Limsa Lominsa,All Saints/Halloween city decor,hw_obj1_h,time_bg_hw_obj1_h,sea_s0_twn01,110275,0x0001AEC3,109618,0x0001AC32,-657,other_isgrp,isgrp_003184,scheduler_group
12,family_window,5,Limsa Lominsa,All Saints/Halloween city decor,hw_obj1_h,time_bg_hw_obj1_h,sea_s0_twn01,110275,0x0001AEC3,109631,0x0001AC3F,-644,other_isgrp,isgrp_003185,scheduler_group
12,family_window,6,Limsa Lominsa,All Saints/Halloween city decor,hw_obj1_h,time_bg_hw_obj1_h,sea_s0_twn01,110275,0x0001AEC3,109644,0x0001AC4C,-631,other_isgrp,isgrp_003186,scheduler_group
12,family_window,7,Limsa Lominsa,All Saints/Halloween city decor,hw_obj1_h,time_bg_hw_obj1_h,sea_s0_twn01,110275,0x0001AEC3,109657,0x0001AC59,-618,other_isgrp,isgrp_003187,scheduler_group
12,family_window,8,Limsa Lominsa,All Saints/Halloween city decor,hw_obj1_h,time_bg_hw_obj1_h,sea_s0_twn01,110275,0x0001AEC3,109670,0x0001AC66,-605,other_isgrp,isgrp_003188,scheduler_group
12,family_window,9,Limsa Lominsa,All Saints/Halloween city decor,hw_obj1_h,time_bg_hw_obj1_h,sea_s0_twn01,110275,0x0001AEC3,109683,0x0001AC73,-592,other_isgrp,isgrp_003189,scheduler_group
12,family_window,10,Limsa Lominsa,All Saints/Halloween city decor,hw_obj1_h,time_bg_hw_obj1_h,sea_s0_twn01,110275,0x0001AEC3,109696,0x0001AC80,-579,other_isgrp,isgrp_003190,scheduler_group
12,family_window,11,Limsa Lominsa,All Saints/Halloween city decor,hw_obj1_h,time_bg_hw_obj1_h,sea_s0_twn01,110275,0x0001AEC3,109709,0x0001AC8D,-566,other_isgrp,isgrp_003191,scheduler_group
12,family_window,12,Limsa Lominsa,All Saints/Halloween city decor,hw_obj1_h,time_bg_hw_obj1_h,sea_s0_twn01,110275,0x0001AEC3,109722,0x0001AC9A,-553,other_isgrp,isgrp_003192,scheduler_group
12,family_window,13,Limsa Lominsa,All Saints/Halloween city decor,hw_obj1_h,time_bg_hw_obj1_h,sea_s0_twn01,110275,0x0001AEC3,109735,0x0001ACA7,-540,other_sgrp,sgrp_bg_flg1,scheduler_group
12,family_window,14,Limsa Lominsa,All Saints/Halloween city decor,hw_obj1_h,time_bg_hw_obj1_h,sea_s0_twn01,110275,0x0001AEC3,109788,0x0001ACDC,-487,other_isgrp,isgrp_003193,scheduler_group
12,family_window,15,Limsa Lominsa,All Saints/Halloween city decor,hw_obj1_h,time_bg_hw_obj1_h,sea_s0_twn01,110275,0x0001AEC3,109801,0x0001ACE9,-474,other_isgrp,isgrp_003194,scheduler_group
12,family_window,16,Limsa Lominsa,All Saints/Halloween city decor,hw_obj1_h,time_bg_hw_obj1_h,sea_s0_twn01,110275,0x0001AEC3,109814,0x0001ACF6,-461,other_isgrp,isgrp_003195,scheduler_group
12,family_window,17,Limsa Lominsa,All Saints/Halloween city decor,hw_obj1_h,time_bg_hw_obj1_h,sea_s0_twn01,110275,0x0001AEC3,109827,0x0001AD03,-448,other_isgrp,isgrp_003196,scheduler_group
12,family_window,18,Limsa Lominsa,All Saints/Halloween city decor,hw_obj1_h,time_bg_hw_obj1_h,sea_s0_twn01,110275,0x0001AEC3,109840,0x0001AD10,-435,other_isgrp,isgrp_003197,scheduler_group
12,family_window,19,Limsa Lominsa,All Saints/Halloween city decor,hw_obj1_h,time_bg_hw_obj1_h,sea_s0_twn01,110275,0x0001AEC3,109853,0x0001AD1D,-422,other_isgrp,isgrp_003198,scheduler_group
12,family_window,20,Limsa Lominsa,All Saints/Halloween city decor,hw_obj1_h,time_bg_hw_obj1_h,sea_s0_twn01,110275,0x0001AEC3,109866,0x0001AD2A,-409,other_isgrp,isgrp_003199,scheduler_group
12,family_window,21,Limsa Lominsa,All Saints/Halloween city decor,hw_obj1_h,time_bg_hw_obj1_h,sea_s0_twn01,110275,0x0001AEC3,109879,0x0001AD37,-396,other_isgrp,isgrp_003200,scheduler_group
12,family_window,22,Limsa Lominsa,All Saints/Halloween city decor,hw_obj1_h,time_bg_hw_obj1_h,sea_s0_twn01,110275,0x0001AEC3,109892,0x0001AD44,-383,other_sgrp,sgrp_bg_flg2,scheduler_group
12,family_window,23,Limsa Lominsa,All Saints/Halloween city decor,hw_obj1_h,time_bg_hw_obj1_h,sea_s0_twn01,110275,0x0001AEC3,109923,0x0001AD63,-352,other_sgrp,sgrp_bg_flg3,scheduler_group
12,family_window,24,Limsa Lominsa,All Saints/Halloween city decor,hw_obj1_h,time_bg_hw_obj1_h,sea_s0_twn01,110275,0x0001AEC3,109954,0x0001AD82,-321,other_isgrp,isgrp_003201,scheduler_group
12,family_window,25,Limsa Lominsa,All Saints/Halloween city decor,hw_obj1_h,time_bg_hw_obj1_h,sea_s0_twn01,110275,0x0001AEC3,109967,0x0001AD8F,-308,other_isgrp,isgrp_003202,scheduler_group
12,family_window,26,Limsa Lominsa,All Saints/Halloween city decor,hw_obj1_h,time_bg_hw_obj1_h,sea_s0_twn01,110275,0x0001AEC3,109980,0x0001AD9C,-295,other_isgrp,isgrp_003203,scheduler_group
12,family_window,27,Limsa Lominsa,All Saints/Halloween city decor,hw_obj1_h,time_bg_hw_obj1_h,sea_s0_twn01,110275,0x0001AEC3,109993,0x0001ADA9,-282,other_isgrp,isgrp_003204,scheduler_group
12,family_window,28,Limsa Lominsa,All Saints/Halloween city decor,hw_obj1_h,time_bg_hw_obj1_h,sea_s0_twn01,110275,0x0001AEC3,110006,0x0001ADB6,-269,other_sgrp,sgrp_bg_hdi1,scheduler_group
12,family_window,29,Limsa Lominsa,All Saints/Halloween city decor,hw_obj1_h,time_bg_hw_obj1_h,sea_s0_twn01,110275,0x0001AEC3,110066,0x0001ADF2,-209,other_isgrp,isgrp_003205,scheduler_group
12,family_window,30,Limsa Lominsa,All Saints/Halloween city decor,hw_obj1_h,time_bg_hw_obj1_h,sea_s0_twn01,110275,0x0001AEC3,110079,0x0001ADFF,-196,other_isgrp,isgrp_003206,scheduler_group
12,family_window,31,Limsa Lominsa,All Saints/Halloween city decor,hw_obj1_h,time_bg_hw_obj1_h,sea_s0_twn01,110275,0x0001AEC3,110092,0x0001AE0C,-183,other_sgrp,sgrp_bg_lamp1,scheduler_group
12,family_window,32,Limsa Lominsa,All Saints/Halloween city decor,hw_obj1_h,time_bg_hw_obj1_h,sea_s0_twn01,110275,0x0001AEC3,110146,0x0001AE42,-129,other_isgrp,isgrp_003208,scheduler_group
12,family_window,33,Limsa Lominsa,All Saints/Halloween city decor,hw_obj1_h,time_bg_hw_obj1_h,sea_s0_twn01,110275,0x0001AEC3,110159,0x0001AE4F,-116,other_isgrp,isgrp_003209,scheduler_group
12,family_window,34,Limsa Lominsa,All Saints/Halloween city decor,hw_obj1_h,time_bg_hw_obj1_h,sea_s0_twn01,110275,0x0001AEC3,110172,0x0001AE5C,-103,other_isgrp,isgrp_003210,scheduler_group
12,family_window,35,Limsa Lominsa,All Saints/Halloween city decor,hw_obj1_h,time_bg_hw_obj1_h,sea_s0_twn01,110275,0x0001AEC3,110185,0x0001AE69,-90,other_isgrp,isgrp_003211,scheduler_group
12,family_window,36,Limsa Lominsa,All Saints/Halloween city decor,hw_obj1_h,time_bg_hw_obj1_h,sea_s0_twn01,110275,0x0001AEC3,110198,0x0001AE76,-77,other_isgrp,isgrp_003212,scheduler_group
12,family_window,37,Limsa Lominsa,All Saints/Halloween city decor,hw_obj1_h,time_bg_hw_obj1_h,sea_s0_twn01,110275,0x0001AEC3,110211,0x0001AE83,-64,other_isgrp,isgrp_003213,scheduler_group
12,family_window,38,Limsa Lominsa,All Saints/Halloween city decor,hw_obj1_h,time_bg_hw_obj1_h,sea_s0_twn01,110275,0x0001AEC3,110224,0x0001AE90,-51,other_sgrp,sgrp_bg_lght_z1,scheduler_group
12,family_window,39,Limsa Lominsa,All Saints/Halloween city decor,hw_obj1_h,time_bg_hw_obj1_h,sea_s0_twn01,110275,0x0001AEC3,110249,0x0001AEA9,-26,other_isgrp,isgrp_003214,scheduler_group
12,family_window,40,Limsa Lominsa,All Saints/Halloween city decor,hw_obj1_h,time_bg_hw_obj1_h,sea_s0_twn01,110275,0x0001AEC3,110262,0x0001AEB6,-13,other_isgrp,isgrp_003215,scheduler_group
12,family_window,41,Limsa Lominsa,All Saints/Halloween city decor,hw_obj1_h,time_bg_hw_obj1_h,sea_s0_twn01,110275,0x0001AEC3,110275,0x0001AEC3,0,matched_group,sgrp_bg_hw_obj1_h,scheduler_group
12,family_window,42,Limsa Lominsa,All Saints/Halloween city decor,hw_obj1_h,time_bg_hw_obj1_h,sea_s0_twn01,110275,0x0001AEC3,110340,0x0001AF04,65,other_sgrp,sgrp_bg_hw_obj2_h,scheduler_group
12,family_window,43,Limsa Lominsa,All Saints/Halloween city decor,hw_obj1_h,time_bg_hw_obj1_h,sea_s0_twn01,110275,0x0001AEC3,110405,0x0001AF45,130,other_sgrp,sgrp_bg_hw_obj3_h,scheduler_group
12,family_window,44,Limsa Lominsa,All Saints/Halloween city decor,hw_obj1_h,time_bg_hw_obj1_h,sea_s0_twn01,110275,0x0001AEC3,110451,0x0001AF73,176,other_sgrp,sgrp_bg_hw_obj4_h,scheduler_group
12,family_window,45,Limsa Lominsa,All Saints/Halloween city decor,hw_obj1_h,time_bg_hw_obj1_h,sea_s0_twn01,110275,0x0001AEC3,110497,0x0001AFA1,222,other_sgrp,sgrp_bg_hw_obj5_h,scheduler_group
12,family_window,46,Limsa Lominsa,All Saints/Halloween city decor,hw_obj1_h,time_bg_hw_obj1_h,sea_s0_twn01,110275,0x0001AEC3,110543,0x0001AFCF,268,other_sgrp,sgrp_bg_hw_obj6_h,scheduler_group
12,family_window,47,Limsa Lominsa,All Saints/Halloween city decor,hw_obj1_h,time_bg_hw_obj1_h,sea_s0_twn01,110275,0x0001AEC3,110608,0x0001B010,333,other_sgrp,sgrp_bg_hw_obj7_h,scheduler_group
12,family_window,48,Limsa Lominsa,All Saints/Halloween city decor,hw_obj1_h,time_bg_hw_obj1_h,sea_s0_twn01,110275,0x0001AEC3,110673,0x0001B051,398,other_sgrp,sgrp_bg_hw_obj8_h,scheduler_group
12,family_window,49,Limsa Lominsa,All Saints/Halloween city decor,hw_obj1_h,time_bg_hw_obj1_h,sea_s0_twn01,110275,0x0001AEC3,110719,0x0001B07F,444,other_isgrp,isgrp_003225,scheduler_group
12,family_window,50,Limsa Lominsa,All Saints/Halloween city decor,hw_obj1_h,time_bg_hw_obj1_h,sea_s0_twn01,110275,0x0001AEC3,110732,0x0001B08C,457,other_isgrp,isgrp_003226,scheduler_group
12,family_window,51,Limsa Lominsa,All Saints/Halloween city decor,hw_obj1_h,time_bg_hw_obj1_h,sea_s0_twn01,110275,0x0001AEC3,110745,0x0001B099,470,other_isgrp,isgrp_003227,scheduler_group
12,family_window,52,Limsa Lominsa,All Saints/Halloween city decor,hw_obj1_h,time_bg_hw_obj1_h,sea_s0_twn01,110275,0x0001AEC3,110758,0x0001B0A6,483,other_isgrp,isgrp_003228,scheduler_group
12,family_window,53,Limsa Lominsa,All Saints/Halloween city decor,hw_obj1_h,time_bg_hw_obj1_h,sea_s0_twn01,110275,0x0001AEC3,110771,0x0001B0B3,496,other_isgrp,isgrp_003229,scheduler_group
12,family_window,54,Limsa Lominsa,All Saints/Halloween city decor,hw_obj1_h,time_bg_hw_obj1_h,sea_s0_twn01,110275,0x0001AEC3,110784,0x0001B0C0,509,other_isgrp,isgrp_003230,scheduler_group
12,family_window,55,Limsa Lominsa,All Saints/Halloween city decor,hw_obj1_h,time_bg_hw_obj1_h,sea_s0_twn01,110275,0x0001AEC3,110797,0x0001B0CD,522,other_isgrp,isgrp_003231,scheduler_group
12,family_window,56,Limsa Lominsa,All Saints/Halloween city decor,hw_obj1_h,time_bg_hw_obj1_h,sea_s0_twn01,110275,0x0001AEC3,110810,0x0001B0DA,535,other_isgrp,isgrp_003232,scheduler_group
12,family_window,57,Limsa Lominsa,All Saints/Halloween city decor,hw_obj1_h,time_bg_hw_obj1_h,sea_s0_twn01,110275,0x0001AEC3,110823,0x0001B0E7,548,other_isgrp,isgrp_003233,scheduler_group
12,family_window,58,Limsa Lominsa,All Saints/Halloween city decor,hw_obj1_h,time_bg_hw_obj1_h,sea_s0_twn01,110275,0x0001AEC3,110836,0x0001B0F4,561,other_isgrp,isgrp_003234,scheduler_group
12,family_window,59,Limsa Lominsa,All Saints/Halloween city decor,hw_obj1_h,time_bg_hw_obj1_h,sea_s0_twn01,110275,0x0001AEC3,110849,0x0001B101,574,other_isgrp,isgrp_003235,scheduler_group
12,family_window,60,Limsa Lominsa,All Saints/Halloween city decor,hw_obj1_h,time_bg_hw_obj1_h,sea_s0_twn01,110275,0x0001AEC3,110862,0x0001B10E,587,other_isgrp,isgrp_003236,scheduler_group
12,family_window,61,Limsa Lominsa,All Saints/Halloween city decor,hw_obj1_h,time_bg_hw_obj1_h,sea_s0_twn01,110275,0x0001AEC3,110875,0x0001B11B,600,other_isgrp,isgrp_003237,scheduler_group
12,family_window,62,Limsa Lominsa,All Saints/Halloween city decor,hw_obj1_h,time_bg_hw_obj1_h,sea_s0_twn01,110275,0x0001AEC3,110888,0x0001B128,613,other_isgrp,isgrp_003238,scheduler_group
12,family_window,63,Limsa Lominsa,All Saints/Halloween city decor,hw_obj1_h,time_bg_hw_obj1_h,sea_s0_twn01,110275,0x0001AEC3,110901,0x0001B135,626,other_isgrp,isgrp_003239,scheduler_group
12,family_window,64,Limsa Lominsa,All Saints/Halloween city decor,hw_obj1_h,time_bg_hw_obj1_h,sea_s0_twn01,110275,0x0001AEC3,110914,0x0001B142,639,other_isgrp,isgrp_003240,scheduler_group
12,family_window,65,Limsa Lominsa,All Saints/Halloween city decor,hw_obj1_h,time_bg_hw_obj1_h,sea_s0_twn01,110275,0x0001AEC3,110927,0x0001B14F,652,other_isgrp,isgrp_003241,scheduler_group
12,family_window,66,Limsa Lominsa,All Saints/Halloween city decor,hw_obj1_h,time_bg_hw_obj1_h,sea_s0_twn01,110275,0x0001AEC3,110940,0x0001B15C,665,other_isgrp,isgrp_003242,scheduler_group
12,family_window,67,Limsa Lominsa,All Saints/Halloween city decor,hw_obj1_h,time_bg_hw_obj1_h,sea_s0_twn01,110275,0x0001AEC3,110953,0x0001B169,678,other_isgrp,isgrp_003245,scheduler_group
12,family_window,68,Limsa Lominsa,All Saints/Halloween city decor,hw_obj1_h,time_bg_hw_obj1_h,sea_s0_twn01,110275,0x0001AEC3,110966,0x0001B176,691,other_isgrp,isgrp_003246,scheduler_group
12,family_window,69,Limsa Lominsa,All Saints/Halloween city decor,hw_obj1_h,time_bg_hw_obj1_h,sea_s0_twn01,110275,0x0001AEC3,110979,0x0001B183,704,other_isgrp,isgrp_003247,scheduler_group
12,family_window,70,Limsa Lominsa,All Saints/Halloween city decor,hw_obj1_h,time_bg_hw_obj1_h,sea_s0_twn01,110275,0x0001AEC3,110992,0x0001B190,717,other_isgrp,isgrp_003248,scheduler_group
12,family_window,71,Limsa Lominsa,All Saints/Halloween city decor,hw_obj1_h,time_bg_hw_obj1_h,sea_s0_twn01,110275,0x0001AEC3,111005,0x0001B19D,730,other_isgrp,isgrp_003249,scheduler_group
12,family_window,72,Limsa Lominsa,All Saints/Halloween city decor,hw_obj1_h,time_bg_hw_obj1_h,sea_s0_twn01,110275,0x0001AEC3,111018,0x0001B1AA,743,other_isgrp,isgrp_003250,scheduler_group
12,family_window,73,Limsa Lominsa,All Saints/Halloween city decor,hw_obj1_h,time_bg_hw_obj1_h,sea_s0_twn01,110275,0x0001AEC3,111031,0x0001B1B7,756,other_isgrp,isgrp_003251,scheduler_group
12,owner_window,1,Limsa Lominsa,All Saints/Halloween city decor,hw_obj1_h,time_bg_hw_obj1_h,sea_s0_twn01,100075,0x000186EB,99314,0x000183F2,-761,other_isgrp,isgrp_000143,scheduler_group
12,owner_window,2,Limsa Lominsa,All Saints/Halloween city decor,hw_obj1_h,time_bg_hw_obj1_h,sea_s0_twn01,100075,0x000186EB,99327,0x000183FF,-748,other_isgrp,isgrp_002713/_lght_a1,scheduler_group
12,owner_window,3,Limsa Lominsa,All Saints/Halloween city decor,hw_obj1_h,time_bg_hw_obj1_h,sea_s0_twn01,100075,0x000186EB,99349,0x00018415,-726,other_isgrp,isgrp_002384,scheduler_group
12,owner_window,4,Limsa Lominsa,All Saints/Halloween city decor,hw_obj1_h,time_bg_hw_obj1_h,sea_s0_twn01,100075,0x000186EB,99362,0x00018422,-713,other_isgrp,isgrp_002714/_lght_a1,scheduler_group
12,owner_window,5,Limsa Lominsa,All Saints/Halloween city decor,hw_obj1_h,time_bg_hw_obj1_h,sea_s0_twn01,100075,0x000186EB,99384,0x00018438,-691,other_isgrp,isgrp_002386,scheduler_group
12,owner_window,6,Limsa Lominsa,All Saints/Halloween city decor,hw_obj1_h,time_bg_hw_obj1_h,sea_s0_twn01,100075,0x000186EB,99397,0x00018445,-678,other_isgrp,isgrp_000144,scheduler_group
12,owner_window,7,Limsa Lominsa,All Saints/Halloween city decor,hw_obj1_h,time_bg_hw_obj1_h,sea_s0_twn01,100075,0x000186EB,99423,0x0001845F,-652,other_isgrp,isgrp_002388,scheduler_group
12,owner_window,8,Limsa Lominsa,All Saints/Halloween city decor,hw_obj1_h,time_bg_hw_obj1_h,sea_s0_twn01,100075,0x000186EB,99436,0x0001846C,-639,other_isgrp,isgrp_002727/_lght_a1,scheduler_group
12,owner_window,9,Limsa Lominsa,All Saints/Halloween city decor,hw_obj1_h,time_bg_hw_obj1_h,sea_s0_twn01,100075,0x000186EB,99458,0x00018482,-617,other_isgrp,isgrp_002390,scheduler_group
12,owner_window,10,Limsa Lominsa,All Saints/Halloween city decor,hw_obj1_h,time_bg_hw_obj1_h,sea_s0_twn01,100075,0x000186EB,99471,0x0001848F,-604,other_isgrp,isgrp_000145,scheduler_group
12,owner_window,11,Limsa Lominsa,All Saints/Halloween city decor,hw_obj1_h,time_bg_hw_obj1_h,sea_s0_twn01,100075,0x000186EB,99484,0x0001849C,-591,other_isgrp,isgrp_002726/_lght_a1,scheduler_group
12,owner_window,12,Limsa Lominsa,All Saints/Halloween city decor,hw_obj1_h,time_bg_hw_obj1_h,sea_s0_twn01,100075,0x000186EB,99506,0x000184B2,-569,other_isgrp,isgrp_002392,scheduler_group
12,owner_window,13,Limsa Lominsa,All Saints/Halloween city decor,hw_obj1_h,time_bg_hw_obj1_h,sea_s0_twn01,100075,0x000186EB,99519,0x000184BF,-556,other_isgrp,isgrp_002728/_lght_a1,scheduler_group
12,owner_window,14,Limsa Lominsa,All Saints/Halloween city decor,hw_obj1_h,time_bg_hw_obj1_h,sea_s0_twn01,100075,0x000186EB,99541,0x000184D5,-534,other_isgrp,isgrp_002394,scheduler_group
12,owner_window,15,Limsa Lominsa,All Saints/Halloween city decor,hw_obj1_h,time_bg_hw_obj1_h,sea_s0_twn01,100075,0x000186EB,99554,0x000184E2,-521,other_isgrp,isgrp_000193,scheduler_group
12,owner_window,16,Limsa Lominsa,All Saints/Halloween city decor,hw_obj1_h,time_bg_hw_obj1_h,sea_s0_twn01,100075,0x000186EB,99567,0x000184EF,-508,other_isgrp,isgrp_002743/_lght_a1,scheduler_group
12,owner_window,17,Limsa Lominsa,All Saints/Halloween city decor,hw_obj1_h,time_bg_hw_obj1_h,sea_s0_twn01,100075,0x000186EB,99589,0x00018505,-486,other_isgrp,isgrp_002396,scheduler_group
12,owner_window,18,Limsa Lominsa,All Saints/Halloween city decor,hw_obj1_h,time_bg_hw_obj1_h,sea_s0_twn01,100075,0x000186EB,99602,0x00018512,-473,other_isgrp,isgrp_000192,scheduler_group
12,owner_window,19,Limsa Lominsa,All Saints/Halloween city decor,hw_obj1_h,time_bg_hw_obj1_h,sea_s0_twn01,100075,0x000186EB,99615,0x0001851F,-460,other_isgrp,isgrp_002744/_lght_a1,scheduler_group
12,owner_window,20,Limsa Lominsa,All Saints/Halloween city decor,hw_obj1_h,time_bg_hw_obj1_h,sea_s0_twn01,100075,0x000186EB,99637,0x00018535,-438,other_isgrp,isgrp_002398,scheduler_group
12,owner_window,21,Limsa Lominsa,All Saints/Halloween city decor,hw_obj1_h,time_bg_hw_obj1_h,sea_s0_twn01,100075,0x000186EB,99650,0x00018542,-425,other_isgrp,isgrp_000191,scheduler_group
12,owner_window,22,Limsa Lominsa,All Saints/Halloween city decor,hw_obj1_h,time_bg_hw_obj1_h,sea_s0_twn01,100075,0x000186EB,99663,0x0001854F,-412,other_isgrp,isgrp_002745/_lght_a1,scheduler_group
12,owner_window,23,Limsa Lominsa,All Saints/Halloween city decor,hw_obj1_h,time_bg_hw_obj1_h,sea_s0_twn01,100075,0x000186EB,99685,0x00018565,-390,other_isgrp,isgrp_002400,scheduler_group
12,owner_window,24,Limsa Lominsa,All Saints/Halloween city decor,hw_obj1_h,time_bg_hw_obj1_h,sea_s0_twn01,100075,0x000186EB,99698,0x00018572,-377,other_isgrp,isgrp_000190,scheduler_group
12,owner_window,25,Limsa Lominsa,All Saints/Halloween city decor,hw_obj1_h,time_bg_hw_obj1_h,sea_s0_twn01,100075,0x000186EB,99711,0x0001857F,-364,other_isgrp,isgrp_002742/_lght_a1,scheduler_group
12,owner_window,26,Limsa Lominsa,All Saints/Halloween city decor,hw_obj1_h,time_bg_hw_obj1_h,sea_s0_twn01,100075,0x000186EB,99733,0x00018595,-342,other_isgrp,isgrp_002402,scheduler_group
12,owner_window,27,Limsa Lominsa,All Saints/Halloween city decor,hw_obj1_h,time_bg_hw_obj1_h,sea_s0_twn01,100075,0x000186EB,99746,0x000185A2,-329,other_isgrp,isgrp_000139,scheduler_group
12,owner_window,28,Limsa Lominsa,All Saints/Halloween city decor,hw_obj1_h,time_bg_hw_obj1_h,sea_s0_twn01,100075,0x000186EB,99772,0x000185BC,-303,other_isgrp,isgrp_002746/_lght_a1,scheduler_group
12,owner_window,29,Limsa Lominsa,All Saints/Halloween city decor,hw_obj1_h,time_bg_hw_obj1_h,sea_s0_twn01,100075,0x000186EB,99794,0x000185D2,-281,other_isgrp,isgrp_002404,scheduler_group
12,owner_window,30,Limsa Lominsa,All Saints/Halloween city decor,hw_obj1_h,time_bg_hw_obj1_h,sea_s0_twn01,100075,0x000186EB,99807,0x000185DF,-268,other_isgrp,isgrp_002757/_lght_a1,scheduler_group
12,owner_window,31,Limsa Lominsa,All Saints/Halloween city decor,hw_obj1_h,time_bg_hw_obj1_h,sea_s0_twn01,100075,0x000186EB,99829,0x000185F5,-246,other_isgrp,isgrp_002406,scheduler_group
12,owner_window,32,Limsa Lominsa,All Saints/Halloween city decor,hw_obj1_h,time_bg_hw_obj1_h,sea_s0_twn01,100075,0x000186EB,99842,0x00018602,-233,other_isgrp,isgrp_000140,scheduler_group
12,owner_window,33,Limsa Lominsa,All Saints/Halloween city decor,hw_obj1_h,time_bg_hw_obj1_h,sea_s0_twn01,100075,0x000186EB,99855,0x0001860F,-220,other_isgrp,isgrp_002408,scheduler_group
12,owner_window,34,Limsa Lominsa,All Saints/Halloween city decor,hw_obj1_h,time_bg_hw_obj1_h,sea_s0_twn01,100075,0x000186EB,99868,0x0001861C,-207,other_isgrp,isgrp_000141,scheduler_group
12,owner_window,35,Limsa Lominsa,All Saints/Halloween city decor,hw_obj1_h,time_bg_hw_obj1_h,sea_s0_twn01,100075,0x000186EB,99881,0x00018629,-194,other_isgrp,isgrp_002410,scheduler_group
12,owner_window,36,Limsa Lominsa,All Saints/Halloween city decor,hw_obj1_h,time_bg_hw_obj1_h,sea_s0_twn01,100075,0x000186EB,99894,0x00018636,-181,other_isgrp,isgrp_002412,scheduler_group
12,owner_window,37,Limsa Lominsa,All Saints/Halloween city decor,hw_obj1_h,time_bg_hw_obj1_h,sea_s0_twn01,100075,0x000186EB,99920,0x00018650,-155,other_isgrp,isgrp_002413,scheduler_group
12,owner_window,38,Limsa Lominsa,All Saints/Halloween city decor,hw_obj1_h,time_bg_hw_obj1_h,sea_s0_twn01,100075,0x000186EB,99933,0x0001865D,-142,other_isgrp,isgrp_000197,scheduler_group
12,owner_window,39,Limsa Lominsa,All Saints/Halloween city decor,hw_obj1_h,time_bg_hw_obj1_h,sea_s0_twn01,100075,0x000186EB,99959,0x00018677,-116,other_isgrp,isgrp_002760/_lght_a1,scheduler_group
12,owner_window,40,Limsa Lominsa,All Saints/Halloween city decor,hw_obj1_h,time_bg_hw_obj1_h,sea_s0_twn01,100075,0x000186EB,99981,0x0001868D,-94,other_isgrp,isgrp_002416,scheduler_group
12,owner_window,41,Limsa Lominsa,All Saints/Halloween city decor,hw_obj1_h,time_bg_hw_obj1_h,sea_s0_twn01,100075,0x000186EB,99994,0x0001869A,-81,other_isgrp,isgrp_002418,scheduler_group
12,owner_window,42,Limsa Lominsa,All Saints/Halloween city decor,hw_obj1_h,time_bg_hw_obj1_h,sea_s0_twn01,100075,0x000186EB,100007,0x000186A7,-68,other_isgrp,isgrp_000194,scheduler_group
12,owner_window,43,Limsa Lominsa,All Saints/Halloween city decor,hw_obj1_h,time_bg_hw_obj1_h,sea_s0_twn01,100075,0x000186EB,100033,0x000186C1,-42,other_isgrp,isgrp_002420,scheduler_group
12,owner_window,44,Limsa Lominsa,All Saints/Halloween city decor,hw_obj1_h,time_bg_hw_obj1_h,sea_s0_twn01,100075,0x000186EB,100046,0x000186CE,-29,other_isgrp,isgrp_000195,scheduler_group
12,owner_window,45,Limsa Lominsa,All Saints/Halloween city decor,hw_obj1_h,time_bg_hw_obj1_h,sea_s0_twn01,100075,0x000186EB,100059,0x000186DB,-16,other_sgrp,sgrp_bg_door_b2,scheduler_group
12,owner_window,46,Limsa Lominsa,All Saints/Halloween city decor,hw_obj1_h,time_bg_hw_obj1_h,sea_s0_twn01,100075,0x000186EB,100075,0x000186EB,0,owner_isgrp,isgrp_002422,scheduler_group
12,owner_window,47,Limsa Lominsa,All Saints/Halloween city decor,hw_obj1_h,time_bg_hw_obj1_h,sea_s0_twn01,100075,0x000186EB,100088,0x000186F8,13,other_isgrp,isgrp_000196,scheduler_group
12,owner_window,48,Limsa Lominsa,All Saints/Halloween city decor,hw_obj1_h,time_bg_hw_obj1_h,sea_s0_twn01,100075,0x000186EB,100101,0x00018705,26,other_isgrp,isgrp_002725/_lght_a1,scheduler_group
12,owner_window,49,Limsa Lominsa,All Saints/Halloween city decor,hw_obj1_h,time_bg_hw_obj1_h,sea_s0_twn01,100075,0x000186EB,100123,0x0001871B,48,other_sgrp,sgrp_bg_door_b1_dam,scheduler_group
12,owner_window,50,Limsa Lominsa,All Saints/Halloween city decor,hw_obj1_h,time_bg_hw_obj1_h,sea_s0_twn01,100075,0x000186EB,100185,0x00018759,110,other_sgrp,sgrp_bg_gate_a1,scheduler_group
12,owner_window,51,Limsa Lominsa,All Saints/Halloween city decor,hw_obj1_h,time_bg_hw_obj1_h,sea_s0_twn01,100075,0x000186EB,100215,0x00018777,140,other_sgrp,sgrp_bg_gate_a2,scheduler_group
12,owner_window,52,Limsa Lominsa,All Saints/Halloween city decor,hw_obj1_h,time_bg_hw_obj1_h,sea_s0_twn01,100075,0x000186EB,100237,0x0001878D,162,other_sgrp,sgrp_bg_gate_b1,scheduler_group
12,owner_window,53,Limsa Lominsa,All Saints/Halloween city decor,hw_obj1_h,time_bg_hw_obj1_h,sea_s0_twn01,100075,0x000186EB,100475,0x0001887B,400,other_sgrp,sgrp_bg_gate_c1,scheduler_group
12,owner_window,54,Limsa Lominsa,All Saints/Halloween city decor,hw_obj1_h,time_bg_hw_obj1_h,sea_s0_twn01,100075,0x000186EB,100491,0x0001888B,416,other_isgrp,isgrp_002425,scheduler_group
12,owner_window,55,Limsa Lominsa,All Saints/Halloween city decor,hw_obj1_h,time_bg_hw_obj1_h,sea_s0_twn01,100075,0x000186EB,100504,0x00018898,429,other_isgrp,isgrp_002427,scheduler_group
12,owner_window,56,Limsa Lominsa,All Saints/Halloween city decor,hw_obj1_h,time_bg_hw_obj1_h,sea_s0_twn01,100075,0x000186EB,100517,0x000188A5,442,other_isgrp,isgrp_002429,scheduler_group
12,owner_window,57,Limsa Lominsa,All Saints/Halloween city decor,hw_obj1_h,time_bg_hw_obj1_h,sea_s0_twn01,100075,0x000186EB,100530,0x000188B2,455,other_isgrp,isgrp_002431,scheduler_group
12,owner_window,58,Limsa Lominsa,All Saints/Halloween city decor,hw_obj1_h,time_bg_hw_obj1_h,sea_s0_twn01,100075,0x000186EB,100543,0x000188BF,468,other_isgrp,isgrp_000180,scheduler_group
12,owner_window,59,Limsa Lominsa,All Saints/Halloween city decor,hw_obj1_h,time_bg_hw_obj1_h,sea_s0_twn01,100075,0x000186EB,100556,0x000188CC,481,other_isgrp,isgrp_002433,scheduler_group
12,owner_window,60,Limsa Lominsa,All Saints/Halloween city decor,hw_obj1_h,time_bg_hw_obj1_h,sea_s0_twn01,100075,0x000186EB,100569,0x000188D9,494,other_isgrp,isgrp_000181,scheduler_group
12,owner_window,61,Limsa Lominsa,All Saints/Halloween city decor,hw_obj1_h,time_bg_hw_obj1_h,sea_s0_twn01,100075,0x000186EB,100582,0x000188E6,507,other_sgrp,sgrp_bg_gate_d1,scheduler_group
12,owner_window,62,Limsa Lominsa,All Saints/Halloween city decor,hw_obj1_h,time_bg_hw_obj1_h,sea_s0_twn01,100075,0x000186EB,100623,0x0001890F,548,nearby,vfx_gate201,vfx_or_scene_def
12,owner_window,63,Limsa Lominsa,All Saints/Halloween city decor,hw_obj1_h,time_bg_hw_obj1_h,sea_s0_twn01,100075,0x000186EB,100640,0x00018920,565,nearby,vfx_gate202,vfx_or_scene_def
12,owner_window,64,Limsa Lominsa,All Saints/Halloween city decor,hw_obj1_h,time_bg_hw_obj1_h,sea_s0_twn01,100075,0x000186EB,100652,0x0001892C,577,nearby,vfx_gate203,vfx_or_scene_def
12,owner_window,65,Limsa Lominsa,All Saints/Halloween city decor,hw_obj1_h,time_bg_hw_obj1_h,sea_s0_twn01,100075,0x000186EB,100664,0x00018938,589,other_sgrp,sgrp_bg_gate_e1,scheduler_group
12,owner_window,66,Limsa Lominsa,All Saints/Halloween city decor,hw_obj1_h,time_bg_hw_obj1_h,sea_s0_twn01,100075,0x000186EB,100754,0x00018992,679,nearby,vfx_gate102,vfx_or_scene_def
12,owner_window,67,Limsa Lominsa,All Saints/Halloween city decor,hw_obj1_h,time_bg_hw_obj1_h,sea_s0_twn01,100075,0x000186EB,100766,0x0001899E,691,nearby,vfx_gate101,vfx_or_scene_def
12,owner_window,68,Limsa Lominsa,All Saints/Halloween city decor,hw_obj1_h,time_bg_hw_obj1_h,sea_s0_twn01,100075,0x000186EB,100778,0x000189AA,703,nearby,vfx_gate103,vfx_or_scene_def
12,owner_window,69,Limsa Lominsa,All Saints/Halloween city decor,hw_obj1_h,time_bg_hw_obj1_h,sea_s0_twn01,100075,0x000186EB,100790,0x000189B6,715,other_isgrp,isgrp_002435,scheduler_group
12,owner_window,70,Limsa Lominsa,All Saints/Halloween city decor,hw_obj1_h,time_bg_hw_obj1_h,sea_s0_twn01,100075,0x000186EB,100803,0x000189C3,728,nearby,Bk_isgrp_002172-024,interesting
12,owner_window,71,Limsa Lominsa,All Saints/Halloween city decor,hw_obj1_h,time_bg_hw_obj1_h,sea_s0_twn01,100075,0x000186EB,100823,0x000189D7,748,other_isgrp,isgrp_002437,scheduler_group
12,owner_window,72,Limsa Lominsa,All Saints/Halloween city decor,hw_obj1_h,time_bg_hw_obj1_h,sea_s0_twn01,100075,0x000186EB,100836,0x000189E4,761,other_isgrp,isgrp_002439,scheduler_group
13,family_window,1,Limsa Lominsa,All Saints/Halloween city decor,hw_obj2_h,time_bg_hw_obj2_h,sea_s0_twn01,110340,0x0001AF04,109579,0x0001AC0B,-761,other_isgrp,isgrp_003181,scheduler_group
13,family_window,2,Limsa Lominsa,All Saints/Halloween city decor,hw_obj2_h,time_bg_hw_obj2_h,sea_s0_twn01,110340,0x0001AF04,109592,0x0001AC18,-748,other_isgrp,isgrp_003182,scheduler_group
13,family_window,3,Limsa Lominsa,All Saints/Halloween city decor,hw_obj2_h,time_bg_hw_obj2_h,sea_s0_twn01,110340,0x0001AF04,109605,0x0001AC25,-735,other_isgrp,isgrp_003183,scheduler_group
13,family_window,4,Limsa Lominsa,All Saints/Halloween city decor,hw_obj2_h,time_bg_hw_obj2_h,sea_s0_twn01,110340,0x0001AF04,109618,0x0001AC32,-722,other_isgrp,isgrp_003184,scheduler_group
13,family_window,5,Limsa Lominsa,All Saints/Halloween city decor,hw_obj2_h,time_bg_hw_obj2_h,sea_s0_twn01,110340,0x0001AF04,109631,0x0001AC3F,-709,other_isgrp,isgrp_003185,scheduler_group
13,family_window,6,Limsa Lominsa,All Saints/Halloween city decor,hw_obj2_h,time_bg_hw_obj2_h,sea_s0_twn01,110340,0x0001AF04,109644,0x0001AC4C,-696,other_isgrp,isgrp_003186,scheduler_group
13,family_window,7,Limsa Lominsa,All Saints/Halloween city decor,hw_obj2_h,time_bg_hw_obj2_h,sea_s0_twn01,110340,0x0001AF04,109657,0x0001AC59,-683,other_isgrp,isgrp_003187,scheduler_group
13,family_window,8,Limsa Lominsa,All Saints/Halloween city decor,hw_obj2_h,time_bg_hw_obj2_h,sea_s0_twn01,110340,0x0001AF04,109670,0x0001AC66,-670,other_isgrp,isgrp_003188,scheduler_group
13,family_window,9,Limsa Lominsa,All Saints/Halloween city decor,hw_obj2_h,time_bg_hw_obj2_h,sea_s0_twn01,110340,0x0001AF04,109683,0x0001AC73,-657,other_isgrp,isgrp_003189,scheduler_group
13,family_window,10,Limsa Lominsa,All Saints/Halloween city decor,hw_obj2_h,time_bg_hw_obj2_h,sea_s0_twn01,110340,0x0001AF04,109696,0x0001AC80,-644,other_isgrp,isgrp_003190,scheduler_group
13,family_window,11,Limsa Lominsa,All Saints/Halloween city decor,hw_obj2_h,time_bg_hw_obj2_h,sea_s0_twn01,110340,0x0001AF04,109709,0x0001AC8D,-631,other_isgrp,isgrp_003191,scheduler_group
13,family_window,12,Limsa Lominsa,All Saints/Halloween city decor,hw_obj2_h,time_bg_hw_obj2_h,sea_s0_twn01,110340,0x0001AF04,109722,0x0001AC9A,-618,other_isgrp,isgrp_003192,scheduler_group
13,family_window,13,Limsa Lominsa,All Saints/Halloween city decor,hw_obj2_h,time_bg_hw_obj2_h,sea_s0_twn01,110340,0x0001AF04,109735,0x0001ACA7,-605,other_sgrp,sgrp_bg_flg1,scheduler_group
13,family_window,14,Limsa Lominsa,All Saints/Halloween city decor,hw_obj2_h,time_bg_hw_obj2_h,sea_s0_twn01,110340,0x0001AF04,109788,0x0001ACDC,-552,other_isgrp,isgrp_003193,scheduler_group
13,family_window,15,Limsa Lominsa,All Saints/Halloween city decor,hw_obj2_h,time_bg_hw_obj2_h,sea_s0_twn01,110340,0x0001AF04,109801,0x0001ACE9,-539,other_isgrp,isgrp_003194,scheduler_group
13,family_window,16,Limsa Lominsa,All Saints/Halloween city decor,hw_obj2_h,time_bg_hw_obj2_h,sea_s0_twn01,110340,0x0001AF04,109814,0x0001ACF6,-526,other_isgrp,isgrp_003195,scheduler_group
13,family_window,17,Limsa Lominsa,All Saints/Halloween city decor,hw_obj2_h,time_bg_hw_obj2_h,sea_s0_twn01,110340,0x0001AF04,109827,0x0001AD03,-513,other_isgrp,isgrp_003196,scheduler_group
13,family_window,18,Limsa Lominsa,All Saints/Halloween city decor,hw_obj2_h,time_bg_hw_obj2_h,sea_s0_twn01,110340,0x0001AF04,109840,0x0001AD10,-500,other_isgrp,isgrp_003197,scheduler_group
13,family_window,19,Limsa Lominsa,All Saints/Halloween city decor,hw_obj2_h,time_bg_hw_obj2_h,sea_s0_twn01,110340,0x0001AF04,109853,0x0001AD1D,-487,other_isgrp,isgrp_003198,scheduler_group
13,family_window,20,Limsa Lominsa,All Saints/Halloween city decor,hw_obj2_h,time_bg_hw_obj2_h,sea_s0_twn01,110340,0x0001AF04,109866,0x0001AD2A,-474,other_isgrp,isgrp_003199,scheduler_group
13,family_window,21,Limsa Lominsa,All Saints/Halloween city decor,hw_obj2_h,time_bg_hw_obj2_h,sea_s0_twn01,110340,0x0001AF04,109879,0x0001AD37,-461,other_isgrp,isgrp_003200,scheduler_group
13,family_window,22,Limsa Lominsa,All Saints/Halloween city decor,hw_obj2_h,time_bg_hw_obj2_h,sea_s0_twn01,110340,0x0001AF04,109892,0x0001AD44,-448,other_sgrp,sgrp_bg_flg2,scheduler_group
13,family_window,23,Limsa Lominsa,All Saints/Halloween city decor,hw_obj2_h,time_bg_hw_obj2_h,sea_s0_twn01,110340,0x0001AF04,109923,0x0001AD63,-417,other_sgrp,sgrp_bg_flg3,scheduler_group
13,family_window,24,Limsa Lominsa,All Saints/Halloween city decor,hw_obj2_h,time_bg_hw_obj2_h,sea_s0_twn01,110340,0x0001AF04,109954,0x0001AD82,-386,other_isgrp,isgrp_003201,scheduler_group
13,family_window,25,Limsa Lominsa,All Saints/Halloween city decor,hw_obj2_h,time_bg_hw_obj2_h,sea_s0_twn01,110340,0x0001AF04,109967,0x0001AD8F,-373,other_isgrp,isgrp_003202,scheduler_group
13,family_window,26,Limsa Lominsa,All Saints/Halloween city decor,hw_obj2_h,time_bg_hw_obj2_h,sea_s0_twn01,110340,0x0001AF04,109980,0x0001AD9C,-360,other_isgrp,isgrp_003203,scheduler_group
13,family_window,27,Limsa Lominsa,All Saints/Halloween city decor,hw_obj2_h,time_bg_hw_obj2_h,sea_s0_twn01,110340,0x0001AF04,109993,0x0001ADA9,-347,other_isgrp,isgrp_003204,scheduler_group
13,family_window,28,Limsa Lominsa,All Saints/Halloween city decor,hw_obj2_h,time_bg_hw_obj2_h,sea_s0_twn01,110340,0x0001AF04,110006,0x0001ADB6,-334,other_sgrp,sgrp_bg_hdi1,scheduler_group
13,family_window,29,Limsa Lominsa,All Saints/Halloween city decor,hw_obj2_h,time_bg_hw_obj2_h,sea_s0_twn01,110340,0x0001AF04,110066,0x0001ADF2,-274,other_isgrp,isgrp_003205,scheduler_group
13,family_window,30,Limsa Lominsa,All Saints/Halloween city decor,hw_obj2_h,time_bg_hw_obj2_h,sea_s0_twn01,110340,0x0001AF04,110079,0x0001ADFF,-261,other_isgrp,isgrp_003206,scheduler_group
13,family_window,31,Limsa Lominsa,All Saints/Halloween city decor,hw_obj2_h,time_bg_hw_obj2_h,sea_s0_twn01,110340,0x0001AF04,110092,0x0001AE0C,-248,other_sgrp,sgrp_bg_lamp1,scheduler_group
13,family_window,32,Limsa Lominsa,All Saints/Halloween city decor,hw_obj2_h,time_bg_hw_obj2_h,sea_s0_twn01,110340,0x0001AF04,110146,0x0001AE42,-194,other_isgrp,isgrp_003208,scheduler_group
13,family_window,33,Limsa Lominsa,All Saints/Halloween city decor,hw_obj2_h,time_bg_hw_obj2_h,sea_s0_twn01,110340,0x0001AF04,110159,0x0001AE4F,-181,other_isgrp,isgrp_003209,scheduler_group
13,family_window,34,Limsa Lominsa,All Saints/Halloween city decor,hw_obj2_h,time_bg_hw_obj2_h,sea_s0_twn01,110340,0x0001AF04,110172,0x0001AE5C,-168,other_isgrp,isgrp_003210,scheduler_group
13,family_window,35,Limsa Lominsa,All Saints/Halloween city decor,hw_obj2_h,time_bg_hw_obj2_h,sea_s0_twn01,110340,0x0001AF04,110185,0x0001AE69,-155,other_isgrp,isgrp_003211,scheduler_group
13,family_window,36,Limsa Lominsa,All Saints/Halloween city decor,hw_obj2_h,time_bg_hw_obj2_h,sea_s0_twn01,110340,0x0001AF04,110198,0x0001AE76,-142,other_isgrp,isgrp_003212,scheduler_group
13,family_window,37,Limsa Lominsa,All Saints/Halloween city decor,hw_obj2_h,time_bg_hw_obj2_h,sea_s0_twn01,110340,0x0001AF04,110211,0x0001AE83,-129,other_isgrp,isgrp_003213,scheduler_group
13,family_window,38,Limsa Lominsa,All Saints/Halloween city decor,hw_obj2_h,time_bg_hw_obj2_h,sea_s0_twn01,110340,0x0001AF04,110224,0x0001AE90,-116,other_sgrp,sgrp_bg_lght_z1,scheduler_group
13,family_window,39,Limsa Lominsa,All Saints/Halloween city decor,hw_obj2_h,time_bg_hw_obj2_h,sea_s0_twn01,110340,0x0001AF04,110249,0x0001AEA9,-91,other_isgrp,isgrp_003214,scheduler_group
13,family_window,40,Limsa Lominsa,All Saints/Halloween city decor,hw_obj2_h,time_bg_hw_obj2_h,sea_s0_twn01,110340,0x0001AF04,110262,0x0001AEB6,-78,other_isgrp,isgrp_003215,scheduler_group
13,family_window,41,Limsa Lominsa,All Saints/Halloween city decor,hw_obj2_h,time_bg_hw_obj2_h,sea_s0_twn01,110340,0x0001AF04,110275,0x0001AEC3,-65,other_sgrp,sgrp_bg_hw_obj1_h,scheduler_group
13,family_window,42,Limsa Lominsa,All Saints/Halloween city decor,hw_obj2_h,time_bg_hw_obj2_h,sea_s0_twn01,110340,0x0001AF04,110340,0x0001AF04,0,matched_group,sgrp_bg_hw_obj2_h,scheduler_group
13,family_window,43,Limsa Lominsa,All Saints/Halloween city decor,hw_obj2_h,time_bg_hw_obj2_h,sea_s0_twn01,110340,0x0001AF04,110405,0x0001AF45,65,other_sgrp,sgrp_bg_hw_obj3_h,scheduler_group
13,family_window,44,Limsa Lominsa,All Saints/Halloween city decor,hw_obj2_h,time_bg_hw_obj2_h,sea_s0_twn01,110340,0x0001AF04,110451,0x0001AF73,111,other_sgrp,sgrp_bg_hw_obj4_h,scheduler_group
13,family_window,45,Limsa Lominsa,All Saints/Halloween city decor,hw_obj2_h,time_bg_hw_obj2_h,sea_s0_twn01,110340,0x0001AF04,110497,0x0001AFA1,157,other_sgrp,sgrp_bg_hw_obj5_h,scheduler_group
13,family_window,46,Limsa Lominsa,All Saints/Halloween city decor,hw_obj2_h,time_bg_hw_obj2_h,sea_s0_twn01,110340,0x0001AF04,110543,0x0001AFCF,203,other_sgrp,sgrp_bg_hw_obj6_h,scheduler_group
13,family_window,47,Limsa Lominsa,All Saints/Halloween city decor,hw_obj2_h,time_bg_hw_obj2_h,sea_s0_twn01,110340,0x0001AF04,110608,0x0001B010,268,other_sgrp,sgrp_bg_hw_obj7_h,scheduler_group
13,family_window,48,Limsa Lominsa,All Saints/Halloween city decor,hw_obj2_h,time_bg_hw_obj2_h,sea_s0_twn01,110340,0x0001AF04,110673,0x0001B051,333,other_sgrp,sgrp_bg_hw_obj8_h,scheduler_group
13,family_window,49,Limsa Lominsa,All Saints/Halloween city decor,hw_obj2_h,time_bg_hw_obj2_h,sea_s0_twn01,110340,0x0001AF04,110719,0x0001B07F,379,other_isgrp,isgrp_003225,scheduler_group
13,family_window,50,Limsa Lominsa,All Saints/Halloween city decor,hw_obj2_h,time_bg_hw_obj2_h,sea_s0_twn01,110340,0x0001AF04,110732,0x0001B08C,392,other_isgrp,isgrp_003226,scheduler_group
13,family_window,51,Limsa Lominsa,All Saints/Halloween city decor,hw_obj2_h,time_bg_hw_obj2_h,sea_s0_twn01,110340,0x0001AF04,110745,0x0001B099,405,other_isgrp,isgrp_003227,scheduler_group
13,family_window,52,Limsa Lominsa,All Saints/Halloween city decor,hw_obj2_h,time_bg_hw_obj2_h,sea_s0_twn01,110340,0x0001AF04,110758,0x0001B0A6,418,other_isgrp,isgrp_003228,scheduler_group
13,family_window,53,Limsa Lominsa,All Saints/Halloween city decor,hw_obj2_h,time_bg_hw_obj2_h,sea_s0_twn01,110340,0x0001AF04,110771,0x0001B0B3,431,other_isgrp,isgrp_003229,scheduler_group
13,family_window,54,Limsa Lominsa,All Saints/Halloween city decor,hw_obj2_h,time_bg_hw_obj2_h,sea_s0_twn01,110340,0x0001AF04,110784,0x0001B0C0,444,other_isgrp,isgrp_003230,scheduler_group
13,family_window,55,Limsa Lominsa,All Saints/Halloween city decor,hw_obj2_h,time_bg_hw_obj2_h,sea_s0_twn01,110340,0x0001AF04,110797,0x0001B0CD,457,other_isgrp,isgrp_003231,scheduler_group
13,family_window,56,Limsa Lominsa,All Saints/Halloween city decor,hw_obj2_h,time_bg_hw_obj2_h,sea_s0_twn01,110340,0x0001AF04,110810,0x0001B0DA,470,other_isgrp,isgrp_003232,scheduler_group
13,family_window,57,Limsa Lominsa,All Saints/Halloween city decor,hw_obj2_h,time_bg_hw_obj2_h,sea_s0_twn01,110340,0x0001AF04,110823,0x0001B0E7,483,other_isgrp,isgrp_003233,scheduler_group
13,family_window,58,Limsa Lominsa,All Saints/Halloween city decor,hw_obj2_h,time_bg_hw_obj2_h,sea_s0_twn01,110340,0x0001AF04,110836,0x0001B0F4,496,other_isgrp,isgrp_003234,scheduler_group
13,family_window,59,Limsa Lominsa,All Saints/Halloween city decor,hw_obj2_h,time_bg_hw_obj2_h,sea_s0_twn01,110340,0x0001AF04,110849,0x0001B101,509,other_isgrp,isgrp_003235,scheduler_group
13,family_window,60,Limsa Lominsa,All Saints/Halloween city decor,hw_obj2_h,time_bg_hw_obj2_h,sea_s0_twn01,110340,0x0001AF04,110862,0x0001B10E,522,other_isgrp,isgrp_003236,scheduler_group
13,family_window,61,Limsa Lominsa,All Saints/Halloween city decor,hw_obj2_h,time_bg_hw_obj2_h,sea_s0_twn01,110340,0x0001AF04,110875,0x0001B11B,535,other_isgrp,isgrp_003237,scheduler_group
13,family_window,62,Limsa Lominsa,All Saints/Halloween city decor,hw_obj2_h,time_bg_hw_obj2_h,sea_s0_twn01,110340,0x0001AF04,110888,0x0001B128,548,other_isgrp,isgrp_003238,scheduler_group
13,family_window,63,Limsa Lominsa,All Saints/Halloween city decor,hw_obj2_h,time_bg_hw_obj2_h,sea_s0_twn01,110340,0x0001AF04,110901,0x0001B135,561,other_isgrp,isgrp_003239,scheduler_group
13,family_window,64,Limsa Lominsa,All Saints/Halloween city decor,hw_obj2_h,time_bg_hw_obj2_h,sea_s0_twn01,110340,0x0001AF04,110914,0x0001B142,574,other_isgrp,isgrp_003240,scheduler_group
13,family_window,65,Limsa Lominsa,All Saints/Halloween city decor,hw_obj2_h,time_bg_hw_obj2_h,sea_s0_twn01,110340,0x0001AF04,110927,0x0001B14F,587,other_isgrp,isgrp_003241,scheduler_group
13,family_window,66,Limsa Lominsa,All Saints/Halloween city decor,hw_obj2_h,time_bg_hw_obj2_h,sea_s0_twn01,110340,0x0001AF04,110940,0x0001B15C,600,other_isgrp,isgrp_003242,scheduler_group
13,family_window,67,Limsa Lominsa,All Saints/Halloween city decor,hw_obj2_h,time_bg_hw_obj2_h,sea_s0_twn01,110340,0x0001AF04,110953,0x0001B169,613,other_isgrp,isgrp_003245,scheduler_group
13,family_window,68,Limsa Lominsa,All Saints/Halloween city decor,hw_obj2_h,time_bg_hw_obj2_h,sea_s0_twn01,110340,0x0001AF04,110966,0x0001B176,626,other_isgrp,isgrp_003246,scheduler_group
13,family_window,69,Limsa Lominsa,All Saints/Halloween city decor,hw_obj2_h,time_bg_hw_obj2_h,sea_s0_twn01,110340,0x0001AF04,110979,0x0001B183,639,other_isgrp,isgrp_003247,scheduler_group
13,family_window,70,Limsa Lominsa,All Saints/Halloween city decor,hw_obj2_h,time_bg_hw_obj2_h,sea_s0_twn01,110340,0x0001AF04,110992,0x0001B190,652,other_isgrp,isgrp_003248,scheduler_group
13,family_window,71,Limsa Lominsa,All Saints/Halloween city decor,hw_obj2_h,time_bg_hw_obj2_h,sea_s0_twn01,110340,0x0001AF04,111005,0x0001B19D,665,other_isgrp,isgrp_003249,scheduler_group
13,family_window,72,Limsa Lominsa,All Saints/Halloween city decor,hw_obj2_h,time_bg_hw_obj2_h,sea_s0_twn01,110340,0x0001AF04,111018,0x0001B1AA,678,other_isgrp,isgrp_003250,scheduler_group
13,family_window,73,Limsa Lominsa,All Saints/Halloween city decor,hw_obj2_h,time_bg_hw_obj2_h,sea_s0_twn01,110340,0x0001AF04,111031,0x0001B1B7,691,other_isgrp,isgrp_003251,scheduler_group
13,family_window,74,Limsa Lominsa,All Saints/Halloween city decor,hw_obj2_h,time_bg_hw_obj2_h,sea_s0_twn01,110340,0x0001AF04,111044,0x0001B1C4,704,other_isgrp,isgrp_003252,scheduler_group
13,family_window,75,Limsa Lominsa,All Saints/Halloween city decor,hw_obj2_h,time_bg_hw_obj2_h,sea_s0_twn01,110340,0x0001AF04,111057,0x0001B1D1,717,other_isgrp,isgrp_003254,scheduler_group
13,family_window,76,Limsa Lominsa,All Saints/Halloween city decor,hw_obj2_h,time_bg_hw_obj2_h,sea_s0_twn01,110340,0x0001AF04,111070,0x0001B1DE,730,other_isgrp,isgrp_003255,scheduler_group
13,family_window,77,Limsa Lominsa,All Saints/Halloween city decor,hw_obj2_h,time_bg_hw_obj2_h,sea_s0_twn01,110340,0x0001AF04,111083,0x0001B1EB,743,other_isgrp,isgrp_003256,scheduler_group
13,family_window,78,Limsa Lominsa,All Saints/Halloween city decor,hw_obj2_h,time_bg_hw_obj2_h,sea_s0_twn01,110340,0x0001AF04,111096,0x0001B1F8,756,other_isgrp,isgrp_003257,scheduler_group
13,owner_window,1,Limsa Lominsa,All Saints/Halloween city decor,hw_obj2_h,time_bg_hw_obj2_h,sea_s0_twn01,100075,0x000186EB,99314,0x000183F2,-761,other_isgrp,isgrp_000143,scheduler_group
13,owner_window,2,Limsa Lominsa,All Saints/Halloween city decor,hw_obj2_h,time_bg_hw_obj2_h,sea_s0_twn01,100075,0x000186EB,99327,0x000183FF,-748,other_isgrp,isgrp_002713/_lght_a1,scheduler_group
13,owner_window,3,Limsa Lominsa,All Saints/Halloween city decor,hw_obj2_h,time_bg_hw_obj2_h,sea_s0_twn01,100075,0x000186EB,99349,0x00018415,-726,other_isgrp,isgrp_002384,scheduler_group
13,owner_window,4,Limsa Lominsa,All Saints/Halloween city decor,hw_obj2_h,time_bg_hw_obj2_h,sea_s0_twn01,100075,0x000186EB,99362,0x00018422,-713,other_isgrp,isgrp_002714/_lght_a1,scheduler_group
13,owner_window,5,Limsa Lominsa,All Saints/Halloween city decor,hw_obj2_h,time_bg_hw_obj2_h,sea_s0_twn01,100075,0x000186EB,99384,0x00018438,-691,other_isgrp,isgrp_002386,scheduler_group
13,owner_window,6,Limsa Lominsa,All Saints/Halloween city decor,hw_obj2_h,time_bg_hw_obj2_h,sea_s0_twn01,100075,0x000186EB,99397,0x00018445,-678,other_isgrp,isgrp_000144,scheduler_group
13,owner_window,7,Limsa Lominsa,All Saints/Halloween city decor,hw_obj2_h,time_bg_hw_obj2_h,sea_s0_twn01,100075,0x000186EB,99423,0x0001845F,-652,other_isgrp,isgrp_002388,scheduler_group
13,owner_window,8,Limsa Lominsa,All Saints/Halloween city decor,hw_obj2_h,time_bg_hw_obj2_h,sea_s0_twn01,100075,0x000186EB,99436,0x0001846C,-639,other_isgrp,isgrp_002727/_lght_a1,scheduler_group
13,owner_window,9,Limsa Lominsa,All Saints/Halloween city decor,hw_obj2_h,time_bg_hw_obj2_h,sea_s0_twn01,100075,0x000186EB,99458,0x00018482,-617,other_isgrp,isgrp_002390,scheduler_group
13,owner_window,10,Limsa Lominsa,All Saints/Halloween city decor,hw_obj2_h,time_bg_hw_obj2_h,sea_s0_twn01,100075,0x000186EB,99471,0x0001848F,-604,other_isgrp,isgrp_000145,scheduler_group
13,owner_window,11,Limsa Lominsa,All Saints/Halloween city decor,hw_obj2_h,time_bg_hw_obj2_h,sea_s0_twn01,100075,0x000186EB,99484,0x0001849C,-591,other_isgrp,isgrp_002726/_lght_a1,scheduler_group
13,owner_window,12,Limsa Lominsa,All Saints/Halloween city decor,hw_obj2_h,time_bg_hw_obj2_h,sea_s0_twn01,100075,0x000186EB,99506,0x000184B2,-569,other_isgrp,isgrp_002392,scheduler_group
13,owner_window,13,Limsa Lominsa,All Saints/Halloween city decor,hw_obj2_h,time_bg_hw_obj2_h,sea_s0_twn01,100075,0x000186EB,99519,0x000184BF,-556,other_isgrp,isgrp_002728/_lght_a1,scheduler_group
13,owner_window,14,Limsa Lominsa,All Saints/Halloween city decor,hw_obj2_h,time_bg_hw_obj2_h,sea_s0_twn01,100075,0x000186EB,99541,0x000184D5,-534,other_isgrp,isgrp_002394,scheduler_group
13,owner_window,15,Limsa Lominsa,All Saints/Halloween city decor,hw_obj2_h,time_bg_hw_obj2_h,sea_s0_twn01,100075,0x000186EB,99554,0x000184E2,-521,other_isgrp,isgrp_000193,scheduler_group
13,owner_window,16,Limsa Lominsa,All Saints/Halloween city decor,hw_obj2_h,time_bg_hw_obj2_h,sea_s0_twn01,100075,0x000186EB,99567,0x000184EF,-508,other_isgrp,isgrp_002743/_lght_a1,scheduler_group
13,owner_window,17,Limsa Lominsa,All Saints/Halloween city decor,hw_obj2_h,time_bg_hw_obj2_h,sea_s0_twn01,100075,0x000186EB,99589,0x00018505,-486,other_isgrp,isgrp_002396,scheduler_group
13,owner_window,18,Limsa Lominsa,All Saints/Halloween city decor,hw_obj2_h,time_bg_hw_obj2_h,sea_s0_twn01,100075,0x000186EB,99602,0x00018512,-473,other_isgrp,isgrp_000192,scheduler_group
13,owner_window,19,Limsa Lominsa,All Saints/Halloween city decor,hw_obj2_h,time_bg_hw_obj2_h,sea_s0_twn01,100075,0x000186EB,99615,0x0001851F,-460,other_isgrp,isgrp_002744/_lght_a1,scheduler_group
13,owner_window,20,Limsa Lominsa,All Saints/Halloween city decor,hw_obj2_h,time_bg_hw_obj2_h,sea_s0_twn01,100075,0x000186EB,99637,0x00018535,-438,other_isgrp,isgrp_002398,scheduler_group
13,owner_window,21,Limsa Lominsa,All Saints/Halloween city decor,hw_obj2_h,time_bg_hw_obj2_h,sea_s0_twn01,100075,0x000186EB,99650,0x00018542,-425,other_isgrp,isgrp_000191,scheduler_group
13,owner_window,22,Limsa Lominsa,All Saints/Halloween city decor,hw_obj2_h,time_bg_hw_obj2_h,sea_s0_twn01,100075,0x000186EB,99663,0x0001854F,-412,other_isgrp,isgrp_002745/_lght_a1,scheduler_group
13,owner_window,23,Limsa Lominsa,All Saints/Halloween city decor,hw_obj2_h,time_bg_hw_obj2_h,sea_s0_twn01,100075,0x000186EB,99685,0x00018565,-390,other_isgrp,isgrp_002400,scheduler_group
13,owner_window,24,Limsa Lominsa,All Saints/Halloween city decor,hw_obj2_h,time_bg_hw_obj2_h,sea_s0_twn01,100075,0x000186EB,99698,0x00018572,-377,other_isgrp,isgrp_000190,scheduler_group
13,owner_window,25,Limsa Lominsa,All Saints/Halloween city decor,hw_obj2_h,time_bg_hw_obj2_h,sea_s0_twn01,100075,0x000186EB,99711,0x0001857F,-364,other_isgrp,isgrp_002742/_lght_a1,scheduler_group
13,owner_window,26,Limsa Lominsa,All Saints/Halloween city decor,hw_obj2_h,time_bg_hw_obj2_h,sea_s0_twn01,100075,0x000186EB,99733,0x00018595,-342,other_isgrp,isgrp_002402,scheduler_group
13,owner_window,27,Limsa Lominsa,All Saints/Halloween city decor,hw_obj2_h,time_bg_hw_obj2_h,sea_s0_twn01,100075,0x000186EB,99746,0x000185A2,-329,other_isgrp,isgrp_000139,scheduler_group
13,owner_window,28,Limsa Lominsa,All Saints/Halloween city decor,hw_obj2_h,time_bg_hw_obj2_h,sea_s0_twn01,100075,0x000186EB,99772,0x000185BC,-303,other_isgrp,isgrp_002746/_lght_a1,scheduler_group
13,owner_window,29,Limsa Lominsa,All Saints/Halloween city decor,hw_obj2_h,time_bg_hw_obj2_h,sea_s0_twn01,100075,0x000186EB,99794,0x000185D2,-281,other_isgrp,isgrp_002404,scheduler_group
13,owner_window,30,Limsa Lominsa,All Saints/Halloween city decor,hw_obj2_h,time_bg_hw_obj2_h,sea_s0_twn01,100075,0x000186EB,99807,0x000185DF,-268,other_isgrp,isgrp_002757/_lght_a1,scheduler_group
13,owner_window,31,Limsa Lominsa,All Saints/Halloween city decor,hw_obj2_h,time_bg_hw_obj2_h,sea_s0_twn01,100075,0x000186EB,99829,0x000185F5,-246,other_isgrp,isgrp_002406,scheduler_group
13,owner_window,32,Limsa Lominsa,All Saints/Halloween city decor,hw_obj2_h,time_bg_hw_obj2_h,sea_s0_twn01,100075,0x000186EB,99842,0x00018602,-233,other_isgrp,isgrp_000140,scheduler_group
13,owner_window,33,Limsa Lominsa,All Saints/Halloween city decor,hw_obj2_h,time_bg_hw_obj2_h,sea_s0_twn01,100075,0x000186EB,99855,0x0001860F,-220,other_isgrp,isgrp_002408,scheduler_group
13,owner_window,34,Limsa Lominsa,All Saints/Halloween city decor,hw_obj2_h,time_bg_hw_obj2_h,sea_s0_twn01,100075,0x000186EB,99868,0x0001861C,-207,other_isgrp,isgrp_000141,scheduler_group
13,owner_window,35,Limsa Lominsa,All Saints/Halloween city decor,hw_obj2_h,time_bg_hw_obj2_h,sea_s0_twn01,100075,0x000186EB,99881,0x00018629,-194,other_isgrp,isgrp_002410,scheduler_group
13,owner_window,36,Limsa Lominsa,All Saints/Halloween city decor,hw_obj2_h,time_bg_hw_obj2_h,sea_s0_twn01,100075,0x000186EB,99894,0x00018636,-181,other_isgrp,isgrp_002412,scheduler_group
13,owner_window,37,Limsa Lominsa,All Saints/Halloween city decor,hw_obj2_h,time_bg_hw_obj2_h,sea_s0_twn01,100075,0x000186EB,99920,0x00018650,-155,other_isgrp,isgrp_002413,scheduler_group
13,owner_window,38,Limsa Lominsa,All Saints/Halloween city decor,hw_obj2_h,time_bg_hw_obj2_h,sea_s0_twn01,100075,0x000186EB,99933,0x0001865D,-142,other_isgrp,isgrp_000197,scheduler_group
13,owner_window,39,Limsa Lominsa,All Saints/Halloween city decor,hw_obj2_h,time_bg_hw_obj2_h,sea_s0_twn01,100075,0x000186EB,99959,0x00018677,-116,other_isgrp,isgrp_002760/_lght_a1,scheduler_group
13,owner_window,40,Limsa Lominsa,All Saints/Halloween city decor,hw_obj2_h,time_bg_hw_obj2_h,sea_s0_twn01,100075,0x000186EB,99981,0x0001868D,-94,other_isgrp,isgrp_002416,scheduler_group
13,owner_window,41,Limsa Lominsa,All Saints/Halloween city decor,hw_obj2_h,time_bg_hw_obj2_h,sea_s0_twn01,100075,0x000186EB,99994,0x0001869A,-81,other_isgrp,isgrp_002418,scheduler_group
13,owner_window,42,Limsa Lominsa,All Saints/Halloween city decor,hw_obj2_h,time_bg_hw_obj2_h,sea_s0_twn01,100075,0x000186EB,100007,0x000186A7,-68,other_isgrp,isgrp_000194,scheduler_group
13,owner_window,43,Limsa Lominsa,All Saints/Halloween city decor,hw_obj2_h,time_bg_hw_obj2_h,sea_s0_twn01,100075,0x000186EB,100033,0x000186C1,-42,other_isgrp,isgrp_002420,scheduler_group
13,owner_window,44,Limsa Lominsa,All Saints/Halloween city decor,hw_obj2_h,time_bg_hw_obj2_h,sea_s0_twn01,100075,0x000186EB,100046,0x000186CE,-29,other_isgrp,isgrp_000195,scheduler_group
13,owner_window,45,Limsa Lominsa,All Saints/Halloween city decor,hw_obj2_h,time_bg_hw_obj2_h,sea_s0_twn01,100075,0x000186EB,100059,0x000186DB,-16,other_sgrp,sgrp_bg_door_b2,scheduler_group
13,owner_window,46,Limsa Lominsa,All Saints/Halloween city decor,hw_obj2_h,time_bg_hw_obj2_h,sea_s0_twn01,100075,0x000186EB,100075,0x000186EB,0,owner_isgrp,isgrp_002422,scheduler_group
13,owner_window,47,Limsa Lominsa,All Saints/Halloween city decor,hw_obj2_h,time_bg_hw_obj2_h,sea_s0_twn01,100075,0x000186EB,100088,0x000186F8,13,other_isgrp,isgrp_000196,scheduler_group
13,owner_window,48,Limsa Lominsa,All Saints/Halloween city decor,hw_obj2_h,time_bg_hw_obj2_h,sea_s0_twn01,100075,0x000186EB,100101,0x00018705,26,other_isgrp,isgrp_002725/_lght_a1,scheduler_group
13,owner_window,49,Limsa Lominsa,All Saints/Halloween city decor,hw_obj2_h,time_bg_hw_obj2_h,sea_s0_twn01,100075,0x000186EB,100123,0x0001871B,48,other_sgrp,sgrp_bg_door_b1_dam,scheduler_group
13,owner_window,50,Limsa Lominsa,All Saints/Halloween city decor,hw_obj2_h,time_bg_hw_obj2_h,sea_s0_twn01,100075,0x000186EB,100185,0x00018759,110,other_sgrp,sgrp_bg_gate_a1,scheduler_group
13,owner_window,51,Limsa Lominsa,All Saints/Halloween city decor,hw_obj2_h,time_bg_hw_obj2_h,sea_s0_twn01,100075,0x000186EB,100215,0x00018777,140,other_sgrp,sgrp_bg_gate_a2,scheduler_group
13,owner_window,52,Limsa Lominsa,All Saints/Halloween city decor,hw_obj2_h,time_bg_hw_obj2_h,sea_s0_twn01,100075,0x000186EB,100237,0x0001878D,162,other_sgrp,sgrp_bg_gate_b1,scheduler_group
13,owner_window,53,Limsa Lominsa,All Saints/Halloween city decor,hw_obj2_h,time_bg_hw_obj2_h,sea_s0_twn01,100075,0x000186EB,100475,0x0001887B,400,other_sgrp,sgrp_bg_gate_c1,scheduler_group
13,owner_window,54,Limsa Lominsa,All Saints/Halloween city decor,hw_obj2_h,time_bg_hw_obj2_h,sea_s0_twn01,100075,0x000186EB,100491,0x0001888B,416,other_isgrp,isgrp_002425,scheduler_group
13,owner_window,55,Limsa Lominsa,All Saints/Halloween city decor,hw_obj2_h,time_bg_hw_obj2_h,sea_s0_twn01,100075,0x000186EB,100504,0x00018898,429,other_isgrp,isgrp_002427,scheduler_group
13,owner_window,56,Limsa Lominsa,All Saints/Halloween city decor,hw_obj2_h,time_bg_hw_obj2_h,sea_s0_twn01,100075,0x000186EB,100517,0x000188A5,442,other_isgrp,isgrp_002429,scheduler_group
13,owner_window,57,Limsa Lominsa,All Saints/Halloween city decor,hw_obj2_h,time_bg_hw_obj2_h,sea_s0_twn01,100075,0x000186EB,100530,0x000188B2,455,other_isgrp,isgrp_002431,scheduler_group
13,owner_window,58,Limsa Lominsa,All Saints/Halloween city decor,hw_obj2_h,time_bg_hw_obj2_h,sea_s0_twn01,100075,0x000186EB,100543,0x000188BF,468,other_isgrp,isgrp_000180,scheduler_group
13,owner_window,59,Limsa Lominsa,All Saints/Halloween city decor,hw_obj2_h,time_bg_hw_obj2_h,sea_s0_twn01,100075,0x000186EB,100556,0x000188CC,481,other_isgrp,isgrp_002433,scheduler_group
13,owner_window,60,Limsa Lominsa,All Saints/Halloween city decor,hw_obj2_h,time_bg_hw_obj2_h,sea_s0_twn01,100075,0x000186EB,100569,0x000188D9,494,other_isgrp,isgrp_000181,scheduler_group
13,owner_window,61,Limsa Lominsa,All Saints/Halloween city decor,hw_obj2_h,time_bg_hw_obj2_h,sea_s0_twn01,100075,0x000186EB,100582,0x000188E6,507,other_sgrp,sgrp_bg_gate_d1,scheduler_group
13,owner_window,62,Limsa Lominsa,All Saints/Halloween city decor,hw_obj2_h,time_bg_hw_obj2_h,sea_s0_twn01,100075,0x000186EB,100623,0x0001890F,548,nearby,vfx_gate201,vfx_or_scene_def
13,owner_window,63,Limsa Lominsa,All Saints/Halloween city decor,hw_obj2_h,time_bg_hw_obj2_h,sea_s0_twn01,100075,0x000186EB,100640,0x00018920,565,nearby,vfx_gate202,vfx_or_scene_def
13,owner_window,64,Limsa Lominsa,All Saints/Halloween city decor,hw_obj2_h,time_bg_hw_obj2_h,sea_s0_twn01,100075,0x000186EB,100652,0x0001892C,577,nearby,vfx_gate203,vfx_or_scene_def
13,owner_window,65,Limsa Lominsa,All Saints/Halloween city decor,hw_obj2_h,time_bg_hw_obj2_h,sea_s0_twn01,100075,0x000186EB,100664,0x00018938,589,other_sgrp,sgrp_bg_gate_e1,scheduler_group
13,owner_window,66,Limsa Lominsa,All Saints/Halloween city decor,hw_obj2_h,time_bg_hw_obj2_h,sea_s0_twn01,100075,0x000186EB,100754,0x00018992,679,nearby,vfx_gate102,vfx_or_scene_def
13,owner_window,67,Limsa Lominsa,All Saints/Halloween city decor,hw_obj2_h,time_bg_hw_obj2_h,sea_s0_twn01,100075,0x000186EB,100766,0x0001899E,691,nearby,vfx_gate101,vfx_or_scene_def
13,owner_window,68,Limsa Lominsa,All Saints/Halloween city decor,hw_obj2_h,time_bg_hw_obj2_h,sea_s0_twn01,100075,0x000186EB,100778,0x000189AA,703,nearby,vfx_gate103,vfx_or_scene_def
13,owner_window,69,Limsa Lominsa,All Saints/Halloween city decor,hw_obj2_h,time_bg_hw_obj2_h,sea_s0_twn01,100075,0x000186EB,100790,0x000189B6,715,other_isgrp,isgrp_002435,scheduler_group
13,owner_window,70,Limsa Lominsa,All Saints/Halloween city decor,hw_obj2_h,time_bg_hw_obj2_h,sea_s0_twn01,100075,0x000186EB,100803,0x000189C3,728,nearby,Bk_isgrp_002172-024,interesting
13,owner_window,71,Limsa Lominsa,All Saints/Halloween city decor,hw_obj2_h,time_bg_hw_obj2_h,sea_s0_twn01,100075,0x000186EB,100823,0x000189D7,748,other_isgrp,isgrp_002437,scheduler_group
13,owner_window,72,Limsa Lominsa,All Saints/Halloween city decor,hw_obj2_h,time_bg_hw_obj2_h,sea_s0_twn01,100075,0x000186EB,100836,0x000189E4,761,other_isgrp,isgrp_002439,scheduler_group
14,family_window,1,Limsa Lominsa,All Saints/Halloween city decor,hw_obj3_h,time_bg_hw_obj3_h,sea_s0_twn01,110405,0x0001AF45,109644,0x0001AC4C,-761,other_isgrp,isgrp_003186,scheduler_group
14,family_window,2,Limsa Lominsa,All Saints/Halloween city decor,hw_obj3_h,time_bg_hw_obj3_h,sea_s0_twn01,110405,0x0001AF45,109657,0x0001AC59,-748,other_isgrp,isgrp_003187,scheduler_group
14,family_window,3,Limsa Lominsa,All Saints/Halloween city decor,hw_obj3_h,time_bg_hw_obj3_h,sea_s0_twn01,110405,0x0001AF45,109670,0x0001AC66,-735,other_isgrp,isgrp_003188,scheduler_group
14,family_window,4,Limsa Lominsa,All Saints/Halloween city decor,hw_obj3_h,time_bg_hw_obj3_h,sea_s0_twn01,110405,0x0001AF45,109683,0x0001AC73,-722,other_isgrp,isgrp_003189,scheduler_group
14,family_window,5,Limsa Lominsa,All Saints/Halloween city decor,hw_obj3_h,time_bg_hw_obj3_h,sea_s0_twn01,110405,0x0001AF45,109696,0x0001AC80,-709,other_isgrp,isgrp_003190,scheduler_group
14,family_window,6,Limsa Lominsa,All Saints/Halloween city decor,hw_obj3_h,time_bg_hw_obj3_h,sea_s0_twn01,110405,0x0001AF45,109709,0x0001AC8D,-696,other_isgrp,isgrp_003191,scheduler_group
14,family_window,7,Limsa Lominsa,All Saints/Halloween city decor,hw_obj3_h,time_bg_hw_obj3_h,sea_s0_twn01,110405,0x0001AF45,109722,0x0001AC9A,-683,other_isgrp,isgrp_003192,scheduler_group
14,family_window,8,Limsa Lominsa,All Saints/Halloween city decor,hw_obj3_h,time_bg_hw_obj3_h,sea_s0_twn01,110405,0x0001AF45,109735,0x0001ACA7,-670,other_sgrp,sgrp_bg_flg1,scheduler_group
14,family_window,9,Limsa Lominsa,All Saints/Halloween city decor,hw_obj3_h,time_bg_hw_obj3_h,sea_s0_twn01,110405,0x0001AF45,109788,0x0001ACDC,-617,other_isgrp,isgrp_003193,scheduler_group
14,family_window,10,Limsa Lominsa,All Saints/Halloween city decor,hw_obj3_h,time_bg_hw_obj3_h,sea_s0_twn01,110405,0x0001AF45,109801,0x0001ACE9,-604,other_isgrp,isgrp_003194,scheduler_group
14,family_window,11,Limsa Lominsa,All Saints/Halloween city decor,hw_obj3_h,time_bg_hw_obj3_h,sea_s0_twn01,110405,0x0001AF45,109814,0x0001ACF6,-591,other_isgrp,isgrp_003195,scheduler_group
14,family_window,12,Limsa Lominsa,All Saints/Halloween city decor,hw_obj3_h,time_bg_hw_obj3_h,sea_s0_twn01,110405,0x0001AF45,109827,0x0001AD03,-578,other_isgrp,isgrp_003196,scheduler_group
14,family_window,13,Limsa Lominsa,All Saints/Halloween city decor,hw_obj3_h,time_bg_hw_obj3_h,sea_s0_twn01,110405,0x0001AF45,109840,0x0001AD10,-565,other_isgrp,isgrp_003197,scheduler_group
14,family_window,14,Limsa Lominsa,All Saints/Halloween city decor,hw_obj3_h,time_bg_hw_obj3_h,sea_s0_twn01,110405,0x0001AF45,109853,0x0001AD1D,-552,other_isgrp,isgrp_003198,scheduler_group
14,family_window,15,Limsa Lominsa,All Saints/Halloween city decor,hw_obj3_h,time_bg_hw_obj3_h,sea_s0_twn01,110405,0x0001AF45,109866,0x0001AD2A,-539,other_isgrp,isgrp_003199,scheduler_group
14,family_window,16,Limsa Lominsa,All Saints/Halloween city decor,hw_obj3_h,time_bg_hw_obj3_h,sea_s0_twn01,110405,0x0001AF45,109879,0x0001AD37,-526,other_isgrp,isgrp_003200,scheduler_group
14,family_window,17,Limsa Lominsa,All Saints/Halloween city decor,hw_obj3_h,time_bg_hw_obj3_h,sea_s0_twn01,110405,0x0001AF45,109892,0x0001AD44,-513,other_sgrp,sgrp_bg_flg2,scheduler_group
14,family_window,18,Limsa Lominsa,All Saints/Halloween city decor,hw_obj3_h,time_bg_hw_obj3_h,sea_s0_twn01,110405,0x0001AF45,109923,0x0001AD63,-482,other_sgrp,sgrp_bg_flg3,scheduler_group
14,family_window,19,Limsa Lominsa,All Saints/Halloween city decor,hw_obj3_h,time_bg_hw_obj3_h,sea_s0_twn01,110405,0x0001AF45,109954,0x0001AD82,-451,other_isgrp,isgrp_003201,scheduler_group
14,family_window,20,Limsa Lominsa,All Saints/Halloween city decor,hw_obj3_h,time_bg_hw_obj3_h,sea_s0_twn01,110405,0x0001AF45,109967,0x0001AD8F,-438,other_isgrp,isgrp_003202,scheduler_group
14,family_window,21,Limsa Lominsa,All Saints/Halloween city decor,hw_obj3_h,time_bg_hw_obj3_h,sea_s0_twn01,110405,0x0001AF45,109980,0x0001AD9C,-425,other_isgrp,isgrp_003203,scheduler_group
14,family_window,22,Limsa Lominsa,All Saints/Halloween city decor,hw_obj3_h,time_bg_hw_obj3_h,sea_s0_twn01,110405,0x0001AF45,109993,0x0001ADA9,-412,other_isgrp,isgrp_003204,scheduler_group
14,family_window,23,Limsa Lominsa,All Saints/Halloween city decor,hw_obj3_h,time_bg_hw_obj3_h,sea_s0_twn01,110405,0x0001AF45,110006,0x0001ADB6,-399,other_sgrp,sgrp_bg_hdi1,scheduler_group
14,family_window,24,Limsa Lominsa,All Saints/Halloween city decor,hw_obj3_h,time_bg_hw_obj3_h,sea_s0_twn01,110405,0x0001AF45,110066,0x0001ADF2,-339,other_isgrp,isgrp_003205,scheduler_group
14,family_window,25,Limsa Lominsa,All Saints/Halloween city decor,hw_obj3_h,time_bg_hw_obj3_h,sea_s0_twn01,110405,0x0001AF45,110079,0x0001ADFF,-326,other_isgrp,isgrp_003206,scheduler_group
14,family_window,26,Limsa Lominsa,All Saints/Halloween city decor,hw_obj3_h,time_bg_hw_obj3_h,sea_s0_twn01,110405,0x0001AF45,110092,0x0001AE0C,-313,other_sgrp,sgrp_bg_lamp1,scheduler_group
14,family_window,27,Limsa Lominsa,All Saints/Halloween city decor,hw_obj3_h,time_bg_hw_obj3_h,sea_s0_twn01,110405,0x0001AF45,110146,0x0001AE42,-259,other_isgrp,isgrp_003208,scheduler_group
14,family_window,28,Limsa Lominsa,All Saints/Halloween city decor,hw_obj3_h,time_bg_hw_obj3_h,sea_s0_twn01,110405,0x0001AF45,110159,0x0001AE4F,-246,other_isgrp,isgrp_003209,scheduler_group
14,family_window,29,Limsa Lominsa,All Saints/Halloween city decor,hw_obj3_h,time_bg_hw_obj3_h,sea_s0_twn01,110405,0x0001AF45,110172,0x0001AE5C,-233,other_isgrp,isgrp_003210,scheduler_group
14,family_window,30,Limsa Lominsa,All Saints/Halloween city decor,hw_obj3_h,time_bg_hw_obj3_h,sea_s0_twn01,110405,0x0001AF45,110185,0x0001AE69,-220,other_isgrp,isgrp_003211,scheduler_group
14,family_window,31,Limsa Lominsa,All Saints/Halloween city decor,hw_obj3_h,time_bg_hw_obj3_h,sea_s0_twn01,110405,0x0001AF45,110198,0x0001AE76,-207,other_isgrp,isgrp_003212,scheduler_group
14,family_window,32,Limsa Lominsa,All Saints/Halloween city decor,hw_obj3_h,time_bg_hw_obj3_h,sea_s0_twn01,110405,0x0001AF45,110211,0x0001AE83,-194,other_isgrp,isgrp_003213,scheduler_group
14,family_window,33,Limsa Lominsa,All Saints/Halloween city decor,hw_obj3_h,time_bg_hw_obj3_h,sea_s0_twn01,110405,0x0001AF45,110224,0x0001AE90,-181,other_sgrp,sgrp_bg_lght_z1,scheduler_group
14,family_window,34,Limsa Lominsa,All Saints/Halloween city decor,hw_obj3_h,time_bg_hw_obj3_h,sea_s0_twn01,110405,0x0001AF45,110249,0x0001AEA9,-156,other_isgrp,isgrp_003214,scheduler_group
14,family_window,35,Limsa Lominsa,All Saints/Halloween city decor,hw_obj3_h,time_bg_hw_obj3_h,sea_s0_twn01,110405,0x0001AF45,110262,0x0001AEB6,-143,other_isgrp,isgrp_003215,scheduler_group
14,family_window,36,Limsa Lominsa,All Saints/Halloween city decor,hw_obj3_h,time_bg_hw_obj3_h,sea_s0_twn01,110405,0x0001AF45,110275,0x0001AEC3,-130,other_sgrp,sgrp_bg_hw_obj1_h,scheduler_group
14,family_window,37,Limsa Lominsa,All Saints/Halloween city decor,hw_obj3_h,time_bg_hw_obj3_h,sea_s0_twn01,110405,0x0001AF45,110340,0x0001AF04,-65,other_sgrp,sgrp_bg_hw_obj2_h,scheduler_group
14,family_window,38,Limsa Lominsa,All Saints/Halloween city decor,hw_obj3_h,time_bg_hw_obj3_h,sea_s0_twn01,110405,0x0001AF45,110405,0x0001AF45,0,matched_group,sgrp_bg_hw_obj3_h,scheduler_group
14,family_window,39,Limsa Lominsa,All Saints/Halloween city decor,hw_obj3_h,time_bg_hw_obj3_h,sea_s0_twn01,110405,0x0001AF45,110451,0x0001AF73,46,other_sgrp,sgrp_bg_hw_obj4_h,scheduler_group
14,family_window,40,Limsa Lominsa,All Saints/Halloween city decor,hw_obj3_h,time_bg_hw_obj3_h,sea_s0_twn01,110405,0x0001AF45,110497,0x0001AFA1,92,other_sgrp,sgrp_bg_hw_obj5_h,scheduler_group
14,family_window,41,Limsa Lominsa,All Saints/Halloween city decor,hw_obj3_h,time_bg_hw_obj3_h,sea_s0_twn01,110405,0x0001AF45,110543,0x0001AFCF,138,other_sgrp,sgrp_bg_hw_obj6_h,scheduler_group
14,family_window,42,Limsa Lominsa,All Saints/Halloween city decor,hw_obj3_h,time_bg_hw_obj3_h,sea_s0_twn01,110405,0x0001AF45,110608,0x0001B010,203,other_sgrp,sgrp_bg_hw_obj7_h,scheduler_group
14,family_window,43,Limsa Lominsa,All Saints/Halloween city decor,hw_obj3_h,time_bg_hw_obj3_h,sea_s0_twn01,110405,0x0001AF45,110673,0x0001B051,268,other_sgrp,sgrp_bg_hw_obj8_h,scheduler_group
14,family_window,44,Limsa Lominsa,All Saints/Halloween city decor,hw_obj3_h,time_bg_hw_obj3_h,sea_s0_twn01,110405,0x0001AF45,110719,0x0001B07F,314,other_isgrp,isgrp_003225,scheduler_group
14,family_window,45,Limsa Lominsa,All Saints/Halloween city decor,hw_obj3_h,time_bg_hw_obj3_h,sea_s0_twn01,110405,0x0001AF45,110732,0x0001B08C,327,other_isgrp,isgrp_003226,scheduler_group
14,family_window,46,Limsa Lominsa,All Saints/Halloween city decor,hw_obj3_h,time_bg_hw_obj3_h,sea_s0_twn01,110405,0x0001AF45,110745,0x0001B099,340,other_isgrp,isgrp_003227,scheduler_group
14,family_window,47,Limsa Lominsa,All Saints/Halloween city decor,hw_obj3_h,time_bg_hw_obj3_h,sea_s0_twn01,110405,0x0001AF45,110758,0x0001B0A6,353,other_isgrp,isgrp_003228,scheduler_group
14,family_window,48,Limsa Lominsa,All Saints/Halloween city decor,hw_obj3_h,time_bg_hw_obj3_h,sea_s0_twn01,110405,0x0001AF45,110771,0x0001B0B3,366,other_isgrp,isgrp_003229,scheduler_group
14,family_window,49,Limsa Lominsa,All Saints/Halloween city decor,hw_obj3_h,time_bg_hw_obj3_h,sea_s0_twn01,110405,0x0001AF45,110784,0x0001B0C0,379,other_isgrp,isgrp_003230,scheduler_group
14,family_window,50,Limsa Lominsa,All Saints/Halloween city decor,hw_obj3_h,time_bg_hw_obj3_h,sea_s0_twn01,110405,0x0001AF45,110797,0x0001B0CD,392,other_isgrp,isgrp_003231,scheduler_group
14,family_window,51,Limsa Lominsa,All Saints/Halloween city decor,hw_obj3_h,time_bg_hw_obj3_h,sea_s0_twn01,110405,0x0001AF45,110810,0x0001B0DA,405,other_isgrp,isgrp_003232,scheduler_group
14,family_window,52,Limsa Lominsa,All Saints/Halloween city decor,hw_obj3_h,time_bg_hw_obj3_h,sea_s0_twn01,110405,0x0001AF45,110823,0x0001B0E7,418,other_isgrp,isgrp_003233,scheduler_group
14,family_window,53,Limsa Lominsa,All Saints/Halloween city decor,hw_obj3_h,time_bg_hw_obj3_h,sea_s0_twn01,110405,0x0001AF45,110836,0x0001B0F4,431,other_isgrp,isgrp_003234,scheduler_group
14,family_window,54,Limsa Lominsa,All Saints/Halloween city decor,hw_obj3_h,time_bg_hw_obj3_h,sea_s0_twn01,110405,0x0001AF45,110849,0x0001B101,444,other_isgrp,isgrp_003235,scheduler_group
14,family_window,55,Limsa Lominsa,All Saints/Halloween city decor,hw_obj3_h,time_bg_hw_obj3_h,sea_s0_twn01,110405,0x0001AF45,110862,0x0001B10E,457,other_isgrp,isgrp_003236,scheduler_group
14,family_window,56,Limsa Lominsa,All Saints/Halloween city decor,hw_obj3_h,time_bg_hw_obj3_h,sea_s0_twn01,110405,0x0001AF45,110875,0x0001B11B,470,other_isgrp,isgrp_003237,scheduler_group
14,family_window,57,Limsa Lominsa,All Saints/Halloween city decor,hw_obj3_h,time_bg_hw_obj3_h,sea_s0_twn01,110405,0x0001AF45,110888,0x0001B128,483,other_isgrp,isgrp_003238,scheduler_group
14,family_window,58,Limsa Lominsa,All Saints/Halloween city decor,hw_obj3_h,time_bg_hw_obj3_h,sea_s0_twn01,110405,0x0001AF45,110901,0x0001B135,496,other_isgrp,isgrp_003239,scheduler_group
14,family_window,59,Limsa Lominsa,All Saints/Halloween city decor,hw_obj3_h,time_bg_hw_obj3_h,sea_s0_twn01,110405,0x0001AF45,110914,0x0001B142,509,other_isgrp,isgrp_003240,scheduler_group
14,family_window,60,Limsa Lominsa,All Saints/Halloween city decor,hw_obj3_h,time_bg_hw_obj3_h,sea_s0_twn01,110405,0x0001AF45,110927,0x0001B14F,522,other_isgrp,isgrp_003241,scheduler_group
14,family_window,61,Limsa Lominsa,All Saints/Halloween city decor,hw_obj3_h,time_bg_hw_obj3_h,sea_s0_twn01,110405,0x0001AF45,110940,0x0001B15C,535,other_isgrp,isgrp_003242,scheduler_group
14,family_window,62,Limsa Lominsa,All Saints/Halloween city decor,hw_obj3_h,time_bg_hw_obj3_h,sea_s0_twn01,110405,0x0001AF45,110953,0x0001B169,548,other_isgrp,isgrp_003245,scheduler_group
14,family_window,63,Limsa Lominsa,All Saints/Halloween city decor,hw_obj3_h,time_bg_hw_obj3_h,sea_s0_twn01,110405,0x0001AF45,110966,0x0001B176,561,other_isgrp,isgrp_003246,scheduler_group
14,family_window,64,Limsa Lominsa,All Saints/Halloween city decor,hw_obj3_h,time_bg_hw_obj3_h,sea_s0_twn01,110405,0x0001AF45,110979,0x0001B183,574,other_isgrp,isgrp_003247,scheduler_group
14,family_window,65,Limsa Lominsa,All Saints/Halloween city decor,hw_obj3_h,time_bg_hw_obj3_h,sea_s0_twn01,110405,0x0001AF45,110992,0x0001B190,587,other_isgrp,isgrp_003248,scheduler_group
14,family_window,66,Limsa Lominsa,All Saints/Halloween city decor,hw_obj3_h,time_bg_hw_obj3_h,sea_s0_twn01,110405,0x0001AF45,111005,0x0001B19D,600,other_isgrp,isgrp_003249,scheduler_group
14,family_window,67,Limsa Lominsa,All Saints/Halloween city decor,hw_obj3_h,time_bg_hw_obj3_h,sea_s0_twn01,110405,0x0001AF45,111018,0x0001B1AA,613,other_isgrp,isgrp_003250,scheduler_group
14,family_window,68,Limsa Lominsa,All Saints/Halloween city decor,hw_obj3_h,time_bg_hw_obj3_h,sea_s0_twn01,110405,0x0001AF45,111031,0x0001B1B7,626,other_isgrp,isgrp_003251,scheduler_group
14,family_window,69,Limsa Lominsa,All Saints/Halloween city decor,hw_obj3_h,time_bg_hw_obj3_h,sea_s0_twn01,110405,0x0001AF45,111044,0x0001B1C4,639,other_isgrp,isgrp_003252,scheduler_group
14,family_window,70,Limsa Lominsa,All Saints/Halloween city decor,hw_obj3_h,time_bg_hw_obj3_h,sea_s0_twn01,110405,0x0001AF45,111057,0x0001B1D1,652,other_isgrp,isgrp_003254,scheduler_group
14,family_window,71,Limsa Lominsa,All Saints/Halloween city decor,hw_obj3_h,time_bg_hw_obj3_h,sea_s0_twn01,110405,0x0001AF45,111070,0x0001B1DE,665,other_isgrp,isgrp_003255,scheduler_group
14,family_window,72,Limsa Lominsa,All Saints/Halloween city decor,hw_obj3_h,time_bg_hw_obj3_h,sea_s0_twn01,110405,0x0001AF45,111083,0x0001B1EB,678,other_isgrp,isgrp_003256,scheduler_group
14,family_window,73,Limsa Lominsa,All Saints/Halloween city decor,hw_obj3_h,time_bg_hw_obj3_h,sea_s0_twn01,110405,0x0001AF45,111096,0x0001B1F8,691,other_isgrp,isgrp_003257,scheduler_group
14,family_window,74,Limsa Lominsa,All Saints/Halloween city decor,hw_obj3_h,time_bg_hw_obj3_h,sea_s0_twn01,110405,0x0001AF45,111109,0x0001B205,704,other_isgrp,isgrp_003258,scheduler_group
14,family_window,75,Limsa Lominsa,All Saints/Halloween city decor,hw_obj3_h,time_bg_hw_obj3_h,sea_s0_twn01,110405,0x0001AF45,111122,0x0001B212,717,other_isgrp,isgrp_003259,scheduler_group
14,family_window,76,Limsa Lominsa,All Saints/Halloween city decor,hw_obj3_h,time_bg_hw_obj3_h,sea_s0_twn01,110405,0x0001AF45,111135,0x0001B21F,730,other_isgrp,isgrp_003260,scheduler_group
14,family_window,77,Limsa Lominsa,All Saints/Halloween city decor,hw_obj3_h,time_bg_hw_obj3_h,sea_s0_twn01,110405,0x0001AF45,111148,0x0001B22C,743,other_isgrp,isgrp_003261,scheduler_group
14,family_window,78,Limsa Lominsa,All Saints/Halloween city decor,hw_obj3_h,time_bg_hw_obj3_h,sea_s0_twn01,110405,0x0001AF45,111161,0x0001B239,756,other_isgrp,isgrp_003263,scheduler_group
14,owner_window,1,Limsa Lominsa,All Saints/Halloween city decor,hw_obj3_h,time_bg_hw_obj3_h,sea_s0_twn01,100075,0x000186EB,99314,0x000183F2,-761,other_isgrp,isgrp_000143,scheduler_group
14,owner_window,2,Limsa Lominsa,All Saints/Halloween city decor,hw_obj3_h,time_bg_hw_obj3_h,sea_s0_twn01,100075,0x000186EB,99327,0x000183FF,-748,other_isgrp,isgrp_002713/_lght_a1,scheduler_group
14,owner_window,3,Limsa Lominsa,All Saints/Halloween city decor,hw_obj3_h,time_bg_hw_obj3_h,sea_s0_twn01,100075,0x000186EB,99349,0x00018415,-726,other_isgrp,isgrp_002384,scheduler_group
14,owner_window,4,Limsa Lominsa,All Saints/Halloween city decor,hw_obj3_h,time_bg_hw_obj3_h,sea_s0_twn01,100075,0x000186EB,99362,0x00018422,-713,other_isgrp,isgrp_002714/_lght_a1,scheduler_group
14,owner_window,5,Limsa Lominsa,All Saints/Halloween city decor,hw_obj3_h,time_bg_hw_obj3_h,sea_s0_twn01,100075,0x000186EB,99384,0x00018438,-691,other_isgrp,isgrp_002386,scheduler_group
14,owner_window,6,Limsa Lominsa,All Saints/Halloween city decor,hw_obj3_h,time_bg_hw_obj3_h,sea_s0_twn01,100075,0x000186EB,99397,0x00018445,-678,other_isgrp,isgrp_000144,scheduler_group
14,owner_window,7,Limsa Lominsa,All Saints/Halloween city decor,hw_obj3_h,time_bg_hw_obj3_h,sea_s0_twn01,100075,0x000186EB,99423,0x0001845F,-652,other_isgrp,isgrp_002388,scheduler_group
14,owner_window,8,Limsa Lominsa,All Saints/Halloween city decor,hw_obj3_h,time_bg_hw_obj3_h,sea_s0_twn01,100075,0x000186EB,99436,0x0001846C,-639,other_isgrp,isgrp_002727/_lght_a1,scheduler_group
14,owner_window,9,Limsa Lominsa,All Saints/Halloween city decor,hw_obj3_h,time_bg_hw_obj3_h,sea_s0_twn01,100075,0x000186EB,99458,0x00018482,-617,other_isgrp,isgrp_002390,scheduler_group
14,owner_window,10,Limsa Lominsa,All Saints/Halloween city decor,hw_obj3_h,time_bg_hw_obj3_h,sea_s0_twn01,100075,0x000186EB,99471,0x0001848F,-604,other_isgrp,isgrp_000145,scheduler_group
14,owner_window,11,Limsa Lominsa,All Saints/Halloween city decor,hw_obj3_h,time_bg_hw_obj3_h,sea_s0_twn01,100075,0x000186EB,99484,0x0001849C,-591,other_isgrp,isgrp_002726/_lght_a1,scheduler_group
14,owner_window,12,Limsa Lominsa,All Saints/Halloween city decor,hw_obj3_h,time_bg_hw_obj3_h,sea_s0_twn01,100075,0x000186EB,99506,0x000184B2,-569,other_isgrp,isgrp_002392,scheduler_group
14,owner_window,13,Limsa Lominsa,All Saints/Halloween city decor,hw_obj3_h,time_bg_hw_obj3_h,sea_s0_twn01,100075,0x000186EB,99519,0x000184BF,-556,other_isgrp,isgrp_002728/_lght_a1,scheduler_group
14,owner_window,14,Limsa Lominsa,All Saints/Halloween city decor,hw_obj3_h,time_bg_hw_obj3_h,sea_s0_twn01,100075,0x000186EB,99541,0x000184D5,-534,other_isgrp,isgrp_002394,scheduler_group
14,owner_window,15,Limsa Lominsa,All Saints/Halloween city decor,hw_obj3_h,time_bg_hw_obj3_h,sea_s0_twn01,100075,0x000186EB,99554,0x000184E2,-521,other_isgrp,isgrp_000193,scheduler_group
14,owner_window,16,Limsa Lominsa,All Saints/Halloween city decor,hw_obj3_h,time_bg_hw_obj3_h,sea_s0_twn01,100075,0x000186EB,99567,0x000184EF,-508,other_isgrp,isgrp_002743/_lght_a1,scheduler_group
14,owner_window,17,Limsa Lominsa,All Saints/Halloween city decor,hw_obj3_h,time_bg_hw_obj3_h,sea_s0_twn01,100075,0x000186EB,99589,0x00018505,-486,other_isgrp,isgrp_002396,scheduler_group
14,owner_window,18,Limsa Lominsa,All Saints/Halloween city decor,hw_obj3_h,time_bg_hw_obj3_h,sea_s0_twn01,100075,0x000186EB,99602,0x00018512,-473,other_isgrp,isgrp_000192,scheduler_group
14,owner_window,19,Limsa Lominsa,All Saints/Halloween city decor,hw_obj3_h,time_bg_hw_obj3_h,sea_s0_twn01,100075,0x000186EB,99615,0x0001851F,-460,other_isgrp,isgrp_002744/_lght_a1,scheduler_group
14,owner_window,20,Limsa Lominsa,All Saints/Halloween city decor,hw_obj3_h,time_bg_hw_obj3_h,sea_s0_twn01,100075,0x000186EB,99637,0x00018535,-438,other_isgrp,isgrp_002398,scheduler_group
14,owner_window,21,Limsa Lominsa,All Saints/Halloween city decor,hw_obj3_h,time_bg_hw_obj3_h,sea_s0_twn01,100075,0x000186EB,99650,0x00018542,-425,other_isgrp,isgrp_000191,scheduler_group
14,owner_window,22,Limsa Lominsa,All Saints/Halloween city decor,hw_obj3_h,time_bg_hw_obj3_h,sea_s0_twn01,100075,0x000186EB,99663,0x0001854F,-412,other_isgrp,isgrp_002745/_lght_a1,scheduler_group
14,owner_window,23,Limsa Lominsa,All Saints/Halloween city decor,hw_obj3_h,time_bg_hw_obj3_h,sea_s0_twn01,100075,0x000186EB,99685,0x00018565,-390,other_isgrp,isgrp_002400,scheduler_group
14,owner_window,24,Limsa Lominsa,All Saints/Halloween city decor,hw_obj3_h,time_bg_hw_obj3_h,sea_s0_twn01,100075,0x000186EB,99698,0x00018572,-377,other_isgrp,isgrp_000190,scheduler_group
14,owner_window,25,Limsa Lominsa,All Saints/Halloween city decor,hw_obj3_h,time_bg_hw_obj3_h,sea_s0_twn01,100075,0x000186EB,99711,0x0001857F,-364,other_isgrp,isgrp_002742/_lght_a1,scheduler_group
14,owner_window,26,Limsa Lominsa,All Saints/Halloween city decor,hw_obj3_h,time_bg_hw_obj3_h,sea_s0_twn01,100075,0x000186EB,99733,0x00018595,-342,other_isgrp,isgrp_002402,scheduler_group
14,owner_window,27,Limsa Lominsa,All Saints/Halloween city decor,hw_obj3_h,time_bg_hw_obj3_h,sea_s0_twn01,100075,0x000186EB,99746,0x000185A2,-329,other_isgrp,isgrp_000139,scheduler_group
14,owner_window,28,Limsa Lominsa,All Saints/Halloween city decor,hw_obj3_h,time_bg_hw_obj3_h,sea_s0_twn01,100075,0x000186EB,99772,0x000185BC,-303,other_isgrp,isgrp_002746/_lght_a1,scheduler_group
14,owner_window,29,Limsa Lominsa,All Saints/Halloween city decor,hw_obj3_h,time_bg_hw_obj3_h,sea_s0_twn01,100075,0x000186EB,99794,0x000185D2,-281,other_isgrp,isgrp_002404,scheduler_group
14,owner_window,30,Limsa Lominsa,All Saints/Halloween city decor,hw_obj3_h,time_bg_hw_obj3_h,sea_s0_twn01,100075,0x000186EB,99807,0x000185DF,-268,other_isgrp,isgrp_002757/_lght_a1,scheduler_group
14,owner_window,31,Limsa Lominsa,All Saints/Halloween city decor,hw_obj3_h,time_bg_hw_obj3_h,sea_s0_twn01,100075,0x000186EB,99829,0x000185F5,-246,other_isgrp,isgrp_002406,scheduler_group
14,owner_window,32,Limsa Lominsa,All Saints/Halloween city decor,hw_obj3_h,time_bg_hw_obj3_h,sea_s0_twn01,100075,0x000186EB,99842,0x00018602,-233,other_isgrp,isgrp_000140,scheduler_group
14,owner_window,33,Limsa Lominsa,All Saints/Halloween city decor,hw_obj3_h,time_bg_hw_obj3_h,sea_s0_twn01,100075,0x000186EB,99855,0x0001860F,-220,other_isgrp,isgrp_002408,scheduler_group
14,owner_window,34,Limsa Lominsa,All Saints/Halloween city decor,hw_obj3_h,time_bg_hw_obj3_h,sea_s0_twn01,100075,0x000186EB,99868,0x0001861C,-207,other_isgrp,isgrp_000141,scheduler_group
14,owner_window,35,Limsa Lominsa,All Saints/Halloween city decor,hw_obj3_h,time_bg_hw_obj3_h,sea_s0_twn01,100075,0x000186EB,99881,0x00018629,-194,other_isgrp,isgrp_002410,scheduler_group
14,owner_window,36,Limsa Lominsa,All Saints/Halloween city decor,hw_obj3_h,time_bg_hw_obj3_h,sea_s0_twn01,100075,0x000186EB,99894,0x00018636,-181,other_isgrp,isgrp_002412,scheduler_group
14,owner_window,37,Limsa Lominsa,All Saints/Halloween city decor,hw_obj3_h,time_bg_hw_obj3_h,sea_s0_twn01,100075,0x000186EB,99920,0x00018650,-155,other_isgrp,isgrp_002413,scheduler_group
14,owner_window,38,Limsa Lominsa,All Saints/Halloween city decor,hw_obj3_h,time_bg_hw_obj3_h,sea_s0_twn01,100075,0x000186EB,99933,0x0001865D,-142,other_isgrp,isgrp_000197,scheduler_group
14,owner_window,39,Limsa Lominsa,All Saints/Halloween city decor,hw_obj3_h,time_bg_hw_obj3_h,sea_s0_twn01,100075,0x000186EB,99959,0x00018677,-116,other_isgrp,isgrp_002760/_lght_a1,scheduler_group
14,owner_window,40,Limsa Lominsa,All Saints/Halloween city decor,hw_obj3_h,time_bg_hw_obj3_h,sea_s0_twn01,100075,0x000186EB,99981,0x0001868D,-94,other_isgrp,isgrp_002416,scheduler_group
14,owner_window,41,Limsa Lominsa,All Saints/Halloween city decor,hw_obj3_h,time_bg_hw_obj3_h,sea_s0_twn01,100075,0x000186EB,99994,0x0001869A,-81,other_isgrp,isgrp_002418,scheduler_group
14,owner_window,42,Limsa Lominsa,All Saints/Halloween city decor,hw_obj3_h,time_bg_hw_obj3_h,sea_s0_twn01,100075,0x000186EB,100007,0x000186A7,-68,other_isgrp,isgrp_000194,scheduler_group
14,owner_window,43,Limsa Lominsa,All Saints/Halloween city decor,hw_obj3_h,time_bg_hw_obj3_h,sea_s0_twn01,100075,0x000186EB,100033,0x000186C1,-42,other_isgrp,isgrp_002420,scheduler_group
14,owner_window,44,Limsa Lominsa,All Saints/Halloween city decor,hw_obj3_h,time_bg_hw_obj3_h,sea_s0_twn01,100075,0x000186EB,100046,0x000186CE,-29,other_isgrp,isgrp_000195,scheduler_group
14,owner_window,45,Limsa Lominsa,All Saints/Halloween city decor,hw_obj3_h,time_bg_hw_obj3_h,sea_s0_twn01,100075,0x000186EB,100059,0x000186DB,-16,other_sgrp,sgrp_bg_door_b2,scheduler_group
14,owner_window,46,Limsa Lominsa,All Saints/Halloween city decor,hw_obj3_h,time_bg_hw_obj3_h,sea_s0_twn01,100075,0x000186EB,100075,0x000186EB,0,owner_isgrp,isgrp_002422,scheduler_group
14,owner_window,47,Limsa Lominsa,All Saints/Halloween city decor,hw_obj3_h,time_bg_hw_obj3_h,sea_s0_twn01,100075,0x000186EB,100088,0x000186F8,13,other_isgrp,isgrp_000196,scheduler_group
14,owner_window,48,Limsa Lominsa,All Saints/Halloween city decor,hw_obj3_h,time_bg_hw_obj3_h,sea_s0_twn01,100075,0x000186EB,100101,0x00018705,26,other_isgrp,isgrp_002725/_lght_a1,scheduler_group
14,owner_window,49,Limsa Lominsa,All Saints/Halloween city decor,hw_obj3_h,time_bg_hw_obj3_h,sea_s0_twn01,100075,0x000186EB,100123,0x0001871B,48,other_sgrp,sgrp_bg_door_b1_dam,scheduler_group
14,owner_window,50,Limsa Lominsa,All Saints/Halloween city decor,hw_obj3_h,time_bg_hw_obj3_h,sea_s0_twn01,100075,0x000186EB,100185,0x00018759,110,other_sgrp,sgrp_bg_gate_a1,scheduler_group
14,owner_window,51,Limsa Lominsa,All Saints/Halloween city decor,hw_obj3_h,time_bg_hw_obj3_h,sea_s0_twn01,100075,0x000186EB,100215,0x00018777,140,other_sgrp,sgrp_bg_gate_a2,scheduler_group
14,owner_window,52,Limsa Lominsa,All Saints/Halloween city decor,hw_obj3_h,time_bg_hw_obj3_h,sea_s0_twn01,100075,0x000186EB,100237,0x0001878D,162,other_sgrp,sgrp_bg_gate_b1,scheduler_group
14,owner_window,53,Limsa Lominsa,All Saints/Halloween city decor,hw_obj3_h,time_bg_hw_obj3_h,sea_s0_twn01,100075,0x000186EB,100475,0x0001887B,400,other_sgrp,sgrp_bg_gate_c1,scheduler_group
14,owner_window,54,Limsa Lominsa,All Saints/Halloween city decor,hw_obj3_h,time_bg_hw_obj3_h,sea_s0_twn01,100075,0x000186EB,100491,0x0001888B,416,other_isgrp,isgrp_002425,scheduler_group
14,owner_window,55,Limsa Lominsa,All Saints/Halloween city decor,hw_obj3_h,time_bg_hw_obj3_h,sea_s0_twn01,100075,0x000186EB,100504,0x00018898,429,other_isgrp,isgrp_002427,scheduler_group
14,owner_window,56,Limsa Lominsa,All Saints/Halloween city decor,hw_obj3_h,time_bg_hw_obj3_h,sea_s0_twn01,100075,0x000186EB,100517,0x000188A5,442,other_isgrp,isgrp_002429,scheduler_group
14,owner_window,57,Limsa Lominsa,All Saints/Halloween city decor,hw_obj3_h,time_bg_hw_obj3_h,sea_s0_twn01,100075,0x000186EB,100530,0x000188B2,455,other_isgrp,isgrp_002431,scheduler_group
14,owner_window,58,Limsa Lominsa,All Saints/Halloween city decor,hw_obj3_h,time_bg_hw_obj3_h,sea_s0_twn01,100075,0x000186EB,100543,0x000188BF,468,other_isgrp,isgrp_000180,scheduler_group
14,owner_window,59,Limsa Lominsa,All Saints/Halloween city decor,hw_obj3_h,time_bg_hw_obj3_h,sea_s0_twn01,100075,0x000186EB,100556,0x000188CC,481,other_isgrp,isgrp_002433,scheduler_group
14,owner_window,60,Limsa Lominsa,All Saints/Halloween city decor,hw_obj3_h,time_bg_hw_obj3_h,sea_s0_twn01,100075,0x000186EB,100569,0x000188D9,494,other_isgrp,isgrp_000181,scheduler_group
14,owner_window,61,Limsa Lominsa,All Saints/Halloween city decor,hw_obj3_h,time_bg_hw_obj3_h,sea_s0_twn01,100075,0x000186EB,100582,0x000188E6,507,other_sgrp,sgrp_bg_gate_d1,scheduler_group
14,owner_window,62,Limsa Lominsa,All Saints/Halloween city decor,hw_obj3_h,time_bg_hw_obj3_h,sea_s0_twn01,100075,0x000186EB,100623,0x0001890F,548,nearby,vfx_gate201,vfx_or_scene_def
14,owner_window,63,Limsa Lominsa,All Saints/Halloween city decor,hw_obj3_h,time_bg_hw_obj3_h,sea_s0_twn01,100075,0x000186EB,100640,0x00018920,565,nearby,vfx_gate202,vfx_or_scene_def
14,owner_window,64,Limsa Lominsa,All Saints/Halloween city decor,hw_obj3_h,time_bg_hw_obj3_h,sea_s0_twn01,100075,0x000186EB,100652,0x0001892C,577,nearby,vfx_gate203,vfx_or_scene_def
14,owner_window,65,Limsa Lominsa,All Saints/Halloween city decor,hw_obj3_h,time_bg_hw_obj3_h,sea_s0_twn01,100075,0x000186EB,100664,0x00018938,589,other_sgrp,sgrp_bg_gate_e1,scheduler_group
14,owner_window,66,Limsa Lominsa,All Saints/Halloween city decor,hw_obj3_h,time_bg_hw_obj3_h,sea_s0_twn01,100075,0x000186EB,100754,0x00018992,679,nearby,vfx_gate102,vfx_or_scene_def
14,owner_window,67,Limsa Lominsa,All Saints/Halloween city decor,hw_obj3_h,time_bg_hw_obj3_h,sea_s0_twn01,100075,0x000186EB,100766,0x0001899E,691,nearby,vfx_gate101,vfx_or_scene_def
14,owner_window,68,Limsa Lominsa,All Saints/Halloween city decor,hw_obj3_h,time_bg_hw_obj3_h,sea_s0_twn01,100075,0x000186EB,100778,0x000189AA,703,nearby,vfx_gate103,vfx_or_scene_def
14,owner_window,69,Limsa Lominsa,All Saints/Halloween city decor,hw_obj3_h,time_bg_hw_obj3_h,sea_s0_twn01,100075,0x000186EB,100790,0x000189B6,715,other_isgrp,isgrp_002435,scheduler_group
14,owner_window,70,Limsa Lominsa,All Saints/Halloween city decor,hw_obj3_h,time_bg_hw_obj3_h,sea_s0_twn01,100075,0x000186EB,100803,0x000189C3,728,nearby,Bk_isgrp_002172-024,interesting
14,owner_window,71,Limsa Lominsa,All Saints/Halloween city decor,hw_obj3_h,time_bg_hw_obj3_h,sea_s0_twn01,100075,0x000186EB,100823,0x000189D7,748,other_isgrp,isgrp_002437,scheduler_group
14,owner_window,72,Limsa Lominsa,All Saints/Halloween city decor,hw_obj3_h,time_bg_hw_obj3_h,sea_s0_twn01,100075,0x000186EB,100836,0x000189E4,761,other_isgrp,isgrp_002439,scheduler_group
15,family_window,1,Limsa Lominsa,All Saints/Halloween city decor,hw_obj4_h,time_bg_hw_obj4_h,sea_s0_twn01,110451,0x0001AF73,109683,0x0001AC73,-768,other_isgrp,isgrp_003189,scheduler_group
15,family_window,2,Limsa Lominsa,All Saints/Halloween city decor,hw_obj4_h,time_bg_hw_obj4_h,sea_s0_twn01,110451,0x0001AF73,109696,0x0001AC80,-755,other_isgrp,isgrp_003190,scheduler_group
15,family_window,3,Limsa Lominsa,All Saints/Halloween city decor,hw_obj4_h,time_bg_hw_obj4_h,sea_s0_twn01,110451,0x0001AF73,109709,0x0001AC8D,-742,other_isgrp,isgrp_003191,scheduler_group
15,family_window,4,Limsa Lominsa,All Saints/Halloween city decor,hw_obj4_h,time_bg_hw_obj4_h,sea_s0_twn01,110451,0x0001AF73,109722,0x0001AC9A,-729,other_isgrp,isgrp_003192,scheduler_group
15,family_window,5,Limsa Lominsa,All Saints/Halloween city decor,hw_obj4_h,time_bg_hw_obj4_h,sea_s0_twn01,110451,0x0001AF73,109735,0x0001ACA7,-716,other_sgrp,sgrp_bg_flg1,scheduler_group
15,family_window,6,Limsa Lominsa,All Saints/Halloween city decor,hw_obj4_h,time_bg_hw_obj4_h,sea_s0_twn01,110451,0x0001AF73,109788,0x0001ACDC,-663,other_isgrp,isgrp_003193,scheduler_group
15,family_window,7,Limsa Lominsa,All Saints/Halloween city decor,hw_obj4_h,time_bg_hw_obj4_h,sea_s0_twn01,110451,0x0001AF73,109801,0x0001ACE9,-650,other_isgrp,isgrp_003194,scheduler_group
15,family_window,8,Limsa Lominsa,All Saints/Halloween city decor,hw_obj4_h,time_bg_hw_obj4_h,sea_s0_twn01,110451,0x0001AF73,109814,0x0001ACF6,-637,other_isgrp,isgrp_003195,scheduler_group
15,family_window,9,Limsa Lominsa,All Saints/Halloween city decor,hw_obj4_h,time_bg_hw_obj4_h,sea_s0_twn01,110451,0x0001AF73,109827,0x0001AD03,-624,other_isgrp,isgrp_003196,scheduler_group
15,family_window,10,Limsa Lominsa,All Saints/Halloween city decor,hw_obj4_h,time_bg_hw_obj4_h,sea_s0_twn01,110451,0x0001AF73,109840,0x0001AD10,-611,other_isgrp,isgrp_003197,scheduler_group
15,family_window,11,Limsa Lominsa,All Saints/Halloween city decor,hw_obj4_h,time_bg_hw_obj4_h,sea_s0_twn01,110451,0x0001AF73,109853,0x0001AD1D,-598,other_isgrp,isgrp_003198,scheduler_group
15,family_window,12,Limsa Lominsa,All Saints/Halloween city decor,hw_obj4_h,time_bg_hw_obj4_h,sea_s0_twn01,110451,0x0001AF73,109866,0x0001AD2A,-585,other_isgrp,isgrp_003199,scheduler_group
15,family_window,13,Limsa Lominsa,All Saints/Halloween city decor,hw_obj4_h,time_bg_hw_obj4_h,sea_s0_twn01,110451,0x0001AF73,109879,0x0001AD37,-572,other_isgrp,isgrp_003200,scheduler_group
15,family_window,14,Limsa Lominsa,All Saints/Halloween city decor,hw_obj4_h,time_bg_hw_obj4_h,sea_s0_twn01,110451,0x0001AF73,109892,0x0001AD44,-559,other_sgrp,sgrp_bg_flg2,scheduler_group
15,family_window,15,Limsa Lominsa,All Saints/Halloween city decor,hw_obj4_h,time_bg_hw_obj4_h,sea_s0_twn01,110451,0x0001AF73,109923,0x0001AD63,-528,other_sgrp,sgrp_bg_flg3,scheduler_group
15,family_window,16,Limsa Lominsa,All Saints/Halloween city decor,hw_obj4_h,time_bg_hw_obj4_h,sea_s0_twn01,110451,0x0001AF73,109954,0x0001AD82,-497,other_isgrp,isgrp_003201,scheduler_group
15,family_window,17,Limsa Lominsa,All Saints/Halloween city decor,hw_obj4_h,time_bg_hw_obj4_h,sea_s0_twn01,110451,0x0001AF73,109967,0x0001AD8F,-484,other_isgrp,isgrp_003202,scheduler_group
15,family_window,18,Limsa Lominsa,All Saints/Halloween city decor,hw_obj4_h,time_bg_hw_obj4_h,sea_s0_twn01,110451,0x0001AF73,109980,0x0001AD9C,-471,other_isgrp,isgrp_003203,scheduler_group
15,family_window,19,Limsa Lominsa,All Saints/Halloween city decor,hw_obj4_h,time_bg_hw_obj4_h,sea_s0_twn01,110451,0x0001AF73,109993,0x0001ADA9,-458,other_isgrp,isgrp_003204,scheduler_group
15,family_window,20,Limsa Lominsa,All Saints/Halloween city decor,hw_obj4_h,time_bg_hw_obj4_h,sea_s0_twn01,110451,0x0001AF73,110006,0x0001ADB6,-445,other_sgrp,sgrp_bg_hdi1,scheduler_group
15,family_window,21,Limsa Lominsa,All Saints/Halloween city decor,hw_obj4_h,time_bg_hw_obj4_h,sea_s0_twn01,110451,0x0001AF73,110066,0x0001ADF2,-385,other_isgrp,isgrp_003205,scheduler_group
15,family_window,22,Limsa Lominsa,All Saints/Halloween city decor,hw_obj4_h,time_bg_hw_obj4_h,sea_s0_twn01,110451,0x0001AF73,110079,0x0001ADFF,-372,other_isgrp,isgrp_003206,scheduler_group
15,family_window,23,Limsa Lominsa,All Saints/Halloween city decor,hw_obj4_h,time_bg_hw_obj4_h,sea_s0_twn01,110451,0x0001AF73,110092,0x0001AE0C,-359,other_sgrp,sgrp_bg_lamp1,scheduler_group
15,family_window,24,Limsa Lominsa,All Saints/Halloween city decor,hw_obj4_h,time_bg_hw_obj4_h,sea_s0_twn01,110451,0x0001AF73,110146,0x0001AE42,-305,other_isgrp,isgrp_003208,scheduler_group
15,family_window,25,Limsa Lominsa,All Saints/Halloween city decor,hw_obj4_h,time_bg_hw_obj4_h,sea_s0_twn01,110451,0x0001AF73,110159,0x0001AE4F,-292,other_isgrp,isgrp_003209,scheduler_group
15,family_window,26,Limsa Lominsa,All Saints/Halloween city decor,hw_obj4_h,time_bg_hw_obj4_h,sea_s0_twn01,110451,0x0001AF73,110172,0x0001AE5C,-279,other_isgrp,isgrp_003210,scheduler_group
15,family_window,27,Limsa Lominsa,All Saints/Halloween city decor,hw_obj4_h,time_bg_hw_obj4_h,sea_s0_twn01,110451,0x0001AF73,110185,0x0001AE69,-266,other_isgrp,isgrp_003211,scheduler_group
15,family_window,28,Limsa Lominsa,All Saints/Halloween city decor,hw_obj4_h,time_bg_hw_obj4_h,sea_s0_twn01,110451,0x0001AF73,110198,0x0001AE76,-253,other_isgrp,isgrp_003212,scheduler_group
15,family_window,29,Limsa Lominsa,All Saints/Halloween city decor,hw_obj4_h,time_bg_hw_obj4_h,sea_s0_twn01,110451,0x0001AF73,110211,0x0001AE83,-240,other_isgrp,isgrp_003213,scheduler_group
15,family_window,30,Limsa Lominsa,All Saints/Halloween city decor,hw_obj4_h,time_bg_hw_obj4_h,sea_s0_twn01,110451,0x0001AF73,110224,0x0001AE90,-227,other_sgrp,sgrp_bg_lght_z1,scheduler_group
15,family_window,31,Limsa Lominsa,All Saints/Halloween city decor,hw_obj4_h,time_bg_hw_obj4_h,sea_s0_twn01,110451,0x0001AF73,110249,0x0001AEA9,-202,other_isgrp,isgrp_003214,scheduler_group
15,family_window,32,Limsa Lominsa,All Saints/Halloween city decor,hw_obj4_h,time_bg_hw_obj4_h,sea_s0_twn01,110451,0x0001AF73,110262,0x0001AEB6,-189,other_isgrp,isgrp_003215,scheduler_group
15,family_window,33,Limsa Lominsa,All Saints/Halloween city decor,hw_obj4_h,time_bg_hw_obj4_h,sea_s0_twn01,110451,0x0001AF73,110275,0x0001AEC3,-176,other_sgrp,sgrp_bg_hw_obj1_h,scheduler_group
15,family_window,34,Limsa Lominsa,All Saints/Halloween city decor,hw_obj4_h,time_bg_hw_obj4_h,sea_s0_twn01,110451,0x0001AF73,110340,0x0001AF04,-111,other_sgrp,sgrp_bg_hw_obj2_h,scheduler_group
15,family_window,35,Limsa Lominsa,All Saints/Halloween city decor,hw_obj4_h,time_bg_hw_obj4_h,sea_s0_twn01,110451,0x0001AF73,110405,0x0001AF45,-46,other_sgrp,sgrp_bg_hw_obj3_h,scheduler_group
15,family_window,36,Limsa Lominsa,All Saints/Halloween city decor,hw_obj4_h,time_bg_hw_obj4_h,sea_s0_twn01,110451,0x0001AF73,110451,0x0001AF73,0,matched_group,sgrp_bg_hw_obj4_h,scheduler_group
15,family_window,37,Limsa Lominsa,All Saints/Halloween city decor,hw_obj4_h,time_bg_hw_obj4_h,sea_s0_twn01,110451,0x0001AF73,110497,0x0001AFA1,46,other_sgrp,sgrp_bg_hw_obj5_h,scheduler_group
15,family_window,38,Limsa Lominsa,All Saints/Halloween city decor,hw_obj4_h,time_bg_hw_obj4_h,sea_s0_twn01,110451,0x0001AF73,110543,0x0001AFCF,92,other_sgrp,sgrp_bg_hw_obj6_h,scheduler_group
15,family_window,39,Limsa Lominsa,All Saints/Halloween city decor,hw_obj4_h,time_bg_hw_obj4_h,sea_s0_twn01,110451,0x0001AF73,110608,0x0001B010,157,other_sgrp,sgrp_bg_hw_obj7_h,scheduler_group
15,family_window,40,Limsa Lominsa,All Saints/Halloween city decor,hw_obj4_h,time_bg_hw_obj4_h,sea_s0_twn01,110451,0x0001AF73,110673,0x0001B051,222,other_sgrp,sgrp_bg_hw_obj8_h,scheduler_group
15,family_window,41,Limsa Lominsa,All Saints/Halloween city decor,hw_obj4_h,time_bg_hw_obj4_h,sea_s0_twn01,110451,0x0001AF73,110719,0x0001B07F,268,other_isgrp,isgrp_003225,scheduler_group
15,family_window,42,Limsa Lominsa,All Saints/Halloween city decor,hw_obj4_h,time_bg_hw_obj4_h,sea_s0_twn01,110451,0x0001AF73,110732,0x0001B08C,281,other_isgrp,isgrp_003226,scheduler_group
15,family_window,43,Limsa Lominsa,All Saints/Halloween city decor,hw_obj4_h,time_bg_hw_obj4_h,sea_s0_twn01,110451,0x0001AF73,110745,0x0001B099,294,other_isgrp,isgrp_003227,scheduler_group
15,family_window,44,Limsa Lominsa,All Saints/Halloween city decor,hw_obj4_h,time_bg_hw_obj4_h,sea_s0_twn01,110451,0x0001AF73,110758,0x0001B0A6,307,other_isgrp,isgrp_003228,scheduler_group
15,family_window,45,Limsa Lominsa,All Saints/Halloween city decor,hw_obj4_h,time_bg_hw_obj4_h,sea_s0_twn01,110451,0x0001AF73,110771,0x0001B0B3,320,other_isgrp,isgrp_003229,scheduler_group
15,family_window,46,Limsa Lominsa,All Saints/Halloween city decor,hw_obj4_h,time_bg_hw_obj4_h,sea_s0_twn01,110451,0x0001AF73,110784,0x0001B0C0,333,other_isgrp,isgrp_003230,scheduler_group
15,family_window,47,Limsa Lominsa,All Saints/Halloween city decor,hw_obj4_h,time_bg_hw_obj4_h,sea_s0_twn01,110451,0x0001AF73,110797,0x0001B0CD,346,other_isgrp,isgrp_003231,scheduler_group
15,family_window,48,Limsa Lominsa,All Saints/Halloween city decor,hw_obj4_h,time_bg_hw_obj4_h,sea_s0_twn01,110451,0x0001AF73,110810,0x0001B0DA,359,other_isgrp,isgrp_003232,scheduler_group
15,family_window,49,Limsa Lominsa,All Saints/Halloween city decor,hw_obj4_h,time_bg_hw_obj4_h,sea_s0_twn01,110451,0x0001AF73,110823,0x0001B0E7,372,other_isgrp,isgrp_003233,scheduler_group
15,family_window,50,Limsa Lominsa,All Saints/Halloween city decor,hw_obj4_h,time_bg_hw_obj4_h,sea_s0_twn01,110451,0x0001AF73,110836,0x0001B0F4,385,other_isgrp,isgrp_003234,scheduler_group
15,family_window,51,Limsa Lominsa,All Saints/Halloween city decor,hw_obj4_h,time_bg_hw_obj4_h,sea_s0_twn01,110451,0x0001AF73,110849,0x0001B101,398,other_isgrp,isgrp_003235,scheduler_group
15,family_window,52,Limsa Lominsa,All Saints/Halloween city decor,hw_obj4_h,time_bg_hw_obj4_h,sea_s0_twn01,110451,0x0001AF73,110862,0x0001B10E,411,other_isgrp,isgrp_003236,scheduler_group
15,family_window,53,Limsa Lominsa,All Saints/Halloween city decor,hw_obj4_h,time_bg_hw_obj4_h,sea_s0_twn01,110451,0x0001AF73,110875,0x0001B11B,424,other_isgrp,isgrp_003237,scheduler_group
15,family_window,54,Limsa Lominsa,All Saints/Halloween city decor,hw_obj4_h,time_bg_hw_obj4_h,sea_s0_twn01,110451,0x0001AF73,110888,0x0001B128,437,other_isgrp,isgrp_003238,scheduler_group
15,family_window,55,Limsa Lominsa,All Saints/Halloween city decor,hw_obj4_h,time_bg_hw_obj4_h,sea_s0_twn01,110451,0x0001AF73,110901,0x0001B135,450,other_isgrp,isgrp_003239,scheduler_group
15,family_window,56,Limsa Lominsa,All Saints/Halloween city decor,hw_obj4_h,time_bg_hw_obj4_h,sea_s0_twn01,110451,0x0001AF73,110914,0x0001B142,463,other_isgrp,isgrp_003240,scheduler_group
15,family_window,57,Limsa Lominsa,All Saints/Halloween city decor,hw_obj4_h,time_bg_hw_obj4_h,sea_s0_twn01,110451,0x0001AF73,110927,0x0001B14F,476,other_isgrp,isgrp_003241,scheduler_group
15,family_window,58,Limsa Lominsa,All Saints/Halloween city decor,hw_obj4_h,time_bg_hw_obj4_h,sea_s0_twn01,110451,0x0001AF73,110940,0x0001B15C,489,other_isgrp,isgrp_003242,scheduler_group
15,family_window,59,Limsa Lominsa,All Saints/Halloween city decor,hw_obj4_h,time_bg_hw_obj4_h,sea_s0_twn01,110451,0x0001AF73,110953,0x0001B169,502,other_isgrp,isgrp_003245,scheduler_group
15,family_window,60,Limsa Lominsa,All Saints/Halloween city decor,hw_obj4_h,time_bg_hw_obj4_h,sea_s0_twn01,110451,0x0001AF73,110966,0x0001B176,515,other_isgrp,isgrp_003246,scheduler_group
15,family_window,61,Limsa Lominsa,All Saints/Halloween city decor,hw_obj4_h,time_bg_hw_obj4_h,sea_s0_twn01,110451,0x0001AF73,110979,0x0001B183,528,other_isgrp,isgrp_003247,scheduler_group
15,family_window,62,Limsa Lominsa,All Saints/Halloween city decor,hw_obj4_h,time_bg_hw_obj4_h,sea_s0_twn01,110451,0x0001AF73,110992,0x0001B190,541,other_isgrp,isgrp_003248,scheduler_group
15,family_window,63,Limsa Lominsa,All Saints/Halloween city decor,hw_obj4_h,time_bg_hw_obj4_h,sea_s0_twn01,110451,0x0001AF73,111005,0x0001B19D,554,other_isgrp,isgrp_003249,scheduler_group
15,family_window,64,Limsa Lominsa,All Saints/Halloween city decor,hw_obj4_h,time_bg_hw_obj4_h,sea_s0_twn01,110451,0x0001AF73,111018,0x0001B1AA,567,other_isgrp,isgrp_003250,scheduler_group
15,family_window,65,Limsa Lominsa,All Saints/Halloween city decor,hw_obj4_h,time_bg_hw_obj4_h,sea_s0_twn01,110451,0x0001AF73,111031,0x0001B1B7,580,other_isgrp,isgrp_003251,scheduler_group
15,family_window,66,Limsa Lominsa,All Saints/Halloween city decor,hw_obj4_h,time_bg_hw_obj4_h,sea_s0_twn01,110451,0x0001AF73,111044,0x0001B1C4,593,other_isgrp,isgrp_003252,scheduler_group
15,family_window,67,Limsa Lominsa,All Saints/Halloween city decor,hw_obj4_h,time_bg_hw_obj4_h,sea_s0_twn01,110451,0x0001AF73,111057,0x0001B1D1,606,other_isgrp,isgrp_003254,scheduler_group
15,family_window,68,Limsa Lominsa,All Saints/Halloween city decor,hw_obj4_h,time_bg_hw_obj4_h,sea_s0_twn01,110451,0x0001AF73,111070,0x0001B1DE,619,other_isgrp,isgrp_003255,scheduler_group
15,family_window,69,Limsa Lominsa,All Saints/Halloween city decor,hw_obj4_h,time_bg_hw_obj4_h,sea_s0_twn01,110451,0x0001AF73,111083,0x0001B1EB,632,other_isgrp,isgrp_003256,scheduler_group
15,family_window,70,Limsa Lominsa,All Saints/Halloween city decor,hw_obj4_h,time_bg_hw_obj4_h,sea_s0_twn01,110451,0x0001AF73,111096,0x0001B1F8,645,other_isgrp,isgrp_003257,scheduler_group
15,family_window,71,Limsa Lominsa,All Saints/Halloween city decor,hw_obj4_h,time_bg_hw_obj4_h,sea_s0_twn01,110451,0x0001AF73,111109,0x0001B205,658,other_isgrp,isgrp_003258,scheduler_group
15,family_window,72,Limsa Lominsa,All Saints/Halloween city decor,hw_obj4_h,time_bg_hw_obj4_h,sea_s0_twn01,110451,0x0001AF73,111122,0x0001B212,671,other_isgrp,isgrp_003259,scheduler_group
15,family_window,73,Limsa Lominsa,All Saints/Halloween city decor,hw_obj4_h,time_bg_hw_obj4_h,sea_s0_twn01,110451,0x0001AF73,111135,0x0001B21F,684,other_isgrp,isgrp_003260,scheduler_group
15,family_window,74,Limsa Lominsa,All Saints/Halloween city decor,hw_obj4_h,time_bg_hw_obj4_h,sea_s0_twn01,110451,0x0001AF73,111148,0x0001B22C,697,other_isgrp,isgrp_003261,scheduler_group
15,family_window,75,Limsa Lominsa,All Saints/Halloween city decor,hw_obj4_h,time_bg_hw_obj4_h,sea_s0_twn01,110451,0x0001AF73,111161,0x0001B239,710,other_isgrp,isgrp_003263,scheduler_group
15,family_window,76,Limsa Lominsa,All Saints/Halloween city decor,hw_obj4_h,time_bg_hw_obj4_h,sea_s0_twn01,110451,0x0001AF73,111174,0x0001B246,723,other_isgrp,isgrp_003264,scheduler_group
15,family_window,77,Limsa Lominsa,All Saints/Halloween city decor,hw_obj4_h,time_bg_hw_obj4_h,sea_s0_twn01,110451,0x0001AF73,111187,0x0001B253,736,other_isgrp,isgrp_003265,scheduler_group
15,family_window,78,Limsa Lominsa,All Saints/Halloween city decor,hw_obj4_h,time_bg_hw_obj4_h,sea_s0_twn01,110451,0x0001AF73,111200,0x0001B260,749,other_isgrp,isgrp_003267,scheduler_group
15,family_window,79,Limsa Lominsa,All Saints/Halloween city decor,hw_obj4_h,time_bg_hw_obj4_h,sea_s0_twn01,110451,0x0001AF73,111213,0x0001B26D,762,other_isgrp,isgrp_003268,scheduler_group
15,owner_window,1,Limsa Lominsa,All Saints/Halloween city decor,hw_obj4_h,time_bg_hw_obj4_h,sea_s0_twn01,100075,0x000186EB,99314,0x000183F2,-761,other_isgrp,isgrp_000143,scheduler_group
15,owner_window,2,Limsa Lominsa,All Saints/Halloween city decor,hw_obj4_h,time_bg_hw_obj4_h,sea_s0_twn01,100075,0x000186EB,99327,0x000183FF,-748,other_isgrp,isgrp_002713/_lght_a1,scheduler_group
15,owner_window,3,Limsa Lominsa,All Saints/Halloween city decor,hw_obj4_h,time_bg_hw_obj4_h,sea_s0_twn01,100075,0x000186EB,99349,0x00018415,-726,other_isgrp,isgrp_002384,scheduler_group
15,owner_window,4,Limsa Lominsa,All Saints/Halloween city decor,hw_obj4_h,time_bg_hw_obj4_h,sea_s0_twn01,100075,0x000186EB,99362,0x00018422,-713,other_isgrp,isgrp_002714/_lght_a1,scheduler_group
15,owner_window,5,Limsa Lominsa,All Saints/Halloween city decor,hw_obj4_h,time_bg_hw_obj4_h,sea_s0_twn01,100075,0x000186EB,99384,0x00018438,-691,other_isgrp,isgrp_002386,scheduler_group
15,owner_window,6,Limsa Lominsa,All Saints/Halloween city decor,hw_obj4_h,time_bg_hw_obj4_h,sea_s0_twn01,100075,0x000186EB,99397,0x00018445,-678,other_isgrp,isgrp_000144,scheduler_group
15,owner_window,7,Limsa Lominsa,All Saints/Halloween city decor,hw_obj4_h,time_bg_hw_obj4_h,sea_s0_twn01,100075,0x000186EB,99423,0x0001845F,-652,other_isgrp,isgrp_002388,scheduler_group
15,owner_window,8,Limsa Lominsa,All Saints/Halloween city decor,hw_obj4_h,time_bg_hw_obj4_h,sea_s0_twn01,100075,0x000186EB,99436,0x0001846C,-639,other_isgrp,isgrp_002727/_lght_a1,scheduler_group
15,owner_window,9,Limsa Lominsa,All Saints/Halloween city decor,hw_obj4_h,time_bg_hw_obj4_h,sea_s0_twn01,100075,0x000186EB,99458,0x00018482,-617,other_isgrp,isgrp_002390,scheduler_group
15,owner_window,10,Limsa Lominsa,All Saints/Halloween city decor,hw_obj4_h,time_bg_hw_obj4_h,sea_s0_twn01,100075,0x000186EB,99471,0x0001848F,-604,other_isgrp,isgrp_000145,scheduler_group
15,owner_window,11,Limsa Lominsa,All Saints/Halloween city decor,hw_obj4_h,time_bg_hw_obj4_h,sea_s0_twn01,100075,0x000186EB,99484,0x0001849C,-591,other_isgrp,isgrp_002726/_lght_a1,scheduler_group
15,owner_window,12,Limsa Lominsa,All Saints/Halloween city decor,hw_obj4_h,time_bg_hw_obj4_h,sea_s0_twn01,100075,0x000186EB,99506,0x000184B2,-569,other_isgrp,isgrp_002392,scheduler_group
15,owner_window,13,Limsa Lominsa,All Saints/Halloween city decor,hw_obj4_h,time_bg_hw_obj4_h,sea_s0_twn01,100075,0x000186EB,99519,0x000184BF,-556,other_isgrp,isgrp_002728/_lght_a1,scheduler_group
15,owner_window,14,Limsa Lominsa,All Saints/Halloween city decor,hw_obj4_h,time_bg_hw_obj4_h,sea_s0_twn01,100075,0x000186EB,99541,0x000184D5,-534,other_isgrp,isgrp_002394,scheduler_group
15,owner_window,15,Limsa Lominsa,All Saints/Halloween city decor,hw_obj4_h,time_bg_hw_obj4_h,sea_s0_twn01,100075,0x000186EB,99554,0x000184E2,-521,other_isgrp,isgrp_000193,scheduler_group
15,owner_window,16,Limsa Lominsa,All Saints/Halloween city decor,hw_obj4_h,time_bg_hw_obj4_h,sea_s0_twn01,100075,0x000186EB,99567,0x000184EF,-508,other_isgrp,isgrp_002743/_lght_a1,scheduler_group
15,owner_window,17,Limsa Lominsa,All Saints/Halloween city decor,hw_obj4_h,time_bg_hw_obj4_h,sea_s0_twn01,100075,0x000186EB,99589,0x00018505,-486,other_isgrp,isgrp_002396,scheduler_group
15,owner_window,18,Limsa Lominsa,All Saints/Halloween city decor,hw_obj4_h,time_bg_hw_obj4_h,sea_s0_twn01,100075,0x000186EB,99602,0x00018512,-473,other_isgrp,isgrp_000192,scheduler_group
15,owner_window,19,Limsa Lominsa,All Saints/Halloween city decor,hw_obj4_h,time_bg_hw_obj4_h,sea_s0_twn01,100075,0x000186EB,99615,0x0001851F,-460,other_isgrp,isgrp_002744/_lght_a1,scheduler_group
15,owner_window,20,Limsa Lominsa,All Saints/Halloween city decor,hw_obj4_h,time_bg_hw_obj4_h,sea_s0_twn01,100075,0x000186EB,99637,0x00018535,-438,other_isgrp,isgrp_002398,scheduler_group
15,owner_window,21,Limsa Lominsa,All Saints/Halloween city decor,hw_obj4_h,time_bg_hw_obj4_h,sea_s0_twn01,100075,0x000186EB,99650,0x00018542,-425,other_isgrp,isgrp_000191,scheduler_group
15,owner_window,22,Limsa Lominsa,All Saints/Halloween city decor,hw_obj4_h,time_bg_hw_obj4_h,sea_s0_twn01,100075,0x000186EB,99663,0x0001854F,-412,other_isgrp,isgrp_002745/_lght_a1,scheduler_group
15,owner_window,23,Limsa Lominsa,All Saints/Halloween city decor,hw_obj4_h,time_bg_hw_obj4_h,sea_s0_twn01,100075,0x000186EB,99685,0x00018565,-390,other_isgrp,isgrp_002400,scheduler_group
15,owner_window,24,Limsa Lominsa,All Saints/Halloween city decor,hw_obj4_h,time_bg_hw_obj4_h,sea_s0_twn01,100075,0x000186EB,99698,0x00018572,-377,other_isgrp,isgrp_000190,scheduler_group
15,owner_window,25,Limsa Lominsa,All Saints/Halloween city decor,hw_obj4_h,time_bg_hw_obj4_h,sea_s0_twn01,100075,0x000186EB,99711,0x0001857F,-364,other_isgrp,isgrp_002742/_lght_a1,scheduler_group
15,owner_window,26,Limsa Lominsa,All Saints/Halloween city decor,hw_obj4_h,time_bg_hw_obj4_h,sea_s0_twn01,100075,0x000186EB,99733,0x00018595,-342,other_isgrp,isgrp_002402,scheduler_group
15,owner_window,27,Limsa Lominsa,All Saints/Halloween city decor,hw_obj4_h,time_bg_hw_obj4_h,sea_s0_twn01,100075,0x000186EB,99746,0x000185A2,-329,other_isgrp,isgrp_000139,scheduler_group
15,owner_window,28,Limsa Lominsa,All Saints/Halloween city decor,hw_obj4_h,time_bg_hw_obj4_h,sea_s0_twn01,100075,0x000186EB,99772,0x000185BC,-303,other_isgrp,isgrp_002746/_lght_a1,scheduler_group
15,owner_window,29,Limsa Lominsa,All Saints/Halloween city decor,hw_obj4_h,time_bg_hw_obj4_h,sea_s0_twn01,100075,0x000186EB,99794,0x000185D2,-281,other_isgrp,isgrp_002404,scheduler_group
15,owner_window,30,Limsa Lominsa,All Saints/Halloween city decor,hw_obj4_h,time_bg_hw_obj4_h,sea_s0_twn01,100075,0x000186EB,99807,0x000185DF,-268,other_isgrp,isgrp_002757/_lght_a1,scheduler_group
15,owner_window,31,Limsa Lominsa,All Saints/Halloween city decor,hw_obj4_h,time_bg_hw_obj4_h,sea_s0_twn01,100075,0x000186EB,99829,0x000185F5,-246,other_isgrp,isgrp_002406,scheduler_group
15,owner_window,32,Limsa Lominsa,All Saints/Halloween city decor,hw_obj4_h,time_bg_hw_obj4_h,sea_s0_twn01,100075,0x000186EB,99842,0x00018602,-233,other_isgrp,isgrp_000140,scheduler_group
15,owner_window,33,Limsa Lominsa,All Saints/Halloween city decor,hw_obj4_h,time_bg_hw_obj4_h,sea_s0_twn01,100075,0x000186EB,99855,0x0001860F,-220,other_isgrp,isgrp_002408,scheduler_group
15,owner_window,34,Limsa Lominsa,All Saints/Halloween city decor,hw_obj4_h,time_bg_hw_obj4_h,sea_s0_twn01,100075,0x000186EB,99868,0x0001861C,-207,other_isgrp,isgrp_000141,scheduler_group
15,owner_window,35,Limsa Lominsa,All Saints/Halloween city decor,hw_obj4_h,time_bg_hw_obj4_h,sea_s0_twn01,100075,0x000186EB,99881,0x00018629,-194,other_isgrp,isgrp_002410,scheduler_group
15,owner_window,36,Limsa Lominsa,All Saints/Halloween city decor,hw_obj4_h,time_bg_hw_obj4_h,sea_s0_twn01,100075,0x000186EB,99894,0x00018636,-181,other_isgrp,isgrp_002412,scheduler_group
15,owner_window,37,Limsa Lominsa,All Saints/Halloween city decor,hw_obj4_h,time_bg_hw_obj4_h,sea_s0_twn01,100075,0x000186EB,99920,0x00018650,-155,other_isgrp,isgrp_002413,scheduler_group
15,owner_window,38,Limsa Lominsa,All Saints/Halloween city decor,hw_obj4_h,time_bg_hw_obj4_h,sea_s0_twn01,100075,0x000186EB,99933,0x0001865D,-142,other_isgrp,isgrp_000197,scheduler_group
15,owner_window,39,Limsa Lominsa,All Saints/Halloween city decor,hw_obj4_h,time_bg_hw_obj4_h,sea_s0_twn01,100075,0x000186EB,99959,0x00018677,-116,other_isgrp,isgrp_002760/_lght_a1,scheduler_group
15,owner_window,40,Limsa Lominsa,All Saints/Halloween city decor,hw_obj4_h,time_bg_hw_obj4_h,sea_s0_twn01,100075,0x000186EB,99981,0x0001868D,-94,other_isgrp,isgrp_002416,scheduler_group
15,owner_window,41,Limsa Lominsa,All Saints/Halloween city decor,hw_obj4_h,time_bg_hw_obj4_h,sea_s0_twn01,100075,0x000186EB,99994,0x0001869A,-81,other_isgrp,isgrp_002418,scheduler_group
15,owner_window,42,Limsa Lominsa,All Saints/Halloween city decor,hw_obj4_h,time_bg_hw_obj4_h,sea_s0_twn01,100075,0x000186EB,100007,0x000186A7,-68,other_isgrp,isgrp_000194,scheduler_group
15,owner_window,43,Limsa Lominsa,All Saints/Halloween city decor,hw_obj4_h,time_bg_hw_obj4_h,sea_s0_twn01,100075,0x000186EB,100033,0x000186C1,-42,other_isgrp,isgrp_002420,scheduler_group
15,owner_window,44,Limsa Lominsa,All Saints/Halloween city decor,hw_obj4_h,time_bg_hw_obj4_h,sea_s0_twn01,100075,0x000186EB,100046,0x000186CE,-29,other_isgrp,isgrp_000195,scheduler_group
15,owner_window,45,Limsa Lominsa,All Saints/Halloween city decor,hw_obj4_h,time_bg_hw_obj4_h,sea_s0_twn01,100075,0x000186EB,100059,0x000186DB,-16,other_sgrp,sgrp_bg_door_b2,scheduler_group
15,owner_window,46,Limsa Lominsa,All Saints/Halloween city decor,hw_obj4_h,time_bg_hw_obj4_h,sea_s0_twn01,100075,0x000186EB,100075,0x000186EB,0,owner_isgrp,isgrp_002422,scheduler_group
15,owner_window,47,Limsa Lominsa,All Saints/Halloween city decor,hw_obj4_h,time_bg_hw_obj4_h,sea_s0_twn01,100075,0x000186EB,100088,0x000186F8,13,other_isgrp,isgrp_000196,scheduler_group
15,owner_window,48,Limsa Lominsa,All Saints/Halloween city decor,hw_obj4_h,time_bg_hw_obj4_h,sea_s0_twn01,100075,0x000186EB,100101,0x00018705,26,other_isgrp,isgrp_002725/_lght_a1,scheduler_group
15,owner_window,49,Limsa Lominsa,All Saints/Halloween city decor,hw_obj4_h,time_bg_hw_obj4_h,sea_s0_twn01,100075,0x000186EB,100123,0x0001871B,48,other_sgrp,sgrp_bg_door_b1_dam,scheduler_group
15,owner_window,50,Limsa Lominsa,All Saints/Halloween city decor,hw_obj4_h,time_bg_hw_obj4_h,sea_s0_twn01,100075,0x000186EB,100185,0x00018759,110,other_sgrp,sgrp_bg_gate_a1,scheduler_group
15,owner_window,51,Limsa Lominsa,All Saints/Halloween city decor,hw_obj4_h,time_bg_hw_obj4_h,sea_s0_twn01,100075,0x000186EB,100215,0x00018777,140,other_sgrp,sgrp_bg_gate_a2,scheduler_group
15,owner_window,52,Limsa Lominsa,All Saints/Halloween city decor,hw_obj4_h,time_bg_hw_obj4_h,sea_s0_twn01,100075,0x000186EB,100237,0x0001878D,162,other_sgrp,sgrp_bg_gate_b1,scheduler_group
15,owner_window,53,Limsa Lominsa,All Saints/Halloween city decor,hw_obj4_h,time_bg_hw_obj4_h,sea_s0_twn01,100075,0x000186EB,100475,0x0001887B,400,other_sgrp,sgrp_bg_gate_c1,scheduler_group
15,owner_window,54,Limsa Lominsa,All Saints/Halloween city decor,hw_obj4_h,time_bg_hw_obj4_h,sea_s0_twn01,100075,0x000186EB,100491,0x0001888B,416,other_isgrp,isgrp_002425,scheduler_group
15,owner_window,55,Limsa Lominsa,All Saints/Halloween city decor,hw_obj4_h,time_bg_hw_obj4_h,sea_s0_twn01,100075,0x000186EB,100504,0x00018898,429,other_isgrp,isgrp_002427,scheduler_group
15,owner_window,56,Limsa Lominsa,All Saints/Halloween city decor,hw_obj4_h,time_bg_hw_obj4_h,sea_s0_twn01,100075,0x000186EB,100517,0x000188A5,442,other_isgrp,isgrp_002429,scheduler_group
15,owner_window,57,Limsa Lominsa,All Saints/Halloween city decor,hw_obj4_h,time_bg_hw_obj4_h,sea_s0_twn01,100075,0x000186EB,100530,0x000188B2,455,other_isgrp,isgrp_002431,scheduler_group
15,owner_window,58,Limsa Lominsa,All Saints/Halloween city decor,hw_obj4_h,time_bg_hw_obj4_h,sea_s0_twn01,100075,0x000186EB,100543,0x000188BF,468,other_isgrp,isgrp_000180,scheduler_group
15,owner_window,59,Limsa Lominsa,All Saints/Halloween city decor,hw_obj4_h,time_bg_hw_obj4_h,sea_s0_twn01,100075,0x000186EB,100556,0x000188CC,481,other_isgrp,isgrp_002433,scheduler_group
15,owner_window,60,Limsa Lominsa,All Saints/Halloween city decor,hw_obj4_h,time_bg_hw_obj4_h,sea_s0_twn01,100075,0x000186EB,100569,0x000188D9,494,other_isgrp,isgrp_000181,scheduler_group
15,owner_window,61,Limsa Lominsa,All Saints/Halloween city decor,hw_obj4_h,time_bg_hw_obj4_h,sea_s0_twn01,100075,0x000186EB,100582,0x000188E6,507,other_sgrp,sgrp_bg_gate_d1,scheduler_group
15,owner_window,62,Limsa Lominsa,All Saints/Halloween city decor,hw_obj4_h,time_bg_hw_obj4_h,sea_s0_twn01,100075,0x000186EB,100623,0x0001890F,548,nearby,vfx_gate201,vfx_or_scene_def
15,owner_window,63,Limsa Lominsa,All Saints/Halloween city decor,hw_obj4_h,time_bg_hw_obj4_h,sea_s0_twn01,100075,0x000186EB,100640,0x00018920,565,nearby,vfx_gate202,vfx_or_scene_def
15,owner_window,64,Limsa Lominsa,All Saints/Halloween city decor,hw_obj4_h,time_bg_hw_obj4_h,sea_s0_twn01,100075,0x000186EB,100652,0x0001892C,577,nearby,vfx_gate203,vfx_or_scene_def
15,owner_window,65,Limsa Lominsa,All Saints/Halloween city decor,hw_obj4_h,time_bg_hw_obj4_h,sea_s0_twn01,100075,0x000186EB,100664,0x00018938,589,other_sgrp,sgrp_bg_gate_e1,scheduler_group
15,owner_window,66,Limsa Lominsa,All Saints/Halloween city decor,hw_obj4_h,time_bg_hw_obj4_h,sea_s0_twn01,100075,0x000186EB,100754,0x00018992,679,nearby,vfx_gate102,vfx_or_scene_def
15,owner_window,67,Limsa Lominsa,All Saints/Halloween city decor,hw_obj4_h,time_bg_hw_obj4_h,sea_s0_twn01,100075,0x000186EB,100766,0x0001899E,691,nearby,vfx_gate101,vfx_or_scene_def
15,owner_window,68,Limsa Lominsa,All Saints/Halloween city decor,hw_obj4_h,time_bg_hw_obj4_h,sea_s0_twn01,100075,0x000186EB,100778,0x000189AA,703,nearby,vfx_gate103,vfx_or_scene_def
15,owner_window,69,Limsa Lominsa,All Saints/Halloween city decor,hw_obj4_h,time_bg_hw_obj4_h,sea_s0_twn01,100075,0x000186EB,100790,0x000189B6,715,other_isgrp,isgrp_002435,scheduler_group
15,owner_window,70,Limsa Lominsa,All Saints/Halloween city decor,hw_obj4_h,time_bg_hw_obj4_h,sea_s0_twn01,100075,0x000186EB,100803,0x000189C3,728,nearby,Bk_isgrp_002172-024,interesting
15,owner_window,71,Limsa Lominsa,All Saints/Halloween city decor,hw_obj4_h,time_bg_hw_obj4_h,sea_s0_twn01,100075,0x000186EB,100823,0x000189D7,748,other_isgrp,isgrp_002437,scheduler_group
15,owner_window,72,Limsa Lominsa,All Saints/Halloween city decor,hw_obj4_h,time_bg_hw_obj4_h,sea_s0_twn01,100075,0x000186EB,100836,0x000189E4,761,other_isgrp,isgrp_002439,scheduler_group
16,family_window,1,Limsa Lominsa,All Saints/Halloween city decor,hw_obj5_h,time_bg_hw_obj5_h,sea_s0_twn01,110497,0x0001AFA1,109735,0x0001ACA7,-762,other_sgrp,sgrp_bg_flg1,scheduler_group
16,family_window,2,Limsa Lominsa,All Saints/Halloween city decor,hw_obj5_h,time_bg_hw_obj5_h,sea_s0_twn01,110497,0x0001AFA1,109788,0x0001ACDC,-709,other_isgrp,isgrp_003193,scheduler_group
16,family_window,3,Limsa Lominsa,All Saints/Halloween city decor,hw_obj5_h,time_bg_hw_obj5_h,sea_s0_twn01,110497,0x0001AFA1,109801,0x0001ACE9,-696,other_isgrp,isgrp_003194,scheduler_group
16,family_window,4,Limsa Lominsa,All Saints/Halloween city decor,hw_obj5_h,time_bg_hw_obj5_h,sea_s0_twn01,110497,0x0001AFA1,109814,0x0001ACF6,-683,other_isgrp,isgrp_003195,scheduler_group
16,family_window,5,Limsa Lominsa,All Saints/Halloween city decor,hw_obj5_h,time_bg_hw_obj5_h,sea_s0_twn01,110497,0x0001AFA1,109827,0x0001AD03,-670,other_isgrp,isgrp_003196,scheduler_group
16,family_window,6,Limsa Lominsa,All Saints/Halloween city decor,hw_obj5_h,time_bg_hw_obj5_h,sea_s0_twn01,110497,0x0001AFA1,109840,0x0001AD10,-657,other_isgrp,isgrp_003197,scheduler_group
16,family_window,7,Limsa Lominsa,All Saints/Halloween city decor,hw_obj5_h,time_bg_hw_obj5_h,sea_s0_twn01,110497,0x0001AFA1,109853,0x0001AD1D,-644,other_isgrp,isgrp_003198,scheduler_group
16,family_window,8,Limsa Lominsa,All Saints/Halloween city decor,hw_obj5_h,time_bg_hw_obj5_h,sea_s0_twn01,110497,0x0001AFA1,109866,0x0001AD2A,-631,other_isgrp,isgrp_003199,scheduler_group
16,family_window,9,Limsa Lominsa,All Saints/Halloween city decor,hw_obj5_h,time_bg_hw_obj5_h,sea_s0_twn01,110497,0x0001AFA1,109879,0x0001AD37,-618,other_isgrp,isgrp_003200,scheduler_group
16,family_window,10,Limsa Lominsa,All Saints/Halloween city decor,hw_obj5_h,time_bg_hw_obj5_h,sea_s0_twn01,110497,0x0001AFA1,109892,0x0001AD44,-605,other_sgrp,sgrp_bg_flg2,scheduler_group
16,family_window,11,Limsa Lominsa,All Saints/Halloween city decor,hw_obj5_h,time_bg_hw_obj5_h,sea_s0_twn01,110497,0x0001AFA1,109923,0x0001AD63,-574,other_sgrp,sgrp_bg_flg3,scheduler_group
16,family_window,12,Limsa Lominsa,All Saints/Halloween city decor,hw_obj5_h,time_bg_hw_obj5_h,sea_s0_twn01,110497,0x0001AFA1,109954,0x0001AD82,-543,other_isgrp,isgrp_003201,scheduler_group
16,family_window,13,Limsa Lominsa,All Saints/Halloween city decor,hw_obj5_h,time_bg_hw_obj5_h,sea_s0_twn01,110497,0x0001AFA1,109967,0x0001AD8F,-530,other_isgrp,isgrp_003202,scheduler_group
16,family_window,14,Limsa Lominsa,All Saints/Halloween city decor,hw_obj5_h,time_bg_hw_obj5_h,sea_s0_twn01,110497,0x0001AFA1,109980,0x0001AD9C,-517,other_isgrp,isgrp_003203,scheduler_group
16,family_window,15,Limsa Lominsa,All Saints/Halloween city decor,hw_obj5_h,time_bg_hw_obj5_h,sea_s0_twn01,110497,0x0001AFA1,109993,0x0001ADA9,-504,other_isgrp,isgrp_003204,scheduler_group
16,family_window,16,Limsa Lominsa,All Saints/Halloween city decor,hw_obj5_h,time_bg_hw_obj5_h,sea_s0_twn01,110497,0x0001AFA1,110006,0x0001ADB6,-491,other_sgrp,sgrp_bg_hdi1,scheduler_group
16,family_window,17,Limsa Lominsa,All Saints/Halloween city decor,hw_obj5_h,time_bg_hw_obj5_h,sea_s0_twn01,110497,0x0001AFA1,110066,0x0001ADF2,-431,other_isgrp,isgrp_003205,scheduler_group
16,family_window,18,Limsa Lominsa,All Saints/Halloween city decor,hw_obj5_h,time_bg_hw_obj5_h,sea_s0_twn01,110497,0x0001AFA1,110079,0x0001ADFF,-418,other_isgrp,isgrp_003206,scheduler_group
16,family_window,19,Limsa Lominsa,All Saints/Halloween city decor,hw_obj5_h,time_bg_hw_obj5_h,sea_s0_twn01,110497,0x0001AFA1,110092,0x0001AE0C,-405,other_sgrp,sgrp_bg_lamp1,scheduler_group
16,family_window,20,Limsa Lominsa,All Saints/Halloween city decor,hw_obj5_h,time_bg_hw_obj5_h,sea_s0_twn01,110497,0x0001AFA1,110146,0x0001AE42,-351,other_isgrp,isgrp_003208,scheduler_group
16,family_window,21,Limsa Lominsa,All Saints/Halloween city decor,hw_obj5_h,time_bg_hw_obj5_h,sea_s0_twn01,110497,0x0001AFA1,110159,0x0001AE4F,-338,other_isgrp,isgrp_003209,scheduler_group
16,family_window,22,Limsa Lominsa,All Saints/Halloween city decor,hw_obj5_h,time_bg_hw_obj5_h,sea_s0_twn01,110497,0x0001AFA1,110172,0x0001AE5C,-325,other_isgrp,isgrp_003210,scheduler_group
16,family_window,23,Limsa Lominsa,All Saints/Halloween city decor,hw_obj5_h,time_bg_hw_obj5_h,sea_s0_twn01,110497,0x0001AFA1,110185,0x0001AE69,-312,other_isgrp,isgrp_003211,scheduler_group
16,family_window,24,Limsa Lominsa,All Saints/Halloween city decor,hw_obj5_h,time_bg_hw_obj5_h,sea_s0_twn01,110497,0x0001AFA1,110198,0x0001AE76,-299,other_isgrp,isgrp_003212,scheduler_group
16,family_window,25,Limsa Lominsa,All Saints/Halloween city decor,hw_obj5_h,time_bg_hw_obj5_h,sea_s0_twn01,110497,0x0001AFA1,110211,0x0001AE83,-286,other_isgrp,isgrp_003213,scheduler_group
16,family_window,26,Limsa Lominsa,All Saints/Halloween city decor,hw_obj5_h,time_bg_hw_obj5_h,sea_s0_twn01,110497,0x0001AFA1,110224,0x0001AE90,-273,other_sgrp,sgrp_bg_lght_z1,scheduler_group
16,family_window,27,Limsa Lominsa,All Saints/Halloween city decor,hw_obj5_h,time_bg_hw_obj5_h,sea_s0_twn01,110497,0x0001AFA1,110249,0x0001AEA9,-248,other_isgrp,isgrp_003214,scheduler_group
16,family_window,28,Limsa Lominsa,All Saints/Halloween city decor,hw_obj5_h,time_bg_hw_obj5_h,sea_s0_twn01,110497,0x0001AFA1,110262,0x0001AEB6,-235,other_isgrp,isgrp_003215,scheduler_group
16,family_window,29,Limsa Lominsa,All Saints/Halloween city decor,hw_obj5_h,time_bg_hw_obj5_h,sea_s0_twn01,110497,0x0001AFA1,110275,0x0001AEC3,-222,other_sgrp,sgrp_bg_hw_obj1_h,scheduler_group
16,family_window,30,Limsa Lominsa,All Saints/Halloween city decor,hw_obj5_h,time_bg_hw_obj5_h,sea_s0_twn01,110497,0x0001AFA1,110340,0x0001AF04,-157,other_sgrp,sgrp_bg_hw_obj2_h,scheduler_group
16,family_window,31,Limsa Lominsa,All Saints/Halloween city decor,hw_obj5_h,time_bg_hw_obj5_h,sea_s0_twn01,110497,0x0001AFA1,110405,0x0001AF45,-92,other_sgrp,sgrp_bg_hw_obj3_h,scheduler_group
16,family_window,32,Limsa Lominsa,All Saints/Halloween city decor,hw_obj5_h,time_bg_hw_obj5_h,sea_s0_twn01,110497,0x0001AFA1,110451,0x0001AF73,-46,other_sgrp,sgrp_bg_hw_obj4_h,scheduler_group
16,family_window,33,Limsa Lominsa,All Saints/Halloween city decor,hw_obj5_h,time_bg_hw_obj5_h,sea_s0_twn01,110497,0x0001AFA1,110497,0x0001AFA1,0,matched_group,sgrp_bg_hw_obj5_h,scheduler_group
16,family_window,34,Limsa Lominsa,All Saints/Halloween city decor,hw_obj5_h,time_bg_hw_obj5_h,sea_s0_twn01,110497,0x0001AFA1,110543,0x0001AFCF,46,other_sgrp,sgrp_bg_hw_obj6_h,scheduler_group
16,family_window,35,Limsa Lominsa,All Saints/Halloween city decor,hw_obj5_h,time_bg_hw_obj5_h,sea_s0_twn01,110497,0x0001AFA1,110608,0x0001B010,111,other_sgrp,sgrp_bg_hw_obj7_h,scheduler_group
16,family_window,36,Limsa Lominsa,All Saints/Halloween city decor,hw_obj5_h,time_bg_hw_obj5_h,sea_s0_twn01,110497,0x0001AFA1,110673,0x0001B051,176,other_sgrp,sgrp_bg_hw_obj8_h,scheduler_group
16,family_window,37,Limsa Lominsa,All Saints/Halloween city decor,hw_obj5_h,time_bg_hw_obj5_h,sea_s0_twn01,110497,0x0001AFA1,110719,0x0001B07F,222,other_isgrp,isgrp_003225,scheduler_group
16,family_window,38,Limsa Lominsa,All Saints/Halloween city decor,hw_obj5_h,time_bg_hw_obj5_h,sea_s0_twn01,110497,0x0001AFA1,110732,0x0001B08C,235,other_isgrp,isgrp_003226,scheduler_group
16,family_window,39,Limsa Lominsa,All Saints/Halloween city decor,hw_obj5_h,time_bg_hw_obj5_h,sea_s0_twn01,110497,0x0001AFA1,110745,0x0001B099,248,other_isgrp,isgrp_003227,scheduler_group
16,family_window,40,Limsa Lominsa,All Saints/Halloween city decor,hw_obj5_h,time_bg_hw_obj5_h,sea_s0_twn01,110497,0x0001AFA1,110758,0x0001B0A6,261,other_isgrp,isgrp_003228,scheduler_group
16,family_window,41,Limsa Lominsa,All Saints/Halloween city decor,hw_obj5_h,time_bg_hw_obj5_h,sea_s0_twn01,110497,0x0001AFA1,110771,0x0001B0B3,274,other_isgrp,isgrp_003229,scheduler_group
16,family_window,42,Limsa Lominsa,All Saints/Halloween city decor,hw_obj5_h,time_bg_hw_obj5_h,sea_s0_twn01,110497,0x0001AFA1,110784,0x0001B0C0,287,other_isgrp,isgrp_003230,scheduler_group
16,family_window,43,Limsa Lominsa,All Saints/Halloween city decor,hw_obj5_h,time_bg_hw_obj5_h,sea_s0_twn01,110497,0x0001AFA1,110797,0x0001B0CD,300,other_isgrp,isgrp_003231,scheduler_group
16,family_window,44,Limsa Lominsa,All Saints/Halloween city decor,hw_obj5_h,time_bg_hw_obj5_h,sea_s0_twn01,110497,0x0001AFA1,110810,0x0001B0DA,313,other_isgrp,isgrp_003232,scheduler_group
16,family_window,45,Limsa Lominsa,All Saints/Halloween city decor,hw_obj5_h,time_bg_hw_obj5_h,sea_s0_twn01,110497,0x0001AFA1,110823,0x0001B0E7,326,other_isgrp,isgrp_003233,scheduler_group
16,family_window,46,Limsa Lominsa,All Saints/Halloween city decor,hw_obj5_h,time_bg_hw_obj5_h,sea_s0_twn01,110497,0x0001AFA1,110836,0x0001B0F4,339,other_isgrp,isgrp_003234,scheduler_group
16,family_window,47,Limsa Lominsa,All Saints/Halloween city decor,hw_obj5_h,time_bg_hw_obj5_h,sea_s0_twn01,110497,0x0001AFA1,110849,0x0001B101,352,other_isgrp,isgrp_003235,scheduler_group
16,family_window,48,Limsa Lominsa,All Saints/Halloween city decor,hw_obj5_h,time_bg_hw_obj5_h,sea_s0_twn01,110497,0x0001AFA1,110862,0x0001B10E,365,other_isgrp,isgrp_003236,scheduler_group
16,family_window,49,Limsa Lominsa,All Saints/Halloween city decor,hw_obj5_h,time_bg_hw_obj5_h,sea_s0_twn01,110497,0x0001AFA1,110875,0x0001B11B,378,other_isgrp,isgrp_003237,scheduler_group
16,family_window,50,Limsa Lominsa,All Saints/Halloween city decor,hw_obj5_h,time_bg_hw_obj5_h,sea_s0_twn01,110497,0x0001AFA1,110888,0x0001B128,391,other_isgrp,isgrp_003238,scheduler_group
16,family_window,51,Limsa Lominsa,All Saints/Halloween city decor,hw_obj5_h,time_bg_hw_obj5_h,sea_s0_twn01,110497,0x0001AFA1,110901,0x0001B135,404,other_isgrp,isgrp_003239,scheduler_group
16,family_window,52,Limsa Lominsa,All Saints/Halloween city decor,hw_obj5_h,time_bg_hw_obj5_h,sea_s0_twn01,110497,0x0001AFA1,110914,0x0001B142,417,other_isgrp,isgrp_003240,scheduler_group
16,family_window,53,Limsa Lominsa,All Saints/Halloween city decor,hw_obj5_h,time_bg_hw_obj5_h,sea_s0_twn01,110497,0x0001AFA1,110927,0x0001B14F,430,other_isgrp,isgrp_003241,scheduler_group
16,family_window,54,Limsa Lominsa,All Saints/Halloween city decor,hw_obj5_h,time_bg_hw_obj5_h,sea_s0_twn01,110497,0x0001AFA1,110940,0x0001B15C,443,other_isgrp,isgrp_003242,scheduler_group
16,family_window,55,Limsa Lominsa,All Saints/Halloween city decor,hw_obj5_h,time_bg_hw_obj5_h,sea_s0_twn01,110497,0x0001AFA1,110953,0x0001B169,456,other_isgrp,isgrp_003245,scheduler_group
16,family_window,56,Limsa Lominsa,All Saints/Halloween city decor,hw_obj5_h,time_bg_hw_obj5_h,sea_s0_twn01,110497,0x0001AFA1,110966,0x0001B176,469,other_isgrp,isgrp_003246,scheduler_group
16,family_window,57,Limsa Lominsa,All Saints/Halloween city decor,hw_obj5_h,time_bg_hw_obj5_h,sea_s0_twn01,110497,0x0001AFA1,110979,0x0001B183,482,other_isgrp,isgrp_003247,scheduler_group
16,family_window,58,Limsa Lominsa,All Saints/Halloween city decor,hw_obj5_h,time_bg_hw_obj5_h,sea_s0_twn01,110497,0x0001AFA1,110992,0x0001B190,495,other_isgrp,isgrp_003248,scheduler_group
16,family_window,59,Limsa Lominsa,All Saints/Halloween city decor,hw_obj5_h,time_bg_hw_obj5_h,sea_s0_twn01,110497,0x0001AFA1,111005,0x0001B19D,508,other_isgrp,isgrp_003249,scheduler_group
16,family_window,60,Limsa Lominsa,All Saints/Halloween city decor,hw_obj5_h,time_bg_hw_obj5_h,sea_s0_twn01,110497,0x0001AFA1,111018,0x0001B1AA,521,other_isgrp,isgrp_003250,scheduler_group
16,family_window,61,Limsa Lominsa,All Saints/Halloween city decor,hw_obj5_h,time_bg_hw_obj5_h,sea_s0_twn01,110497,0x0001AFA1,111031,0x0001B1B7,534,other_isgrp,isgrp_003251,scheduler_group
16,family_window,62,Limsa Lominsa,All Saints/Halloween city decor,hw_obj5_h,time_bg_hw_obj5_h,sea_s0_twn01,110497,0x0001AFA1,111044,0x0001B1C4,547,other_isgrp,isgrp_003252,scheduler_group
16,family_window,63,Limsa Lominsa,All Saints/Halloween city decor,hw_obj5_h,time_bg_hw_obj5_h,sea_s0_twn01,110497,0x0001AFA1,111057,0x0001B1D1,560,other_isgrp,isgrp_003254,scheduler_group
16,family_window,64,Limsa Lominsa,All Saints/Halloween city decor,hw_obj5_h,time_bg_hw_obj5_h,sea_s0_twn01,110497,0x0001AFA1,111070,0x0001B1DE,573,other_isgrp,isgrp_003255,scheduler_group
16,family_window,65,Limsa Lominsa,All Saints/Halloween city decor,hw_obj5_h,time_bg_hw_obj5_h,sea_s0_twn01,110497,0x0001AFA1,111083,0x0001B1EB,586,other_isgrp,isgrp_003256,scheduler_group
16,family_window,66,Limsa Lominsa,All Saints/Halloween city decor,hw_obj5_h,time_bg_hw_obj5_h,sea_s0_twn01,110497,0x0001AFA1,111096,0x0001B1F8,599,other_isgrp,isgrp_003257,scheduler_group
16,family_window,67,Limsa Lominsa,All Saints/Halloween city decor,hw_obj5_h,time_bg_hw_obj5_h,sea_s0_twn01,110497,0x0001AFA1,111109,0x0001B205,612,other_isgrp,isgrp_003258,scheduler_group
16,family_window,68,Limsa Lominsa,All Saints/Halloween city decor,hw_obj5_h,time_bg_hw_obj5_h,sea_s0_twn01,110497,0x0001AFA1,111122,0x0001B212,625,other_isgrp,isgrp_003259,scheduler_group
16,family_window,69,Limsa Lominsa,All Saints/Halloween city decor,hw_obj5_h,time_bg_hw_obj5_h,sea_s0_twn01,110497,0x0001AFA1,111135,0x0001B21F,638,other_isgrp,isgrp_003260,scheduler_group
16,family_window,70,Limsa Lominsa,All Saints/Halloween city decor,hw_obj5_h,time_bg_hw_obj5_h,sea_s0_twn01,110497,0x0001AFA1,111148,0x0001B22C,651,other_isgrp,isgrp_003261,scheduler_group
16,family_window,71,Limsa Lominsa,All Saints/Halloween city decor,hw_obj5_h,time_bg_hw_obj5_h,sea_s0_twn01,110497,0x0001AFA1,111161,0x0001B239,664,other_isgrp,isgrp_003263,scheduler_group
16,family_window,72,Limsa Lominsa,All Saints/Halloween city decor,hw_obj5_h,time_bg_hw_obj5_h,sea_s0_twn01,110497,0x0001AFA1,111174,0x0001B246,677,other_isgrp,isgrp_003264,scheduler_group
16,family_window,73,Limsa Lominsa,All Saints/Halloween city decor,hw_obj5_h,time_bg_hw_obj5_h,sea_s0_twn01,110497,0x0001AFA1,111187,0x0001B253,690,other_isgrp,isgrp_003265,scheduler_group
16,family_window,74,Limsa Lominsa,All Saints/Halloween city decor,hw_obj5_h,time_bg_hw_obj5_h,sea_s0_twn01,110497,0x0001AFA1,111200,0x0001B260,703,other_isgrp,isgrp_003267,scheduler_group
16,family_window,75,Limsa Lominsa,All Saints/Halloween city decor,hw_obj5_h,time_bg_hw_obj5_h,sea_s0_twn01,110497,0x0001AFA1,111213,0x0001B26D,716,other_isgrp,isgrp_003268,scheduler_group
16,family_window,76,Limsa Lominsa,All Saints/Halloween city decor,hw_obj5_h,time_bg_hw_obj5_h,sea_s0_twn01,110497,0x0001AFA1,111226,0x0001B27A,729,other_isgrp,isgrp_003269,scheduler_group
16,family_window,77,Limsa Lominsa,All Saints/Halloween city decor,hw_obj5_h,time_bg_hw_obj5_h,sea_s0_twn01,110497,0x0001AFA1,111239,0x0001B287,742,other_isgrp,isgrp_003270,scheduler_group
16,family_window,78,Limsa Lominsa,All Saints/Halloween city decor,hw_obj5_h,time_bg_hw_obj5_h,sea_s0_twn01,110497,0x0001AFA1,111252,0x0001B294,755,other_isgrp,isgrp_003271,scheduler_group
16,family_window,79,Limsa Lominsa,All Saints/Halloween city decor,hw_obj5_h,time_bg_hw_obj5_h,sea_s0_twn01,110497,0x0001AFA1,111265,0x0001B2A1,768,other_isgrp,isgrp_003272,scheduler_group
16,owner_window,1,Limsa Lominsa,All Saints/Halloween city decor,hw_obj5_h,time_bg_hw_obj5_h,sea_s0_twn01,100075,0x000186EB,99314,0x000183F2,-761,other_isgrp,isgrp_000143,scheduler_group
16,owner_window,2,Limsa Lominsa,All Saints/Halloween city decor,hw_obj5_h,time_bg_hw_obj5_h,sea_s0_twn01,100075,0x000186EB,99327,0x000183FF,-748,other_isgrp,isgrp_002713/_lght_a1,scheduler_group
16,owner_window,3,Limsa Lominsa,All Saints/Halloween city decor,hw_obj5_h,time_bg_hw_obj5_h,sea_s0_twn01,100075,0x000186EB,99349,0x00018415,-726,other_isgrp,isgrp_002384,scheduler_group
16,owner_window,4,Limsa Lominsa,All Saints/Halloween city decor,hw_obj5_h,time_bg_hw_obj5_h,sea_s0_twn01,100075,0x000186EB,99362,0x00018422,-713,other_isgrp,isgrp_002714/_lght_a1,scheduler_group
16,owner_window,5,Limsa Lominsa,All Saints/Halloween city decor,hw_obj5_h,time_bg_hw_obj5_h,sea_s0_twn01,100075,0x000186EB,99384,0x00018438,-691,other_isgrp,isgrp_002386,scheduler_group
16,owner_window,6,Limsa Lominsa,All Saints/Halloween city decor,hw_obj5_h,time_bg_hw_obj5_h,sea_s0_twn01,100075,0x000186EB,99397,0x00018445,-678,other_isgrp,isgrp_000144,scheduler_group
16,owner_window,7,Limsa Lominsa,All Saints/Halloween city decor,hw_obj5_h,time_bg_hw_obj5_h,sea_s0_twn01,100075,0x000186EB,99423,0x0001845F,-652,other_isgrp,isgrp_002388,scheduler_group
16,owner_window,8,Limsa Lominsa,All Saints/Halloween city decor,hw_obj5_h,time_bg_hw_obj5_h,sea_s0_twn01,100075,0x000186EB,99436,0x0001846C,-639,other_isgrp,isgrp_002727/_lght_a1,scheduler_group
16,owner_window,9,Limsa Lominsa,All Saints/Halloween city decor,hw_obj5_h,time_bg_hw_obj5_h,sea_s0_twn01,100075,0x000186EB,99458,0x00018482,-617,other_isgrp,isgrp_002390,scheduler_group
16,owner_window,10,Limsa Lominsa,All Saints/Halloween city decor,hw_obj5_h,time_bg_hw_obj5_h,sea_s0_twn01,100075,0x000186EB,99471,0x0001848F,-604,other_isgrp,isgrp_000145,scheduler_group
16,owner_window,11,Limsa Lominsa,All Saints/Halloween city decor,hw_obj5_h,time_bg_hw_obj5_h,sea_s0_twn01,100075,0x000186EB,99484,0x0001849C,-591,other_isgrp,isgrp_002726/_lght_a1,scheduler_group
16,owner_window,12,Limsa Lominsa,All Saints/Halloween city decor,hw_obj5_h,time_bg_hw_obj5_h,sea_s0_twn01,100075,0x000186EB,99506,0x000184B2,-569,other_isgrp,isgrp_002392,scheduler_group
16,owner_window,13,Limsa Lominsa,All Saints/Halloween city decor,hw_obj5_h,time_bg_hw_obj5_h,sea_s0_twn01,100075,0x000186EB,99519,0x000184BF,-556,other_isgrp,isgrp_002728/_lght_a1,scheduler_group
16,owner_window,14,Limsa Lominsa,All Saints/Halloween city decor,hw_obj5_h,time_bg_hw_obj5_h,sea_s0_twn01,100075,0x000186EB,99541,0x000184D5,-534,other_isgrp,isgrp_002394,scheduler_group
16,owner_window,15,Limsa Lominsa,All Saints/Halloween city decor,hw_obj5_h,time_bg_hw_obj5_h,sea_s0_twn01,100075,0x000186EB,99554,0x000184E2,-521,other_isgrp,isgrp_000193,scheduler_group
16,owner_window,16,Limsa Lominsa,All Saints/Halloween city decor,hw_obj5_h,time_bg_hw_obj5_h,sea_s0_twn01,100075,0x000186EB,99567,0x000184EF,-508,other_isgrp,isgrp_002743/_lght_a1,scheduler_group
16,owner_window,17,Limsa Lominsa,All Saints/Halloween city decor,hw_obj5_h,time_bg_hw_obj5_h,sea_s0_twn01,100075,0x000186EB,99589,0x00018505,-486,other_isgrp,isgrp_002396,scheduler_group
16,owner_window,18,Limsa Lominsa,All Saints/Halloween city decor,hw_obj5_h,time_bg_hw_obj5_h,sea_s0_twn01,100075,0x000186EB,99602,0x00018512,-473,other_isgrp,isgrp_000192,scheduler_group
16,owner_window,19,Limsa Lominsa,All Saints/Halloween city decor,hw_obj5_h,time_bg_hw_obj5_h,sea_s0_twn01,100075,0x000186EB,99615,0x0001851F,-460,other_isgrp,isgrp_002744/_lght_a1,scheduler_group
16,owner_window,20,Limsa Lominsa,All Saints/Halloween city decor,hw_obj5_h,time_bg_hw_obj5_h,sea_s0_twn01,100075,0x000186EB,99637,0x00018535,-438,other_isgrp,isgrp_002398,scheduler_group
16,owner_window,21,Limsa Lominsa,All Saints/Halloween city decor,hw_obj5_h,time_bg_hw_obj5_h,sea_s0_twn01,100075,0x000186EB,99650,0x00018542,-425,other_isgrp,isgrp_000191,scheduler_group
16,owner_window,22,Limsa Lominsa,All Saints/Halloween city decor,hw_obj5_h,time_bg_hw_obj5_h,sea_s0_twn01,100075,0x000186EB,99663,0x0001854F,-412,other_isgrp,isgrp_002745/_lght_a1,scheduler_group
16,owner_window,23,Limsa Lominsa,All Saints/Halloween city decor,hw_obj5_h,time_bg_hw_obj5_h,sea_s0_twn01,100075,0x000186EB,99685,0x00018565,-390,other_isgrp,isgrp_002400,scheduler_group
16,owner_window,24,Limsa Lominsa,All Saints/Halloween city decor,hw_obj5_h,time_bg_hw_obj5_h,sea_s0_twn01,100075,0x000186EB,99698,0x00018572,-377,other_isgrp,isgrp_000190,scheduler_group
16,owner_window,25,Limsa Lominsa,All Saints/Halloween city decor,hw_obj5_h,time_bg_hw_obj5_h,sea_s0_twn01,100075,0x000186EB,99711,0x0001857F,-364,other_isgrp,isgrp_002742/_lght_a1,scheduler_group
16,owner_window,26,Limsa Lominsa,All Saints/Halloween city decor,hw_obj5_h,time_bg_hw_obj5_h,sea_s0_twn01,100075,0x000186EB,99733,0x00018595,-342,other_isgrp,isgrp_002402,scheduler_group
16,owner_window,27,Limsa Lominsa,All Saints/Halloween city decor,hw_obj5_h,time_bg_hw_obj5_h,sea_s0_twn01,100075,0x000186EB,99746,0x000185A2,-329,other_isgrp,isgrp_000139,scheduler_group
16,owner_window,28,Limsa Lominsa,All Saints/Halloween city decor,hw_obj5_h,time_bg_hw_obj5_h,sea_s0_twn01,100075,0x000186EB,99772,0x000185BC,-303,other_isgrp,isgrp_002746/_lght_a1,scheduler_group
16,owner_window,29,Limsa Lominsa,All Saints/Halloween city decor,hw_obj5_h,time_bg_hw_obj5_h,sea_s0_twn01,100075,0x000186EB,99794,0x000185D2,-281,other_isgrp,isgrp_002404,scheduler_group
16,owner_window,30,Limsa Lominsa,All Saints/Halloween city decor,hw_obj5_h,time_bg_hw_obj5_h,sea_s0_twn01,100075,0x000186EB,99807,0x000185DF,-268,other_isgrp,isgrp_002757/_lght_a1,scheduler_group
16,owner_window,31,Limsa Lominsa,All Saints/Halloween city decor,hw_obj5_h,time_bg_hw_obj5_h,sea_s0_twn01,100075,0x000186EB,99829,0x000185F5,-246,other_isgrp,isgrp_002406,scheduler_group
16,owner_window,32,Limsa Lominsa,All Saints/Halloween city decor,hw_obj5_h,time_bg_hw_obj5_h,sea_s0_twn01,100075,0x000186EB,99842,0x00018602,-233,other_isgrp,isgrp_000140,scheduler_group
16,owner_window,33,Limsa Lominsa,All Saints/Halloween city decor,hw_obj5_h,time_bg_hw_obj5_h,sea_s0_twn01,100075,0x000186EB,99855,0x0001860F,-220,other_isgrp,isgrp_002408,scheduler_group
16,owner_window,34,Limsa Lominsa,All Saints/Halloween city decor,hw_obj5_h,time_bg_hw_obj5_h,sea_s0_twn01,100075,0x000186EB,99868,0x0001861C,-207,other_isgrp,isgrp_000141,scheduler_group
16,owner_window,35,Limsa Lominsa,All Saints/Halloween city decor,hw_obj5_h,time_bg_hw_obj5_h,sea_s0_twn01,100075,0x000186EB,99881,0x00018629,-194,other_isgrp,isgrp_002410,scheduler_group
16,owner_window,36,Limsa Lominsa,All Saints/Halloween city decor,hw_obj5_h,time_bg_hw_obj5_h,sea_s0_twn01,100075,0x000186EB,99894,0x00018636,-181,other_isgrp,isgrp_002412,scheduler_group
16,owner_window,37,Limsa Lominsa,All Saints/Halloween city decor,hw_obj5_h,time_bg_hw_obj5_h,sea_s0_twn01,100075,0x000186EB,99920,0x00018650,-155,other_isgrp,isgrp_002413,scheduler_group
16,owner_window,38,Limsa Lominsa,All Saints/Halloween city decor,hw_obj5_h,time_bg_hw_obj5_h,sea_s0_twn01,100075,0x000186EB,99933,0x0001865D,-142,other_isgrp,isgrp_000197,scheduler_group
16,owner_window,39,Limsa Lominsa,All Saints/Halloween city decor,hw_obj5_h,time_bg_hw_obj5_h,sea_s0_twn01,100075,0x000186EB,99959,0x00018677,-116,other_isgrp,isgrp_002760/_lght_a1,scheduler_group
16,owner_window,40,Limsa Lominsa,All Saints/Halloween city decor,hw_obj5_h,time_bg_hw_obj5_h,sea_s0_twn01,100075,0x000186EB,99981,0x0001868D,-94,other_isgrp,isgrp_002416,scheduler_group
16,owner_window,41,Limsa Lominsa,All Saints/Halloween city decor,hw_obj5_h,time_bg_hw_obj5_h,sea_s0_twn01,100075,0x000186EB,99994,0x0001869A,-81,other_isgrp,isgrp_002418,scheduler_group
16,owner_window,42,Limsa Lominsa,All Saints/Halloween city decor,hw_obj5_h,time_bg_hw_obj5_h,sea_s0_twn01,100075,0x000186EB,100007,0x000186A7,-68,other_isgrp,isgrp_000194,scheduler_group
16,owner_window,43,Limsa Lominsa,All Saints/Halloween city decor,hw_obj5_h,time_bg_hw_obj5_h,sea_s0_twn01,100075,0x000186EB,100033,0x000186C1,-42,other_isgrp,isgrp_002420,scheduler_group
16,owner_window,44,Limsa Lominsa,All Saints/Halloween city decor,hw_obj5_h,time_bg_hw_obj5_h,sea_s0_twn01,100075,0x000186EB,100046,0x000186CE,-29,other_isgrp,isgrp_000195,scheduler_group
16,owner_window,45,Limsa Lominsa,All Saints/Halloween city decor,hw_obj5_h,time_bg_hw_obj5_h,sea_s0_twn01,100075,0x000186EB,100059,0x000186DB,-16,other_sgrp,sgrp_bg_door_b2,scheduler_group
16,owner_window,46,Limsa Lominsa,All Saints/Halloween city decor,hw_obj5_h,time_bg_hw_obj5_h,sea_s0_twn01,100075,0x000186EB,100075,0x000186EB,0,owner_isgrp,isgrp_002422,scheduler_group
16,owner_window,47,Limsa Lominsa,All Saints/Halloween city decor,hw_obj5_h,time_bg_hw_obj5_h,sea_s0_twn01,100075,0x000186EB,100088,0x000186F8,13,other_isgrp,isgrp_000196,scheduler_group
16,owner_window,48,Limsa Lominsa,All Saints/Halloween city decor,hw_obj5_h,time_bg_hw_obj5_h,sea_s0_twn01,100075,0x000186EB,100101,0x00018705,26,other_isgrp,isgrp_002725/_lght_a1,scheduler_group
16,owner_window,49,Limsa Lominsa,All Saints/Halloween city decor,hw_obj5_h,time_bg_hw_obj5_h,sea_s0_twn01,100075,0x000186EB,100123,0x0001871B,48,other_sgrp,sgrp_bg_door_b1_dam,scheduler_group
16,owner_window,50,Limsa Lominsa,All Saints/Halloween city decor,hw_obj5_h,time_bg_hw_obj5_h,sea_s0_twn01,100075,0x000186EB,100185,0x00018759,110,other_sgrp,sgrp_bg_gate_a1,scheduler_group
16,owner_window,51,Limsa Lominsa,All Saints/Halloween city decor,hw_obj5_h,time_bg_hw_obj5_h,sea_s0_twn01,100075,0x000186EB,100215,0x00018777,140,other_sgrp,sgrp_bg_gate_a2,scheduler_group
16,owner_window,52,Limsa Lominsa,All Saints/Halloween city decor,hw_obj5_h,time_bg_hw_obj5_h,sea_s0_twn01,100075,0x000186EB,100237,0x0001878D,162,other_sgrp,sgrp_bg_gate_b1,scheduler_group
16,owner_window,53,Limsa Lominsa,All Saints/Halloween city decor,hw_obj5_h,time_bg_hw_obj5_h,sea_s0_twn01,100075,0x000186EB,100475,0x0001887B,400,other_sgrp,sgrp_bg_gate_c1,scheduler_group
16,owner_window,54,Limsa Lominsa,All Saints/Halloween city decor,hw_obj5_h,time_bg_hw_obj5_h,sea_s0_twn01,100075,0x000186EB,100491,0x0001888B,416,other_isgrp,isgrp_002425,scheduler_group
16,owner_window,55,Limsa Lominsa,All Saints/Halloween city decor,hw_obj5_h,time_bg_hw_obj5_h,sea_s0_twn01,100075,0x000186EB,100504,0x00018898,429,other_isgrp,isgrp_002427,scheduler_group
16,owner_window,56,Limsa Lominsa,All Saints/Halloween city decor,hw_obj5_h,time_bg_hw_obj5_h,sea_s0_twn01,100075,0x000186EB,100517,0x000188A5,442,other_isgrp,isgrp_002429,scheduler_group
16,owner_window,57,Limsa Lominsa,All Saints/Halloween city decor,hw_obj5_h,time_bg_hw_obj5_h,sea_s0_twn01,100075,0x000186EB,100530,0x000188B2,455,other_isgrp,isgrp_002431,scheduler_group
16,owner_window,58,Limsa Lominsa,All Saints/Halloween city decor,hw_obj5_h,time_bg_hw_obj5_h,sea_s0_twn01,100075,0x000186EB,100543,0x000188BF,468,other_isgrp,isgrp_000180,scheduler_group
16,owner_window,59,Limsa Lominsa,All Saints/Halloween city decor,hw_obj5_h,time_bg_hw_obj5_h,sea_s0_twn01,100075,0x000186EB,100556,0x000188CC,481,other_isgrp,isgrp_002433,scheduler_group
16,owner_window,60,Limsa Lominsa,All Saints/Halloween city decor,hw_obj5_h,time_bg_hw_obj5_h,sea_s0_twn01,100075,0x000186EB,100569,0x000188D9,494,other_isgrp,isgrp_000181,scheduler_group
16,owner_window,61,Limsa Lominsa,All Saints/Halloween city decor,hw_obj5_h,time_bg_hw_obj5_h,sea_s0_twn01,100075,0x000186EB,100582,0x000188E6,507,other_sgrp,sgrp_bg_gate_d1,scheduler_group
16,owner_window,62,Limsa Lominsa,All Saints/Halloween city decor,hw_obj5_h,time_bg_hw_obj5_h,sea_s0_twn01,100075,0x000186EB,100623,0x0001890F,548,nearby,vfx_gate201,vfx_or_scene_def
16,owner_window,63,Limsa Lominsa,All Saints/Halloween city decor,hw_obj5_h,time_bg_hw_obj5_h,sea_s0_twn01,100075,0x000186EB,100640,0x00018920,565,nearby,vfx_gate202,vfx_or_scene_def
16,owner_window,64,Limsa Lominsa,All Saints/Halloween city decor,hw_obj5_h,time_bg_hw_obj5_h,sea_s0_twn01,100075,0x000186EB,100652,0x0001892C,577,nearby,vfx_gate203,vfx_or_scene_def
16,owner_window,65,Limsa Lominsa,All Saints/Halloween city decor,hw_obj5_h,time_bg_hw_obj5_h,sea_s0_twn01,100075,0x000186EB,100664,0x00018938,589,other_sgrp,sgrp_bg_gate_e1,scheduler_group
16,owner_window,66,Limsa Lominsa,All Saints/Halloween city decor,hw_obj5_h,time_bg_hw_obj5_h,sea_s0_twn01,100075,0x000186EB,100754,0x00018992,679,nearby,vfx_gate102,vfx_or_scene_def
16,owner_window,67,Limsa Lominsa,All Saints/Halloween city decor,hw_obj5_h,time_bg_hw_obj5_h,sea_s0_twn01,100075,0x000186EB,100766,0x0001899E,691,nearby,vfx_gate101,vfx_or_scene_def
16,owner_window,68,Limsa Lominsa,All Saints/Halloween city decor,hw_obj5_h,time_bg_hw_obj5_h,sea_s0_twn01,100075,0x000186EB,100778,0x000189AA,703,nearby,vfx_gate103,vfx_or_scene_def
16,owner_window,69,Limsa Lominsa,All Saints/Halloween city decor,hw_obj5_h,time_bg_hw_obj5_h,sea_s0_twn01,100075,0x000186EB,100790,0x000189B6,715,other_isgrp,isgrp_002435,scheduler_group
16,owner_window,70,Limsa Lominsa,All Saints/Halloween city decor,hw_obj5_h,time_bg_hw_obj5_h,sea_s0_twn01,100075,0x000186EB,100803,0x000189C3,728,nearby,Bk_isgrp_002172-024,interesting
16,owner_window,71,Limsa Lominsa,All Saints/Halloween city decor,hw_obj5_h,time_bg_hw_obj5_h,sea_s0_twn01,100075,0x000186EB,100823,0x000189D7,748,other_isgrp,isgrp_002437,scheduler_group
16,owner_window,72,Limsa Lominsa,All Saints/Halloween city decor,hw_obj5_h,time_bg_hw_obj5_h,sea_s0_twn01,100075,0x000186EB,100836,0x000189E4,761,other_isgrp,isgrp_002439,scheduler_group
17,family_window,1,Limsa Lominsa,All Saints/Halloween city decor,hw_obj6_h,time_bg_hw_obj6_h,sea_s0_twn01,110543,0x0001AFCF,109788,0x0001ACDC,-755,other_isgrp,isgrp_003193,scheduler_group
17,family_window,2,Limsa Lominsa,All Saints/Halloween city decor,hw_obj6_h,time_bg_hw_obj6_h,sea_s0_twn01,110543,0x0001AFCF,109801,0x0001ACE9,-742,other_isgrp,isgrp_003194,scheduler_group
17,family_window,3,Limsa Lominsa,All Saints/Halloween city decor,hw_obj6_h,time_bg_hw_obj6_h,sea_s0_twn01,110543,0x0001AFCF,109814,0x0001ACF6,-729,other_isgrp,isgrp_003195,scheduler_group
17,family_window,4,Limsa Lominsa,All Saints/Halloween city decor,hw_obj6_h,time_bg_hw_obj6_h,sea_s0_twn01,110543,0x0001AFCF,109827,0x0001AD03,-716,other_isgrp,isgrp_003196,scheduler_group
17,family_window,5,Limsa Lominsa,All Saints/Halloween city decor,hw_obj6_h,time_bg_hw_obj6_h,sea_s0_twn01,110543,0x0001AFCF,109840,0x0001AD10,-703,other_isgrp,isgrp_003197,scheduler_group
17,family_window,6,Limsa Lominsa,All Saints/Halloween city decor,hw_obj6_h,time_bg_hw_obj6_h,sea_s0_twn01,110543,0x0001AFCF,109853,0x0001AD1D,-690,other_isgrp,isgrp_003198,scheduler_group
17,family_window,7,Limsa Lominsa,All Saints/Halloween city decor,hw_obj6_h,time_bg_hw_obj6_h,sea_s0_twn01,110543,0x0001AFCF,109866,0x0001AD2A,-677,other_isgrp,isgrp_003199,scheduler_group
17,family_window,8,Limsa Lominsa,All Saints/Halloween city decor,hw_obj6_h,time_bg_hw_obj6_h,sea_s0_twn01,110543,0x0001AFCF,109879,0x0001AD37,-664,other_isgrp,isgrp_003200,scheduler_group
17,family_window,9,Limsa Lominsa,All Saints/Halloween city decor,hw_obj6_h,time_bg_hw_obj6_h,sea_s0_twn01,110543,0x0001AFCF,109892,0x0001AD44,-651,other_sgrp,sgrp_bg_flg2,scheduler_group
17,family_window,10,Limsa Lominsa,All Saints/Halloween city decor,hw_obj6_h,time_bg_hw_obj6_h,sea_s0_twn01,110543,0x0001AFCF,109923,0x0001AD63,-620,other_sgrp,sgrp_bg_flg3,scheduler_group
17,family_window,11,Limsa Lominsa,All Saints/Halloween city decor,hw_obj6_h,time_bg_hw_obj6_h,sea_s0_twn01,110543,0x0001AFCF,109954,0x0001AD82,-589,other_isgrp,isgrp_003201,scheduler_group
17,family_window,12,Limsa Lominsa,All Saints/Halloween city decor,hw_obj6_h,time_bg_hw_obj6_h,sea_s0_twn01,110543,0x0001AFCF,109967,0x0001AD8F,-576,other_isgrp,isgrp_003202,scheduler_group
17,family_window,13,Limsa Lominsa,All Saints/Halloween city decor,hw_obj6_h,time_bg_hw_obj6_h,sea_s0_twn01,110543,0x0001AFCF,109980,0x0001AD9C,-563,other_isgrp,isgrp_003203,scheduler_group
17,family_window,14,Limsa Lominsa,All Saints/Halloween city decor,hw_obj6_h,time_bg_hw_obj6_h,sea_s0_twn01,110543,0x0001AFCF,109993,0x0001ADA9,-550,other_isgrp,isgrp_003204,scheduler_group
17,family_window,15,Limsa Lominsa,All Saints/Halloween city decor,hw_obj6_h,time_bg_hw_obj6_h,sea_s0_twn01,110543,0x0001AFCF,110006,0x0001ADB6,-537,other_sgrp,sgrp_bg_hdi1,scheduler_group
17,family_window,16,Limsa Lominsa,All Saints/Halloween city decor,hw_obj6_h,time_bg_hw_obj6_h,sea_s0_twn01,110543,0x0001AFCF,110066,0x0001ADF2,-477,other_isgrp,isgrp_003205,scheduler_group
17,family_window,17,Limsa Lominsa,All Saints/Halloween city decor,hw_obj6_h,time_bg_hw_obj6_h,sea_s0_twn01,110543,0x0001AFCF,110079,0x0001ADFF,-464,other_isgrp,isgrp_003206,scheduler_group
17,family_window,18,Limsa Lominsa,All Saints/Halloween city decor,hw_obj6_h,time_bg_hw_obj6_h,sea_s0_twn01,110543,0x0001AFCF,110092,0x0001AE0C,-451,other_sgrp,sgrp_bg_lamp1,scheduler_group
17,family_window,19,Limsa Lominsa,All Saints/Halloween city decor,hw_obj6_h,time_bg_hw_obj6_h,sea_s0_twn01,110543,0x0001AFCF,110146,0x0001AE42,-397,other_isgrp,isgrp_003208,scheduler_group
17,family_window,20,Limsa Lominsa,All Saints/Halloween city decor,hw_obj6_h,time_bg_hw_obj6_h,sea_s0_twn01,110543,0x0001AFCF,110159,0x0001AE4F,-384,other_isgrp,isgrp_003209,scheduler_group
17,family_window,21,Limsa Lominsa,All Saints/Halloween city decor,hw_obj6_h,time_bg_hw_obj6_h,sea_s0_twn01,110543,0x0001AFCF,110172,0x0001AE5C,-371,other_isgrp,isgrp_003210,scheduler_group
17,family_window,22,Limsa Lominsa,All Saints/Halloween city decor,hw_obj6_h,time_bg_hw_obj6_h,sea_s0_twn01,110543,0x0001AFCF,110185,0x0001AE69,-358,other_isgrp,isgrp_003211,scheduler_group
17,family_window,23,Limsa Lominsa,All Saints/Halloween city decor,hw_obj6_h,time_bg_hw_obj6_h,sea_s0_twn01,110543,0x0001AFCF,110198,0x0001AE76,-345,other_isgrp,isgrp_003212,scheduler_group
17,family_window,24,Limsa Lominsa,All Saints/Halloween city decor,hw_obj6_h,time_bg_hw_obj6_h,sea_s0_twn01,110543,0x0001AFCF,110211,0x0001AE83,-332,other_isgrp,isgrp_003213,scheduler_group
17,family_window,25,Limsa Lominsa,All Saints/Halloween city decor,hw_obj6_h,time_bg_hw_obj6_h,sea_s0_twn01,110543,0x0001AFCF,110224,0x0001AE90,-319,other_sgrp,sgrp_bg_lght_z1,scheduler_group
17,family_window,26,Limsa Lominsa,All Saints/Halloween city decor,hw_obj6_h,time_bg_hw_obj6_h,sea_s0_twn01,110543,0x0001AFCF,110249,0x0001AEA9,-294,other_isgrp,isgrp_003214,scheduler_group
17,family_window,27,Limsa Lominsa,All Saints/Halloween city decor,hw_obj6_h,time_bg_hw_obj6_h,sea_s0_twn01,110543,0x0001AFCF,110262,0x0001AEB6,-281,other_isgrp,isgrp_003215,scheduler_group
17,family_window,28,Limsa Lominsa,All Saints/Halloween city decor,hw_obj6_h,time_bg_hw_obj6_h,sea_s0_twn01,110543,0x0001AFCF,110275,0x0001AEC3,-268,other_sgrp,sgrp_bg_hw_obj1_h,scheduler_group
17,family_window,29,Limsa Lominsa,All Saints/Halloween city decor,hw_obj6_h,time_bg_hw_obj6_h,sea_s0_twn01,110543,0x0001AFCF,110340,0x0001AF04,-203,other_sgrp,sgrp_bg_hw_obj2_h,scheduler_group
17,family_window,30,Limsa Lominsa,All Saints/Halloween city decor,hw_obj6_h,time_bg_hw_obj6_h,sea_s0_twn01,110543,0x0001AFCF,110405,0x0001AF45,-138,other_sgrp,sgrp_bg_hw_obj3_h,scheduler_group
17,family_window,31,Limsa Lominsa,All Saints/Halloween city decor,hw_obj6_h,time_bg_hw_obj6_h,sea_s0_twn01,110543,0x0001AFCF,110451,0x0001AF73,-92,other_sgrp,sgrp_bg_hw_obj4_h,scheduler_group
17,family_window,32,Limsa Lominsa,All Saints/Halloween city decor,hw_obj6_h,time_bg_hw_obj6_h,sea_s0_twn01,110543,0x0001AFCF,110497,0x0001AFA1,-46,other_sgrp,sgrp_bg_hw_obj5_h,scheduler_group
17,family_window,33,Limsa Lominsa,All Saints/Halloween city decor,hw_obj6_h,time_bg_hw_obj6_h,sea_s0_twn01,110543,0x0001AFCF,110543,0x0001AFCF,0,matched_group,sgrp_bg_hw_obj6_h,scheduler_group
17,family_window,34,Limsa Lominsa,All Saints/Halloween city decor,hw_obj6_h,time_bg_hw_obj6_h,sea_s0_twn01,110543,0x0001AFCF,110608,0x0001B010,65,other_sgrp,sgrp_bg_hw_obj7_h,scheduler_group
17,family_window,35,Limsa Lominsa,All Saints/Halloween city decor,hw_obj6_h,time_bg_hw_obj6_h,sea_s0_twn01,110543,0x0001AFCF,110673,0x0001B051,130,other_sgrp,sgrp_bg_hw_obj8_h,scheduler_group
17,family_window,36,Limsa Lominsa,All Saints/Halloween city decor,hw_obj6_h,time_bg_hw_obj6_h,sea_s0_twn01,110543,0x0001AFCF,110719,0x0001B07F,176,other_isgrp,isgrp_003225,scheduler_group
17,family_window,37,Limsa Lominsa,All Saints/Halloween city decor,hw_obj6_h,time_bg_hw_obj6_h,sea_s0_twn01,110543,0x0001AFCF,110732,0x0001B08C,189,other_isgrp,isgrp_003226,scheduler_group
17,family_window,38,Limsa Lominsa,All Saints/Halloween city decor,hw_obj6_h,time_bg_hw_obj6_h,sea_s0_twn01,110543,0x0001AFCF,110745,0x0001B099,202,other_isgrp,isgrp_003227,scheduler_group
17,family_window,39,Limsa Lominsa,All Saints/Halloween city decor,hw_obj6_h,time_bg_hw_obj6_h,sea_s0_twn01,110543,0x0001AFCF,110758,0x0001B0A6,215,other_isgrp,isgrp_003228,scheduler_group
17,family_window,40,Limsa Lominsa,All Saints/Halloween city decor,hw_obj6_h,time_bg_hw_obj6_h,sea_s0_twn01,110543,0x0001AFCF,110771,0x0001B0B3,228,other_isgrp,isgrp_003229,scheduler_group
17,family_window,41,Limsa Lominsa,All Saints/Halloween city decor,hw_obj6_h,time_bg_hw_obj6_h,sea_s0_twn01,110543,0x0001AFCF,110784,0x0001B0C0,241,other_isgrp,isgrp_003230,scheduler_group
17,family_window,42,Limsa Lominsa,All Saints/Halloween city decor,hw_obj6_h,time_bg_hw_obj6_h,sea_s0_twn01,110543,0x0001AFCF,110797,0x0001B0CD,254,other_isgrp,isgrp_003231,scheduler_group
17,family_window,43,Limsa Lominsa,All Saints/Halloween city decor,hw_obj6_h,time_bg_hw_obj6_h,sea_s0_twn01,110543,0x0001AFCF,110810,0x0001B0DA,267,other_isgrp,isgrp_003232,scheduler_group
17,family_window,44,Limsa Lominsa,All Saints/Halloween city decor,hw_obj6_h,time_bg_hw_obj6_h,sea_s0_twn01,110543,0x0001AFCF,110823,0x0001B0E7,280,other_isgrp,isgrp_003233,scheduler_group
17,family_window,45,Limsa Lominsa,All Saints/Halloween city decor,hw_obj6_h,time_bg_hw_obj6_h,sea_s0_twn01,110543,0x0001AFCF,110836,0x0001B0F4,293,other_isgrp,isgrp_003234,scheduler_group
17,family_window,46,Limsa Lominsa,All Saints/Halloween city decor,hw_obj6_h,time_bg_hw_obj6_h,sea_s0_twn01,110543,0x0001AFCF,110849,0x0001B101,306,other_isgrp,isgrp_003235,scheduler_group
17,family_window,47,Limsa Lominsa,All Saints/Halloween city decor,hw_obj6_h,time_bg_hw_obj6_h,sea_s0_twn01,110543,0x0001AFCF,110862,0x0001B10E,319,other_isgrp,isgrp_003236,scheduler_group
17,family_window,48,Limsa Lominsa,All Saints/Halloween city decor,hw_obj6_h,time_bg_hw_obj6_h,sea_s0_twn01,110543,0x0001AFCF,110875,0x0001B11B,332,other_isgrp,isgrp_003237,scheduler_group
17,family_window,49,Limsa Lominsa,All Saints/Halloween city decor,hw_obj6_h,time_bg_hw_obj6_h,sea_s0_twn01,110543,0x0001AFCF,110888,0x0001B128,345,other_isgrp,isgrp_003238,scheduler_group
17,family_window,50,Limsa Lominsa,All Saints/Halloween city decor,hw_obj6_h,time_bg_hw_obj6_h,sea_s0_twn01,110543,0x0001AFCF,110901,0x0001B135,358,other_isgrp,isgrp_003239,scheduler_group
17,family_window,51,Limsa Lominsa,All Saints/Halloween city decor,hw_obj6_h,time_bg_hw_obj6_h,sea_s0_twn01,110543,0x0001AFCF,110914,0x0001B142,371,other_isgrp,isgrp_003240,scheduler_group
17,family_window,52,Limsa Lominsa,All Saints/Halloween city decor,hw_obj6_h,time_bg_hw_obj6_h,sea_s0_twn01,110543,0x0001AFCF,110927,0x0001B14F,384,other_isgrp,isgrp_003241,scheduler_group
17,family_window,53,Limsa Lominsa,All Saints/Halloween city decor,hw_obj6_h,time_bg_hw_obj6_h,sea_s0_twn01,110543,0x0001AFCF,110940,0x0001B15C,397,other_isgrp,isgrp_003242,scheduler_group
17,family_window,54,Limsa Lominsa,All Saints/Halloween city decor,hw_obj6_h,time_bg_hw_obj6_h,sea_s0_twn01,110543,0x0001AFCF,110953,0x0001B169,410,other_isgrp,isgrp_003245,scheduler_group
17,family_window,55,Limsa Lominsa,All Saints/Halloween city decor,hw_obj6_h,time_bg_hw_obj6_h,sea_s0_twn01,110543,0x0001AFCF,110966,0x0001B176,423,other_isgrp,isgrp_003246,scheduler_group
17,family_window,56,Limsa Lominsa,All Saints/Halloween city decor,hw_obj6_h,time_bg_hw_obj6_h,sea_s0_twn01,110543,0x0001AFCF,110979,0x0001B183,436,other_isgrp,isgrp_003247,scheduler_group
17,family_window,57,Limsa Lominsa,All Saints/Halloween city decor,hw_obj6_h,time_bg_hw_obj6_h,sea_s0_twn01,110543,0x0001AFCF,110992,0x0001B190,449,other_isgrp,isgrp_003248,scheduler_group
17,family_window,58,Limsa Lominsa,All Saints/Halloween city decor,hw_obj6_h,time_bg_hw_obj6_h,sea_s0_twn01,110543,0x0001AFCF,111005,0x0001B19D,462,other_isgrp,isgrp_003249,scheduler_group
17,family_window,59,Limsa Lominsa,All Saints/Halloween city decor,hw_obj6_h,time_bg_hw_obj6_h,sea_s0_twn01,110543,0x0001AFCF,111018,0x0001B1AA,475,other_isgrp,isgrp_003250,scheduler_group
17,family_window,60,Limsa Lominsa,All Saints/Halloween city decor,hw_obj6_h,time_bg_hw_obj6_h,sea_s0_twn01,110543,0x0001AFCF,111031,0x0001B1B7,488,other_isgrp,isgrp_003251,scheduler_group
17,family_window,61,Limsa Lominsa,All Saints/Halloween city decor,hw_obj6_h,time_bg_hw_obj6_h,sea_s0_twn01,110543,0x0001AFCF,111044,0x0001B1C4,501,other_isgrp,isgrp_003252,scheduler_group
17,family_window,62,Limsa Lominsa,All Saints/Halloween city decor,hw_obj6_h,time_bg_hw_obj6_h,sea_s0_twn01,110543,0x0001AFCF,111057,0x0001B1D1,514,other_isgrp,isgrp_003254,scheduler_group
17,family_window,63,Limsa Lominsa,All Saints/Halloween city decor,hw_obj6_h,time_bg_hw_obj6_h,sea_s0_twn01,110543,0x0001AFCF,111070,0x0001B1DE,527,other_isgrp,isgrp_003255,scheduler_group
17,family_window,64,Limsa Lominsa,All Saints/Halloween city decor,hw_obj6_h,time_bg_hw_obj6_h,sea_s0_twn01,110543,0x0001AFCF,111083,0x0001B1EB,540,other_isgrp,isgrp_003256,scheduler_group
17,family_window,65,Limsa Lominsa,All Saints/Halloween city decor,hw_obj6_h,time_bg_hw_obj6_h,sea_s0_twn01,110543,0x0001AFCF,111096,0x0001B1F8,553,other_isgrp,isgrp_003257,scheduler_group
17,family_window,66,Limsa Lominsa,All Saints/Halloween city decor,hw_obj6_h,time_bg_hw_obj6_h,sea_s0_twn01,110543,0x0001AFCF,111109,0x0001B205,566,other_isgrp,isgrp_003258,scheduler_group
17,family_window,67,Limsa Lominsa,All Saints/Halloween city decor,hw_obj6_h,time_bg_hw_obj6_h,sea_s0_twn01,110543,0x0001AFCF,111122,0x0001B212,579,other_isgrp,isgrp_003259,scheduler_group
17,family_window,68,Limsa Lominsa,All Saints/Halloween city decor,hw_obj6_h,time_bg_hw_obj6_h,sea_s0_twn01,110543,0x0001AFCF,111135,0x0001B21F,592,other_isgrp,isgrp_003260,scheduler_group
17,family_window,69,Limsa Lominsa,All Saints/Halloween city decor,hw_obj6_h,time_bg_hw_obj6_h,sea_s0_twn01,110543,0x0001AFCF,111148,0x0001B22C,605,other_isgrp,isgrp_003261,scheduler_group
17,family_window,70,Limsa Lominsa,All Saints/Halloween city decor,hw_obj6_h,time_bg_hw_obj6_h,sea_s0_twn01,110543,0x0001AFCF,111161,0x0001B239,618,other_isgrp,isgrp_003263,scheduler_group
17,family_window,71,Limsa Lominsa,All Saints/Halloween city decor,hw_obj6_h,time_bg_hw_obj6_h,sea_s0_twn01,110543,0x0001AFCF,111174,0x0001B246,631,other_isgrp,isgrp_003264,scheduler_group
17,family_window,72,Limsa Lominsa,All Saints/Halloween city decor,hw_obj6_h,time_bg_hw_obj6_h,sea_s0_twn01,110543,0x0001AFCF,111187,0x0001B253,644,other_isgrp,isgrp_003265,scheduler_group
17,family_window,73,Limsa Lominsa,All Saints/Halloween city decor,hw_obj6_h,time_bg_hw_obj6_h,sea_s0_twn01,110543,0x0001AFCF,111200,0x0001B260,657,other_isgrp,isgrp_003267,scheduler_group
17,family_window,74,Limsa Lominsa,All Saints/Halloween city decor,hw_obj6_h,time_bg_hw_obj6_h,sea_s0_twn01,110543,0x0001AFCF,111213,0x0001B26D,670,other_isgrp,isgrp_003268,scheduler_group
17,family_window,75,Limsa Lominsa,All Saints/Halloween city decor,hw_obj6_h,time_bg_hw_obj6_h,sea_s0_twn01,110543,0x0001AFCF,111226,0x0001B27A,683,other_isgrp,isgrp_003269,scheduler_group
17,family_window,76,Limsa Lominsa,All Saints/Halloween city decor,hw_obj6_h,time_bg_hw_obj6_h,sea_s0_twn01,110543,0x0001AFCF,111239,0x0001B287,696,other_isgrp,isgrp_003270,scheduler_group
17,family_window,77,Limsa Lominsa,All Saints/Halloween city decor,hw_obj6_h,time_bg_hw_obj6_h,sea_s0_twn01,110543,0x0001AFCF,111252,0x0001B294,709,other_isgrp,isgrp_003271,scheduler_group
17,family_window,78,Limsa Lominsa,All Saints/Halloween city decor,hw_obj6_h,time_bg_hw_obj6_h,sea_s0_twn01,110543,0x0001AFCF,111265,0x0001B2A1,722,other_isgrp,isgrp_003272,scheduler_group
17,family_window,79,Limsa Lominsa,All Saints/Halloween city decor,hw_obj6_h,time_bg_hw_obj6_h,sea_s0_twn01,110543,0x0001AFCF,111278,0x0001B2AE,735,other_isgrp,isgrp_003273,scheduler_group
17,family_window,80,Limsa Lominsa,All Saints/Halloween city decor,hw_obj6_h,time_bg_hw_obj6_h,sea_s0_twn01,110543,0x0001AFCF,111291,0x0001B2BB,748,other_isgrp,isgrp_003274,scheduler_group
17,family_window,81,Limsa Lominsa,All Saints/Halloween city decor,hw_obj6_h,time_bg_hw_obj6_h,sea_s0_twn01,110543,0x0001AFCF,111304,0x0001B2C8,761,other_isgrp,isgrp_003275,scheduler_group
17,owner_window,1,Limsa Lominsa,All Saints/Halloween city decor,hw_obj6_h,time_bg_hw_obj6_h,sea_s0_twn01,100075,0x000186EB,99314,0x000183F2,-761,other_isgrp,isgrp_000143,scheduler_group
17,owner_window,2,Limsa Lominsa,All Saints/Halloween city decor,hw_obj6_h,time_bg_hw_obj6_h,sea_s0_twn01,100075,0x000186EB,99327,0x000183FF,-748,other_isgrp,isgrp_002713/_lght_a1,scheduler_group
17,owner_window,3,Limsa Lominsa,All Saints/Halloween city decor,hw_obj6_h,time_bg_hw_obj6_h,sea_s0_twn01,100075,0x000186EB,99349,0x00018415,-726,other_isgrp,isgrp_002384,scheduler_group
17,owner_window,4,Limsa Lominsa,All Saints/Halloween city decor,hw_obj6_h,time_bg_hw_obj6_h,sea_s0_twn01,100075,0x000186EB,99362,0x00018422,-713,other_isgrp,isgrp_002714/_lght_a1,scheduler_group
17,owner_window,5,Limsa Lominsa,All Saints/Halloween city decor,hw_obj6_h,time_bg_hw_obj6_h,sea_s0_twn01,100075,0x000186EB,99384,0x00018438,-691,other_isgrp,isgrp_002386,scheduler_group
17,owner_window,6,Limsa Lominsa,All Saints/Halloween city decor,hw_obj6_h,time_bg_hw_obj6_h,sea_s0_twn01,100075,0x000186EB,99397,0x00018445,-678,other_isgrp,isgrp_000144,scheduler_group
17,owner_window,7,Limsa Lominsa,All Saints/Halloween city decor,hw_obj6_h,time_bg_hw_obj6_h,sea_s0_twn01,100075,0x000186EB,99423,0x0001845F,-652,other_isgrp,isgrp_002388,scheduler_group
17,owner_window,8,Limsa Lominsa,All Saints/Halloween city decor,hw_obj6_h,time_bg_hw_obj6_h,sea_s0_twn01,100075,0x000186EB,99436,0x0001846C,-639,other_isgrp,isgrp_002727/_lght_a1,scheduler_group
17,owner_window,9,Limsa Lominsa,All Saints/Halloween city decor,hw_obj6_h,time_bg_hw_obj6_h,sea_s0_twn01,100075,0x000186EB,99458,0x00018482,-617,other_isgrp,isgrp_002390,scheduler_group
17,owner_window,10,Limsa Lominsa,All Saints/Halloween city decor,hw_obj6_h,time_bg_hw_obj6_h,sea_s0_twn01,100075,0x000186EB,99471,0x0001848F,-604,other_isgrp,isgrp_000145,scheduler_group
17,owner_window,11,Limsa Lominsa,All Saints/Halloween city decor,hw_obj6_h,time_bg_hw_obj6_h,sea_s0_twn01,100075,0x000186EB,99484,0x0001849C,-591,other_isgrp,isgrp_002726/_lght_a1,scheduler_group
17,owner_window,12,Limsa Lominsa,All Saints/Halloween city decor,hw_obj6_h,time_bg_hw_obj6_h,sea_s0_twn01,100075,0x000186EB,99506,0x000184B2,-569,other_isgrp,isgrp_002392,scheduler_group
17,owner_window,13,Limsa Lominsa,All Saints/Halloween city decor,hw_obj6_h,time_bg_hw_obj6_h,sea_s0_twn01,100075,0x000186EB,99519,0x000184BF,-556,other_isgrp,isgrp_002728/_lght_a1,scheduler_group
17,owner_window,14,Limsa Lominsa,All Saints/Halloween city decor,hw_obj6_h,time_bg_hw_obj6_h,sea_s0_twn01,100075,0x000186EB,99541,0x000184D5,-534,other_isgrp,isgrp_002394,scheduler_group
17,owner_window,15,Limsa Lominsa,All Saints/Halloween city decor,hw_obj6_h,time_bg_hw_obj6_h,sea_s0_twn01,100075,0x000186EB,99554,0x000184E2,-521,other_isgrp,isgrp_000193,scheduler_group
17,owner_window,16,Limsa Lominsa,All Saints/Halloween city decor,hw_obj6_h,time_bg_hw_obj6_h,sea_s0_twn01,100075,0x000186EB,99567,0x000184EF,-508,other_isgrp,isgrp_002743/_lght_a1,scheduler_group
17,owner_window,17,Limsa Lominsa,All Saints/Halloween city decor,hw_obj6_h,time_bg_hw_obj6_h,sea_s0_twn01,100075,0x000186EB,99589,0x00018505,-486,other_isgrp,isgrp_002396,scheduler_group
17,owner_window,18,Limsa Lominsa,All Saints/Halloween city decor,hw_obj6_h,time_bg_hw_obj6_h,sea_s0_twn01,100075,0x000186EB,99602,0x00018512,-473,other_isgrp,isgrp_000192,scheduler_group
17,owner_window,19,Limsa Lominsa,All Saints/Halloween city decor,hw_obj6_h,time_bg_hw_obj6_h,sea_s0_twn01,100075,0x000186EB,99615,0x0001851F,-460,other_isgrp,isgrp_002744/_lght_a1,scheduler_group
17,owner_window,20,Limsa Lominsa,All Saints/Halloween city decor,hw_obj6_h,time_bg_hw_obj6_h,sea_s0_twn01,100075,0x000186EB,99637,0x00018535,-438,other_isgrp,isgrp_002398,scheduler_group
17,owner_window,21,Limsa Lominsa,All Saints/Halloween city decor,hw_obj6_h,time_bg_hw_obj6_h,sea_s0_twn01,100075,0x000186EB,99650,0x00018542,-425,other_isgrp,isgrp_000191,scheduler_group
17,owner_window,22,Limsa Lominsa,All Saints/Halloween city decor,hw_obj6_h,time_bg_hw_obj6_h,sea_s0_twn01,100075,0x000186EB,99663,0x0001854F,-412,other_isgrp,isgrp_002745/_lght_a1,scheduler_group
17,owner_window,23,Limsa Lominsa,All Saints/Halloween city decor,hw_obj6_h,time_bg_hw_obj6_h,sea_s0_twn01,100075,0x000186EB,99685,0x00018565,-390,other_isgrp,isgrp_002400,scheduler_group
17,owner_window,24,Limsa Lominsa,All Saints/Halloween city decor,hw_obj6_h,time_bg_hw_obj6_h,sea_s0_twn01,100075,0x000186EB,99698,0x00018572,-377,other_isgrp,isgrp_000190,scheduler_group
17,owner_window,25,Limsa Lominsa,All Saints/Halloween city decor,hw_obj6_h,time_bg_hw_obj6_h,sea_s0_twn01,100075,0x000186EB,99711,0x0001857F,-364,other_isgrp,isgrp_002742/_lght_a1,scheduler_group
17,owner_window,26,Limsa Lominsa,All Saints/Halloween city decor,hw_obj6_h,time_bg_hw_obj6_h,sea_s0_twn01,100075,0x000186EB,99733,0x00018595,-342,other_isgrp,isgrp_002402,scheduler_group
17,owner_window,27,Limsa Lominsa,All Saints/Halloween city decor,hw_obj6_h,time_bg_hw_obj6_h,sea_s0_twn01,100075,0x000186EB,99746,0x000185A2,-329,other_isgrp,isgrp_000139,scheduler_group
17,owner_window,28,Limsa Lominsa,All Saints/Halloween city decor,hw_obj6_h,time_bg_hw_obj6_h,sea_s0_twn01,100075,0x000186EB,99772,0x000185BC,-303,other_isgrp,isgrp_002746/_lght_a1,scheduler_group
17,owner_window,29,Limsa Lominsa,All Saints/Halloween city decor,hw_obj6_h,time_bg_hw_obj6_h,sea_s0_twn01,100075,0x000186EB,99794,0x000185D2,-281,other_isgrp,isgrp_002404,scheduler_group
17,owner_window,30,Limsa Lominsa,All Saints/Halloween city decor,hw_obj6_h,time_bg_hw_obj6_h,sea_s0_twn01,100075,0x000186EB,99807,0x000185DF,-268,other_isgrp,isgrp_002757/_lght_a1,scheduler_group
17,owner_window,31,Limsa Lominsa,All Saints/Halloween city decor,hw_obj6_h,time_bg_hw_obj6_h,sea_s0_twn01,100075,0x000186EB,99829,0x000185F5,-246,other_isgrp,isgrp_002406,scheduler_group
17,owner_window,32,Limsa Lominsa,All Saints/Halloween city decor,hw_obj6_h,time_bg_hw_obj6_h,sea_s0_twn01,100075,0x000186EB,99842,0x00018602,-233,other_isgrp,isgrp_000140,scheduler_group
17,owner_window,33,Limsa Lominsa,All Saints/Halloween city decor,hw_obj6_h,time_bg_hw_obj6_h,sea_s0_twn01,100075,0x000186EB,99855,0x0001860F,-220,other_isgrp,isgrp_002408,scheduler_group
17,owner_window,34,Limsa Lominsa,All Saints/Halloween city decor,hw_obj6_h,time_bg_hw_obj6_h,sea_s0_twn01,100075,0x000186EB,99868,0x0001861C,-207,other_isgrp,isgrp_000141,scheduler_group
17,owner_window,35,Limsa Lominsa,All Saints/Halloween city decor,hw_obj6_h,time_bg_hw_obj6_h,sea_s0_twn01,100075,0x000186EB,99881,0x00018629,-194,other_isgrp,isgrp_002410,scheduler_group
17,owner_window,36,Limsa Lominsa,All Saints/Halloween city decor,hw_obj6_h,time_bg_hw_obj6_h,sea_s0_twn01,100075,0x000186EB,99894,0x00018636,-181,other_isgrp,isgrp_002412,scheduler_group
17,owner_window,37,Limsa Lominsa,All Saints/Halloween city decor,hw_obj6_h,time_bg_hw_obj6_h,sea_s0_twn01,100075,0x000186EB,99920,0x00018650,-155,other_isgrp,isgrp_002413,scheduler_group
17,owner_window,38,Limsa Lominsa,All Saints/Halloween city decor,hw_obj6_h,time_bg_hw_obj6_h,sea_s0_twn01,100075,0x000186EB,99933,0x0001865D,-142,other_isgrp,isgrp_000197,scheduler_group
17,owner_window,39,Limsa Lominsa,All Saints/Halloween city decor,hw_obj6_h,time_bg_hw_obj6_h,sea_s0_twn01,100075,0x000186EB,99959,0x00018677,-116,other_isgrp,isgrp_002760/_lght_a1,scheduler_group
17,owner_window,40,Limsa Lominsa,All Saints/Halloween city decor,hw_obj6_h,time_bg_hw_obj6_h,sea_s0_twn01,100075,0x000186EB,99981,0x0001868D,-94,other_isgrp,isgrp_002416,scheduler_group
17,owner_window,41,Limsa Lominsa,All Saints/Halloween city decor,hw_obj6_h,time_bg_hw_obj6_h,sea_s0_twn01,100075,0x000186EB,99994,0x0001869A,-81,other_isgrp,isgrp_002418,scheduler_group
17,owner_window,42,Limsa Lominsa,All Saints/Halloween city decor,hw_obj6_h,time_bg_hw_obj6_h,sea_s0_twn01,100075,0x000186EB,100007,0x000186A7,-68,other_isgrp,isgrp_000194,scheduler_group
17,owner_window,43,Limsa Lominsa,All Saints/Halloween city decor,hw_obj6_h,time_bg_hw_obj6_h,sea_s0_twn01,100075,0x000186EB,100033,0x000186C1,-42,other_isgrp,isgrp_002420,scheduler_group
17,owner_window,44,Limsa Lominsa,All Saints/Halloween city decor,hw_obj6_h,time_bg_hw_obj6_h,sea_s0_twn01,100075,0x000186EB,100046,0x000186CE,-29,other_isgrp,isgrp_000195,scheduler_group
17,owner_window,45,Limsa Lominsa,All Saints/Halloween city decor,hw_obj6_h,time_bg_hw_obj6_h,sea_s0_twn01,100075,0x000186EB,100059,0x000186DB,-16,other_sgrp,sgrp_bg_door_b2,scheduler_group
17,owner_window,46,Limsa Lominsa,All Saints/Halloween city decor,hw_obj6_h,time_bg_hw_obj6_h,sea_s0_twn01,100075,0x000186EB,100075,0x000186EB,0,owner_isgrp,isgrp_002422,scheduler_group
17,owner_window,47,Limsa Lominsa,All Saints/Halloween city decor,hw_obj6_h,time_bg_hw_obj6_h,sea_s0_twn01,100075,0x000186EB,100088,0x000186F8,13,other_isgrp,isgrp_000196,scheduler_group
17,owner_window,48,Limsa Lominsa,All Saints/Halloween city decor,hw_obj6_h,time_bg_hw_obj6_h,sea_s0_twn01,100075,0x000186EB,100101,0x00018705,26,other_isgrp,isgrp_002725/_lght_a1,scheduler_group
17,owner_window,49,Limsa Lominsa,All Saints/Halloween city decor,hw_obj6_h,time_bg_hw_obj6_h,sea_s0_twn01,100075,0x000186EB,100123,0x0001871B,48,other_sgrp,sgrp_bg_door_b1_dam,scheduler_group
17,owner_window,50,Limsa Lominsa,All Saints/Halloween city decor,hw_obj6_h,time_bg_hw_obj6_h,sea_s0_twn01,100075,0x000186EB,100185,0x00018759,110,other_sgrp,sgrp_bg_gate_a1,scheduler_group
17,owner_window,51,Limsa Lominsa,All Saints/Halloween city decor,hw_obj6_h,time_bg_hw_obj6_h,sea_s0_twn01,100075,0x000186EB,100215,0x00018777,140,other_sgrp,sgrp_bg_gate_a2,scheduler_group
17,owner_window,52,Limsa Lominsa,All Saints/Halloween city decor,hw_obj6_h,time_bg_hw_obj6_h,sea_s0_twn01,100075,0x000186EB,100237,0x0001878D,162,other_sgrp,sgrp_bg_gate_b1,scheduler_group
17,owner_window,53,Limsa Lominsa,All Saints/Halloween city decor,hw_obj6_h,time_bg_hw_obj6_h,sea_s0_twn01,100075,0x000186EB,100475,0x0001887B,400,other_sgrp,sgrp_bg_gate_c1,scheduler_group
17,owner_window,54,Limsa Lominsa,All Saints/Halloween city decor,hw_obj6_h,time_bg_hw_obj6_h,sea_s0_twn01,100075,0x000186EB,100491,0x0001888B,416,other_isgrp,isgrp_002425,scheduler_group
17,owner_window,55,Limsa Lominsa,All Saints/Halloween city decor,hw_obj6_h,time_bg_hw_obj6_h,sea_s0_twn01,100075,0x000186EB,100504,0x00018898,429,other_isgrp,isgrp_002427,scheduler_group
17,owner_window,56,Limsa Lominsa,All Saints/Halloween city decor,hw_obj6_h,time_bg_hw_obj6_h,sea_s0_twn01,100075,0x000186EB,100517,0x000188A5,442,other_isgrp,isgrp_002429,scheduler_group
17,owner_window,57,Limsa Lominsa,All Saints/Halloween city decor,hw_obj6_h,time_bg_hw_obj6_h,sea_s0_twn01,100075,0x000186EB,100530,0x000188B2,455,other_isgrp,isgrp_002431,scheduler_group
17,owner_window,58,Limsa Lominsa,All Saints/Halloween city decor,hw_obj6_h,time_bg_hw_obj6_h,sea_s0_twn01,100075,0x000186EB,100543,0x000188BF,468,other_isgrp,isgrp_000180,scheduler_group
17,owner_window,59,Limsa Lominsa,All Saints/Halloween city decor,hw_obj6_h,time_bg_hw_obj6_h,sea_s0_twn01,100075,0x000186EB,100556,0x000188CC,481,other_isgrp,isgrp_002433,scheduler_group
17,owner_window,60,Limsa Lominsa,All Saints/Halloween city decor,hw_obj6_h,time_bg_hw_obj6_h,sea_s0_twn01,100075,0x000186EB,100569,0x000188D9,494,other_isgrp,isgrp_000181,scheduler_group
17,owner_window,61,Limsa Lominsa,All Saints/Halloween city decor,hw_obj6_h,time_bg_hw_obj6_h,sea_s0_twn01,100075,0x000186EB,100582,0x000188E6,507,other_sgrp,sgrp_bg_gate_d1,scheduler_group
17,owner_window,62,Limsa Lominsa,All Saints/Halloween city decor,hw_obj6_h,time_bg_hw_obj6_h,sea_s0_twn01,100075,0x000186EB,100623,0x0001890F,548,nearby,vfx_gate201,vfx_or_scene_def
17,owner_window,63,Limsa Lominsa,All Saints/Halloween city decor,hw_obj6_h,time_bg_hw_obj6_h,sea_s0_twn01,100075,0x000186EB,100640,0x00018920,565,nearby,vfx_gate202,vfx_or_scene_def
17,owner_window,64,Limsa Lominsa,All Saints/Halloween city decor,hw_obj6_h,time_bg_hw_obj6_h,sea_s0_twn01,100075,0x000186EB,100652,0x0001892C,577,nearby,vfx_gate203,vfx_or_scene_def
17,owner_window,65,Limsa Lominsa,All Saints/Halloween city decor,hw_obj6_h,time_bg_hw_obj6_h,sea_s0_twn01,100075,0x000186EB,100664,0x00018938,589,other_sgrp,sgrp_bg_gate_e1,scheduler_group
17,owner_window,66,Limsa Lominsa,All Saints/Halloween city decor,hw_obj6_h,time_bg_hw_obj6_h,sea_s0_twn01,100075,0x000186EB,100754,0x00018992,679,nearby,vfx_gate102,vfx_or_scene_def
17,owner_window,67,Limsa Lominsa,All Saints/Halloween city decor,hw_obj6_h,time_bg_hw_obj6_h,sea_s0_twn01,100075,0x000186EB,100766,0x0001899E,691,nearby,vfx_gate101,vfx_or_scene_def
17,owner_window,68,Limsa Lominsa,All Saints/Halloween city decor,hw_obj6_h,time_bg_hw_obj6_h,sea_s0_twn01,100075,0x000186EB,100778,0x000189AA,703,nearby,vfx_gate103,vfx_or_scene_def
17,owner_window,69,Limsa Lominsa,All Saints/Halloween city decor,hw_obj6_h,time_bg_hw_obj6_h,sea_s0_twn01,100075,0x000186EB,100790,0x000189B6,715,other_isgrp,isgrp_002435,scheduler_group
17,owner_window,70,Limsa Lominsa,All Saints/Halloween city decor,hw_obj6_h,time_bg_hw_obj6_h,sea_s0_twn01,100075,0x000186EB,100803,0x000189C3,728,nearby,Bk_isgrp_002172-024,interesting
17,owner_window,71,Limsa Lominsa,All Saints/Halloween city decor,hw_obj6_h,time_bg_hw_obj6_h,sea_s0_twn01,100075,0x000186EB,100823,0x000189D7,748,other_isgrp,isgrp_002437,scheduler_group
17,owner_window,72,Limsa Lominsa,All Saints/Halloween city decor,hw_obj6_h,time_bg_hw_obj6_h,sea_s0_twn01,100075,0x000186EB,100836,0x000189E4,761,other_isgrp,isgrp_002439,scheduler_group
18,family_window,1,Limsa Lominsa,All Saints/Halloween city decor,hw_obj7_h,time_bg_hw_obj7_h,sea_s0_twn01,110608,0x0001B010,109840,0x0001AD10,-768,other_isgrp,isgrp_003197,scheduler_group
18,family_window,2,Limsa Lominsa,All Saints/Halloween city decor,hw_obj7_h,time_bg_hw_obj7_h,sea_s0_twn01,110608,0x0001B010,109853,0x0001AD1D,-755,other_isgrp,isgrp_003198,scheduler_group
18,family_window,3,Limsa Lominsa,All Saints/Halloween city decor,hw_obj7_h,time_bg_hw_obj7_h,sea_s0_twn01,110608,0x0001B010,109866,0x0001AD2A,-742,other_isgrp,isgrp_003199,scheduler_group
18,family_window,4,Limsa Lominsa,All Saints/Halloween city decor,hw_obj7_h,time_bg_hw_obj7_h,sea_s0_twn01,110608,0x0001B010,109879,0x0001AD37,-729,other_isgrp,isgrp_003200,scheduler_group
18,family_window,5,Limsa Lominsa,All Saints/Halloween city decor,hw_obj7_h,time_bg_hw_obj7_h,sea_s0_twn01,110608,0x0001B010,109892,0x0001AD44,-716,other_sgrp,sgrp_bg_flg2,scheduler_group
18,family_window,6,Limsa Lominsa,All Saints/Halloween city decor,hw_obj7_h,time_bg_hw_obj7_h,sea_s0_twn01,110608,0x0001B010,109923,0x0001AD63,-685,other_sgrp,sgrp_bg_flg3,scheduler_group
18,family_window,7,Limsa Lominsa,All Saints/Halloween city decor,hw_obj7_h,time_bg_hw_obj7_h,sea_s0_twn01,110608,0x0001B010,109954,0x0001AD82,-654,other_isgrp,isgrp_003201,scheduler_group
18,family_window,8,Limsa Lominsa,All Saints/Halloween city decor,hw_obj7_h,time_bg_hw_obj7_h,sea_s0_twn01,110608,0x0001B010,109967,0x0001AD8F,-641,other_isgrp,isgrp_003202,scheduler_group
18,family_window,9,Limsa Lominsa,All Saints/Halloween city decor,hw_obj7_h,time_bg_hw_obj7_h,sea_s0_twn01,110608,0x0001B010,109980,0x0001AD9C,-628,other_isgrp,isgrp_003203,scheduler_group
18,family_window,10,Limsa Lominsa,All Saints/Halloween city decor,hw_obj7_h,time_bg_hw_obj7_h,sea_s0_twn01,110608,0x0001B010,109993,0x0001ADA9,-615,other_isgrp,isgrp_003204,scheduler_group
18,family_window,11,Limsa Lominsa,All Saints/Halloween city decor,hw_obj7_h,time_bg_hw_obj7_h,sea_s0_twn01,110608,0x0001B010,110006,0x0001ADB6,-602,other_sgrp,sgrp_bg_hdi1,scheduler_group
18,family_window,12,Limsa Lominsa,All Saints/Halloween city decor,hw_obj7_h,time_bg_hw_obj7_h,sea_s0_twn01,110608,0x0001B010,110066,0x0001ADF2,-542,other_isgrp,isgrp_003205,scheduler_group
18,family_window,13,Limsa Lominsa,All Saints/Halloween city decor,hw_obj7_h,time_bg_hw_obj7_h,sea_s0_twn01,110608,0x0001B010,110079,0x0001ADFF,-529,other_isgrp,isgrp_003206,scheduler_group
18,family_window,14,Limsa Lominsa,All Saints/Halloween city decor,hw_obj7_h,time_bg_hw_obj7_h,sea_s0_twn01,110608,0x0001B010,110092,0x0001AE0C,-516,other_sgrp,sgrp_bg_lamp1,scheduler_group
18,family_window,15,Limsa Lominsa,All Saints/Halloween city decor,hw_obj7_h,time_bg_hw_obj7_h,sea_s0_twn01,110608,0x0001B010,110146,0x0001AE42,-462,other_isgrp,isgrp_003208,scheduler_group
18,family_window,16,Limsa Lominsa,All Saints/Halloween city decor,hw_obj7_h,time_bg_hw_obj7_h,sea_s0_twn01,110608,0x0001B010,110159,0x0001AE4F,-449,other_isgrp,isgrp_003209,scheduler_group
18,family_window,17,Limsa Lominsa,All Saints/Halloween city decor,hw_obj7_h,time_bg_hw_obj7_h,sea_s0_twn01,110608,0x0001B010,110172,0x0001AE5C,-436,other_isgrp,isgrp_003210,scheduler_group
18,family_window,18,Limsa Lominsa,All Saints/Halloween city decor,hw_obj7_h,time_bg_hw_obj7_h,sea_s0_twn01,110608,0x0001B010,110185,0x0001AE69,-423,other_isgrp,isgrp_003211,scheduler_group
18,family_window,19,Limsa Lominsa,All Saints/Halloween city decor,hw_obj7_h,time_bg_hw_obj7_h,sea_s0_twn01,110608,0x0001B010,110198,0x0001AE76,-410,other_isgrp,isgrp_003212,scheduler_group
18,family_window,20,Limsa Lominsa,All Saints/Halloween city decor,hw_obj7_h,time_bg_hw_obj7_h,sea_s0_twn01,110608,0x0001B010,110211,0x0001AE83,-397,other_isgrp,isgrp_003213,scheduler_group
18,family_window,21,Limsa Lominsa,All Saints/Halloween city decor,hw_obj7_h,time_bg_hw_obj7_h,sea_s0_twn01,110608,0x0001B010,110224,0x0001AE90,-384,other_sgrp,sgrp_bg_lght_z1,scheduler_group
18,family_window,22,Limsa Lominsa,All Saints/Halloween city decor,hw_obj7_h,time_bg_hw_obj7_h,sea_s0_twn01,110608,0x0001B010,110249,0x0001AEA9,-359,other_isgrp,isgrp_003214,scheduler_group
18,family_window,23,Limsa Lominsa,All Saints/Halloween city decor,hw_obj7_h,time_bg_hw_obj7_h,sea_s0_twn01,110608,0x0001B010,110262,0x0001AEB6,-346,other_isgrp,isgrp_003215,scheduler_group
18,family_window,24,Limsa Lominsa,All Saints/Halloween city decor,hw_obj7_h,time_bg_hw_obj7_h,sea_s0_twn01,110608,0x0001B010,110275,0x0001AEC3,-333,other_sgrp,sgrp_bg_hw_obj1_h,scheduler_group
18,family_window,25,Limsa Lominsa,All Saints/Halloween city decor,hw_obj7_h,time_bg_hw_obj7_h,sea_s0_twn01,110608,0x0001B010,110340,0x0001AF04,-268,other_sgrp,sgrp_bg_hw_obj2_h,scheduler_group
18,family_window,26,Limsa Lominsa,All Saints/Halloween city decor,hw_obj7_h,time_bg_hw_obj7_h,sea_s0_twn01,110608,0x0001B010,110405,0x0001AF45,-203,other_sgrp,sgrp_bg_hw_obj3_h,scheduler_group
18,family_window,27,Limsa Lominsa,All Saints/Halloween city decor,hw_obj7_h,time_bg_hw_obj7_h,sea_s0_twn01,110608,0x0001B010,110451,0x0001AF73,-157,other_sgrp,sgrp_bg_hw_obj4_h,scheduler_group
18,family_window,28,Limsa Lominsa,All Saints/Halloween city decor,hw_obj7_h,time_bg_hw_obj7_h,sea_s0_twn01,110608,0x0001B010,110497,0x0001AFA1,-111,other_sgrp,sgrp_bg_hw_obj5_h,scheduler_group
18,family_window,29,Limsa Lominsa,All Saints/Halloween city decor,hw_obj7_h,time_bg_hw_obj7_h,sea_s0_twn01,110608,0x0001B010,110543,0x0001AFCF,-65,other_sgrp,sgrp_bg_hw_obj6_h,scheduler_group
18,family_window,30,Limsa Lominsa,All Saints/Halloween city decor,hw_obj7_h,time_bg_hw_obj7_h,sea_s0_twn01,110608,0x0001B010,110608,0x0001B010,0,matched_group,sgrp_bg_hw_obj7_h,scheduler_group
18,family_window,31,Limsa Lominsa,All Saints/Halloween city decor,hw_obj7_h,time_bg_hw_obj7_h,sea_s0_twn01,110608,0x0001B010,110673,0x0001B051,65,other_sgrp,sgrp_bg_hw_obj8_h,scheduler_group
18,family_window,32,Limsa Lominsa,All Saints/Halloween city decor,hw_obj7_h,time_bg_hw_obj7_h,sea_s0_twn01,110608,0x0001B010,110719,0x0001B07F,111,other_isgrp,isgrp_003225,scheduler_group
18,family_window,33,Limsa Lominsa,All Saints/Halloween city decor,hw_obj7_h,time_bg_hw_obj7_h,sea_s0_twn01,110608,0x0001B010,110732,0x0001B08C,124,other_isgrp,isgrp_003226,scheduler_group
18,family_window,34,Limsa Lominsa,All Saints/Halloween city decor,hw_obj7_h,time_bg_hw_obj7_h,sea_s0_twn01,110608,0x0001B010,110745,0x0001B099,137,other_isgrp,isgrp_003227,scheduler_group
18,family_window,35,Limsa Lominsa,All Saints/Halloween city decor,hw_obj7_h,time_bg_hw_obj7_h,sea_s0_twn01,110608,0x0001B010,110758,0x0001B0A6,150,other_isgrp,isgrp_003228,scheduler_group
18,family_window,36,Limsa Lominsa,All Saints/Halloween city decor,hw_obj7_h,time_bg_hw_obj7_h,sea_s0_twn01,110608,0x0001B010,110771,0x0001B0B3,163,other_isgrp,isgrp_003229,scheduler_group
18,family_window,37,Limsa Lominsa,All Saints/Halloween city decor,hw_obj7_h,time_bg_hw_obj7_h,sea_s0_twn01,110608,0x0001B010,110784,0x0001B0C0,176,other_isgrp,isgrp_003230,scheduler_group
18,family_window,38,Limsa Lominsa,All Saints/Halloween city decor,hw_obj7_h,time_bg_hw_obj7_h,sea_s0_twn01,110608,0x0001B010,110797,0x0001B0CD,189,other_isgrp,isgrp_003231,scheduler_group
18,family_window,39,Limsa Lominsa,All Saints/Halloween city decor,hw_obj7_h,time_bg_hw_obj7_h,sea_s0_twn01,110608,0x0001B010,110810,0x0001B0DA,202,other_isgrp,isgrp_003232,scheduler_group
18,family_window,40,Limsa Lominsa,All Saints/Halloween city decor,hw_obj7_h,time_bg_hw_obj7_h,sea_s0_twn01,110608,0x0001B010,110823,0x0001B0E7,215,other_isgrp,isgrp_003233,scheduler_group
18,family_window,41,Limsa Lominsa,All Saints/Halloween city decor,hw_obj7_h,time_bg_hw_obj7_h,sea_s0_twn01,110608,0x0001B010,110836,0x0001B0F4,228,other_isgrp,isgrp_003234,scheduler_group
18,family_window,42,Limsa Lominsa,All Saints/Halloween city decor,hw_obj7_h,time_bg_hw_obj7_h,sea_s0_twn01,110608,0x0001B010,110849,0x0001B101,241,other_isgrp,isgrp_003235,scheduler_group
18,family_window,43,Limsa Lominsa,All Saints/Halloween city decor,hw_obj7_h,time_bg_hw_obj7_h,sea_s0_twn01,110608,0x0001B010,110862,0x0001B10E,254,other_isgrp,isgrp_003236,scheduler_group
18,family_window,44,Limsa Lominsa,All Saints/Halloween city decor,hw_obj7_h,time_bg_hw_obj7_h,sea_s0_twn01,110608,0x0001B010,110875,0x0001B11B,267,other_isgrp,isgrp_003237,scheduler_group
18,family_window,45,Limsa Lominsa,All Saints/Halloween city decor,hw_obj7_h,time_bg_hw_obj7_h,sea_s0_twn01,110608,0x0001B010,110888,0x0001B128,280,other_isgrp,isgrp_003238,scheduler_group
18,family_window,46,Limsa Lominsa,All Saints/Halloween city decor,hw_obj7_h,time_bg_hw_obj7_h,sea_s0_twn01,110608,0x0001B010,110901,0x0001B135,293,other_isgrp,isgrp_003239,scheduler_group
18,family_window,47,Limsa Lominsa,All Saints/Halloween city decor,hw_obj7_h,time_bg_hw_obj7_h,sea_s0_twn01,110608,0x0001B010,110914,0x0001B142,306,other_isgrp,isgrp_003240,scheduler_group
18,family_window,48,Limsa Lominsa,All Saints/Halloween city decor,hw_obj7_h,time_bg_hw_obj7_h,sea_s0_twn01,110608,0x0001B010,110927,0x0001B14F,319,other_isgrp,isgrp_003241,scheduler_group
18,family_window,49,Limsa Lominsa,All Saints/Halloween city decor,hw_obj7_h,time_bg_hw_obj7_h,sea_s0_twn01,110608,0x0001B010,110940,0x0001B15C,332,other_isgrp,isgrp_003242,scheduler_group
18,family_window,50,Limsa Lominsa,All Saints/Halloween city decor,hw_obj7_h,time_bg_hw_obj7_h,sea_s0_twn01,110608,0x0001B010,110953,0x0001B169,345,other_isgrp,isgrp_003245,scheduler_group
18,family_window,51,Limsa Lominsa,All Saints/Halloween city decor,hw_obj7_h,time_bg_hw_obj7_h,sea_s0_twn01,110608,0x0001B010,110966,0x0001B176,358,other_isgrp,isgrp_003246,scheduler_group
18,family_window,52,Limsa Lominsa,All Saints/Halloween city decor,hw_obj7_h,time_bg_hw_obj7_h,sea_s0_twn01,110608,0x0001B010,110979,0x0001B183,371,other_isgrp,isgrp_003247,scheduler_group
18,family_window,53,Limsa Lominsa,All Saints/Halloween city decor,hw_obj7_h,time_bg_hw_obj7_h,sea_s0_twn01,110608,0x0001B010,110992,0x0001B190,384,other_isgrp,isgrp_003248,scheduler_group
18,family_window,54,Limsa Lominsa,All Saints/Halloween city decor,hw_obj7_h,time_bg_hw_obj7_h,sea_s0_twn01,110608,0x0001B010,111005,0x0001B19D,397,other_isgrp,isgrp_003249,scheduler_group
18,family_window,55,Limsa Lominsa,All Saints/Halloween city decor,hw_obj7_h,time_bg_hw_obj7_h,sea_s0_twn01,110608,0x0001B010,111018,0x0001B1AA,410,other_isgrp,isgrp_003250,scheduler_group
18,family_window,56,Limsa Lominsa,All Saints/Halloween city decor,hw_obj7_h,time_bg_hw_obj7_h,sea_s0_twn01,110608,0x0001B010,111031,0x0001B1B7,423,other_isgrp,isgrp_003251,scheduler_group
18,family_window,57,Limsa Lominsa,All Saints/Halloween city decor,hw_obj7_h,time_bg_hw_obj7_h,sea_s0_twn01,110608,0x0001B010,111044,0x0001B1C4,436,other_isgrp,isgrp_003252,scheduler_group
18,family_window,58,Limsa Lominsa,All Saints/Halloween city decor,hw_obj7_h,time_bg_hw_obj7_h,sea_s0_twn01,110608,0x0001B010,111057,0x0001B1D1,449,other_isgrp,isgrp_003254,scheduler_group
18,family_window,59,Limsa Lominsa,All Saints/Halloween city decor,hw_obj7_h,time_bg_hw_obj7_h,sea_s0_twn01,110608,0x0001B010,111070,0x0001B1DE,462,other_isgrp,isgrp_003255,scheduler_group
18,family_window,60,Limsa Lominsa,All Saints/Halloween city decor,hw_obj7_h,time_bg_hw_obj7_h,sea_s0_twn01,110608,0x0001B010,111083,0x0001B1EB,475,other_isgrp,isgrp_003256,scheduler_group
18,family_window,61,Limsa Lominsa,All Saints/Halloween city decor,hw_obj7_h,time_bg_hw_obj7_h,sea_s0_twn01,110608,0x0001B010,111096,0x0001B1F8,488,other_isgrp,isgrp_003257,scheduler_group
18,family_window,62,Limsa Lominsa,All Saints/Halloween city decor,hw_obj7_h,time_bg_hw_obj7_h,sea_s0_twn01,110608,0x0001B010,111109,0x0001B205,501,other_isgrp,isgrp_003258,scheduler_group
18,family_window,63,Limsa Lominsa,All Saints/Halloween city decor,hw_obj7_h,time_bg_hw_obj7_h,sea_s0_twn01,110608,0x0001B010,111122,0x0001B212,514,other_isgrp,isgrp_003259,scheduler_group
18,family_window,64,Limsa Lominsa,All Saints/Halloween city decor,hw_obj7_h,time_bg_hw_obj7_h,sea_s0_twn01,110608,0x0001B010,111135,0x0001B21F,527,other_isgrp,isgrp_003260,scheduler_group
18,family_window,65,Limsa Lominsa,All Saints/Halloween city decor,hw_obj7_h,time_bg_hw_obj7_h,sea_s0_twn01,110608,0x0001B010,111148,0x0001B22C,540,other_isgrp,isgrp_003261,scheduler_group
18,family_window,66,Limsa Lominsa,All Saints/Halloween city decor,hw_obj7_h,time_bg_hw_obj7_h,sea_s0_twn01,110608,0x0001B010,111161,0x0001B239,553,other_isgrp,isgrp_003263,scheduler_group
18,family_window,67,Limsa Lominsa,All Saints/Halloween city decor,hw_obj7_h,time_bg_hw_obj7_h,sea_s0_twn01,110608,0x0001B010,111174,0x0001B246,566,other_isgrp,isgrp_003264,scheduler_group
18,family_window,68,Limsa Lominsa,All Saints/Halloween city decor,hw_obj7_h,time_bg_hw_obj7_h,sea_s0_twn01,110608,0x0001B010,111187,0x0001B253,579,other_isgrp,isgrp_003265,scheduler_group
18,family_window,69,Limsa Lominsa,All Saints/Halloween city decor,hw_obj7_h,time_bg_hw_obj7_h,sea_s0_twn01,110608,0x0001B010,111200,0x0001B260,592,other_isgrp,isgrp_003267,scheduler_group
18,family_window,70,Limsa Lominsa,All Saints/Halloween city decor,hw_obj7_h,time_bg_hw_obj7_h,sea_s0_twn01,110608,0x0001B010,111213,0x0001B26D,605,other_isgrp,isgrp_003268,scheduler_group
18,family_window,71,Limsa Lominsa,All Saints/Halloween city decor,hw_obj7_h,time_bg_hw_obj7_h,sea_s0_twn01,110608,0x0001B010,111226,0x0001B27A,618,other_isgrp,isgrp_003269,scheduler_group
18,family_window,72,Limsa Lominsa,All Saints/Halloween city decor,hw_obj7_h,time_bg_hw_obj7_h,sea_s0_twn01,110608,0x0001B010,111239,0x0001B287,631,other_isgrp,isgrp_003270,scheduler_group
18,family_window,73,Limsa Lominsa,All Saints/Halloween city decor,hw_obj7_h,time_bg_hw_obj7_h,sea_s0_twn01,110608,0x0001B010,111252,0x0001B294,644,other_isgrp,isgrp_003271,scheduler_group
18,family_window,74,Limsa Lominsa,All Saints/Halloween city decor,hw_obj7_h,time_bg_hw_obj7_h,sea_s0_twn01,110608,0x0001B010,111265,0x0001B2A1,657,other_isgrp,isgrp_003272,scheduler_group
18,family_window,75,Limsa Lominsa,All Saints/Halloween city decor,hw_obj7_h,time_bg_hw_obj7_h,sea_s0_twn01,110608,0x0001B010,111278,0x0001B2AE,670,other_isgrp,isgrp_003273,scheduler_group
18,family_window,76,Limsa Lominsa,All Saints/Halloween city decor,hw_obj7_h,time_bg_hw_obj7_h,sea_s0_twn01,110608,0x0001B010,111291,0x0001B2BB,683,other_isgrp,isgrp_003274,scheduler_group
18,family_window,77,Limsa Lominsa,All Saints/Halloween city decor,hw_obj7_h,time_bg_hw_obj7_h,sea_s0_twn01,110608,0x0001B010,111304,0x0001B2C8,696,other_isgrp,isgrp_003275,scheduler_group
18,family_window,78,Limsa Lominsa,All Saints/Halloween city decor,hw_obj7_h,time_bg_hw_obj7_h,sea_s0_twn01,110608,0x0001B010,111317,0x0001B2D5,709,other_isgrp,isgrp_003276,scheduler_group
18,family_window,79,Limsa Lominsa,All Saints/Halloween city decor,hw_obj7_h,time_bg_hw_obj7_h,sea_s0_twn01,110608,0x0001B010,111330,0x0001B2E2,722,other_isgrp,isgrp_003280,scheduler_group
18,family_window,80,Limsa Lominsa,All Saints/Halloween city decor,hw_obj7_h,time_bg_hw_obj7_h,sea_s0_twn01,110608,0x0001B010,111343,0x0001B2EF,735,other_isgrp,isgrp_003282,scheduler_group
18,family_window,81,Limsa Lominsa,All Saints/Halloween city decor,hw_obj7_h,time_bg_hw_obj7_h,sea_s0_twn01,110608,0x0001B010,111356,0x0001B2FC,748,other_sgrp,sgrp_s0t0_z0_flg4_h,scheduler_group
18,family_window,82,Limsa Lominsa,All Saints/Halloween city decor,hw_obj7_h,time_bg_hw_obj7_h,sea_s0_twn01,110608,0x0001B010,111376,0x0001B310,768,nearby,s0t0_z0_flg4_h_006,flag_or_decor_group
18,owner_window,1,Limsa Lominsa,All Saints/Halloween city decor,hw_obj7_h,time_bg_hw_obj7_h,sea_s0_twn01,100075,0x000186EB,99314,0x000183F2,-761,other_isgrp,isgrp_000143,scheduler_group
18,owner_window,2,Limsa Lominsa,All Saints/Halloween city decor,hw_obj7_h,time_bg_hw_obj7_h,sea_s0_twn01,100075,0x000186EB,99327,0x000183FF,-748,other_isgrp,isgrp_002713/_lght_a1,scheduler_group
18,owner_window,3,Limsa Lominsa,All Saints/Halloween city decor,hw_obj7_h,time_bg_hw_obj7_h,sea_s0_twn01,100075,0x000186EB,99349,0x00018415,-726,other_isgrp,isgrp_002384,scheduler_group
18,owner_window,4,Limsa Lominsa,All Saints/Halloween city decor,hw_obj7_h,time_bg_hw_obj7_h,sea_s0_twn01,100075,0x000186EB,99362,0x00018422,-713,other_isgrp,isgrp_002714/_lght_a1,scheduler_group
18,owner_window,5,Limsa Lominsa,All Saints/Halloween city decor,hw_obj7_h,time_bg_hw_obj7_h,sea_s0_twn01,100075,0x000186EB,99384,0x00018438,-691,other_isgrp,isgrp_002386,scheduler_group
18,owner_window,6,Limsa Lominsa,All Saints/Halloween city decor,hw_obj7_h,time_bg_hw_obj7_h,sea_s0_twn01,100075,0x000186EB,99397,0x00018445,-678,other_isgrp,isgrp_000144,scheduler_group
18,owner_window,7,Limsa Lominsa,All Saints/Halloween city decor,hw_obj7_h,time_bg_hw_obj7_h,sea_s0_twn01,100075,0x000186EB,99423,0x0001845F,-652,other_isgrp,isgrp_002388,scheduler_group
18,owner_window,8,Limsa Lominsa,All Saints/Halloween city decor,hw_obj7_h,time_bg_hw_obj7_h,sea_s0_twn01,100075,0x000186EB,99436,0x0001846C,-639,other_isgrp,isgrp_002727/_lght_a1,scheduler_group
18,owner_window,9,Limsa Lominsa,All Saints/Halloween city decor,hw_obj7_h,time_bg_hw_obj7_h,sea_s0_twn01,100075,0x000186EB,99458,0x00018482,-617,other_isgrp,isgrp_002390,scheduler_group
18,owner_window,10,Limsa Lominsa,All Saints/Halloween city decor,hw_obj7_h,time_bg_hw_obj7_h,sea_s0_twn01,100075,0x000186EB,99471,0x0001848F,-604,other_isgrp,isgrp_000145,scheduler_group
18,owner_window,11,Limsa Lominsa,All Saints/Halloween city decor,hw_obj7_h,time_bg_hw_obj7_h,sea_s0_twn01,100075,0x000186EB,99484,0x0001849C,-591,other_isgrp,isgrp_002726/_lght_a1,scheduler_group
18,owner_window,12,Limsa Lominsa,All Saints/Halloween city decor,hw_obj7_h,time_bg_hw_obj7_h,sea_s0_twn01,100075,0x000186EB,99506,0x000184B2,-569,other_isgrp,isgrp_002392,scheduler_group
18,owner_window,13,Limsa Lominsa,All Saints/Halloween city decor,hw_obj7_h,time_bg_hw_obj7_h,sea_s0_twn01,100075,0x000186EB,99519,0x000184BF,-556,other_isgrp,isgrp_002728/_lght_a1,scheduler_group
18,owner_window,14,Limsa Lominsa,All Saints/Halloween city decor,hw_obj7_h,time_bg_hw_obj7_h,sea_s0_twn01,100075,0x000186EB,99541,0x000184D5,-534,other_isgrp,isgrp_002394,scheduler_group
18,owner_window,15,Limsa Lominsa,All Saints/Halloween city decor,hw_obj7_h,time_bg_hw_obj7_h,sea_s0_twn01,100075,0x000186EB,99554,0x000184E2,-521,other_isgrp,isgrp_000193,scheduler_group
18,owner_window,16,Limsa Lominsa,All Saints/Halloween city decor,hw_obj7_h,time_bg_hw_obj7_h,sea_s0_twn01,100075,0x000186EB,99567,0x000184EF,-508,other_isgrp,isgrp_002743/_lght_a1,scheduler_group
18,owner_window,17,Limsa Lominsa,All Saints/Halloween city decor,hw_obj7_h,time_bg_hw_obj7_h,sea_s0_twn01,100075,0x000186EB,99589,0x00018505,-486,other_isgrp,isgrp_002396,scheduler_group
18,owner_window,18,Limsa Lominsa,All Saints/Halloween city decor,hw_obj7_h,time_bg_hw_obj7_h,sea_s0_twn01,100075,0x000186EB,99602,0x00018512,-473,other_isgrp,isgrp_000192,scheduler_group
18,owner_window,19,Limsa Lominsa,All Saints/Halloween city decor,hw_obj7_h,time_bg_hw_obj7_h,sea_s0_twn01,100075,0x000186EB,99615,0x0001851F,-460,other_isgrp,isgrp_002744/_lght_a1,scheduler_group
18,owner_window,20,Limsa Lominsa,All Saints/Halloween city decor,hw_obj7_h,time_bg_hw_obj7_h,sea_s0_twn01,100075,0x000186EB,99637,0x00018535,-438,other_isgrp,isgrp_002398,scheduler_group
18,owner_window,21,Limsa Lominsa,All Saints/Halloween city decor,hw_obj7_h,time_bg_hw_obj7_h,sea_s0_twn01,100075,0x000186EB,99650,0x00018542,-425,other_isgrp,isgrp_000191,scheduler_group
18,owner_window,22,Limsa Lominsa,All Saints/Halloween city decor,hw_obj7_h,time_bg_hw_obj7_h,sea_s0_twn01,100075,0x000186EB,99663,0x0001854F,-412,other_isgrp,isgrp_002745/_lght_a1,scheduler_group
18,owner_window,23,Limsa Lominsa,All Saints/Halloween city decor,hw_obj7_h,time_bg_hw_obj7_h,sea_s0_twn01,100075,0x000186EB,99685,0x00018565,-390,other_isgrp,isgrp_002400,scheduler_group
18,owner_window,24,Limsa Lominsa,All Saints/Halloween city decor,hw_obj7_h,time_bg_hw_obj7_h,sea_s0_twn01,100075,0x000186EB,99698,0x00018572,-377,other_isgrp,isgrp_000190,scheduler_group
18,owner_window,25,Limsa Lominsa,All Saints/Halloween city decor,hw_obj7_h,time_bg_hw_obj7_h,sea_s0_twn01,100075,0x000186EB,99711,0x0001857F,-364,other_isgrp,isgrp_002742/_lght_a1,scheduler_group
18,owner_window,26,Limsa Lominsa,All Saints/Halloween city decor,hw_obj7_h,time_bg_hw_obj7_h,sea_s0_twn01,100075,0x000186EB,99733,0x00018595,-342,other_isgrp,isgrp_002402,scheduler_group
18,owner_window,27,Limsa Lominsa,All Saints/Halloween city decor,hw_obj7_h,time_bg_hw_obj7_h,sea_s0_twn01,100075,0x000186EB,99746,0x000185A2,-329,other_isgrp,isgrp_000139,scheduler_group
18,owner_window,28,Limsa Lominsa,All Saints/Halloween city decor,hw_obj7_h,time_bg_hw_obj7_h,sea_s0_twn01,100075,0x000186EB,99772,0x000185BC,-303,other_isgrp,isgrp_002746/_lght_a1,scheduler_group
18,owner_window,29,Limsa Lominsa,All Saints/Halloween city decor,hw_obj7_h,time_bg_hw_obj7_h,sea_s0_twn01,100075,0x000186EB,99794,0x000185D2,-281,other_isgrp,isgrp_002404,scheduler_group
18,owner_window,30,Limsa Lominsa,All Saints/Halloween city decor,hw_obj7_h,time_bg_hw_obj7_h,sea_s0_twn01,100075,0x000186EB,99807,0x000185DF,-268,other_isgrp,isgrp_002757/_lght_a1,scheduler_group
18,owner_window,31,Limsa Lominsa,All Saints/Halloween city decor,hw_obj7_h,time_bg_hw_obj7_h,sea_s0_twn01,100075,0x000186EB,99829,0x000185F5,-246,other_isgrp,isgrp_002406,scheduler_group
18,owner_window,32,Limsa Lominsa,All Saints/Halloween city decor,hw_obj7_h,time_bg_hw_obj7_h,sea_s0_twn01,100075,0x000186EB,99842,0x00018602,-233,other_isgrp,isgrp_000140,scheduler_group
18,owner_window,33,Limsa Lominsa,All Saints/Halloween city decor,hw_obj7_h,time_bg_hw_obj7_h,sea_s0_twn01,100075,0x000186EB,99855,0x0001860F,-220,other_isgrp,isgrp_002408,scheduler_group
18,owner_window,34,Limsa Lominsa,All Saints/Halloween city decor,hw_obj7_h,time_bg_hw_obj7_h,sea_s0_twn01,100075,0x000186EB,99868,0x0001861C,-207,other_isgrp,isgrp_000141,scheduler_group
18,owner_window,35,Limsa Lominsa,All Saints/Halloween city decor,hw_obj7_h,time_bg_hw_obj7_h,sea_s0_twn01,100075,0x000186EB,99881,0x00018629,-194,other_isgrp,isgrp_002410,scheduler_group
18,owner_window,36,Limsa Lominsa,All Saints/Halloween city decor,hw_obj7_h,time_bg_hw_obj7_h,sea_s0_twn01,100075,0x000186EB,99894,0x00018636,-181,other_isgrp,isgrp_002412,scheduler_group
18,owner_window,37,Limsa Lominsa,All Saints/Halloween city decor,hw_obj7_h,time_bg_hw_obj7_h,sea_s0_twn01,100075,0x000186EB,99920,0x00018650,-155,other_isgrp,isgrp_002413,scheduler_group
18,owner_window,38,Limsa Lominsa,All Saints/Halloween city decor,hw_obj7_h,time_bg_hw_obj7_h,sea_s0_twn01,100075,0x000186EB,99933,0x0001865D,-142,other_isgrp,isgrp_000197,scheduler_group
18,owner_window,39,Limsa Lominsa,All Saints/Halloween city decor,hw_obj7_h,time_bg_hw_obj7_h,sea_s0_twn01,100075,0x000186EB,99959,0x00018677,-116,other_isgrp,isgrp_002760/_lght_a1,scheduler_group
18,owner_window,40,Limsa Lominsa,All Saints/Halloween city decor,hw_obj7_h,time_bg_hw_obj7_h,sea_s0_twn01,100075,0x000186EB,99981,0x0001868D,-94,other_isgrp,isgrp_002416,scheduler_group
18,owner_window,41,Limsa Lominsa,All Saints/Halloween city decor,hw_obj7_h,time_bg_hw_obj7_h,sea_s0_twn01,100075,0x000186EB,99994,0x0001869A,-81,other_isgrp,isgrp_002418,scheduler_group
18,owner_window,42,Limsa Lominsa,All Saints/Halloween city decor,hw_obj7_h,time_bg_hw_obj7_h,sea_s0_twn01,100075,0x000186EB,100007,0x000186A7,-68,other_isgrp,isgrp_000194,scheduler_group
18,owner_window,43,Limsa Lominsa,All Saints/Halloween city decor,hw_obj7_h,time_bg_hw_obj7_h,sea_s0_twn01,100075,0x000186EB,100033,0x000186C1,-42,other_isgrp,isgrp_002420,scheduler_group
18,owner_window,44,Limsa Lominsa,All Saints/Halloween city decor,hw_obj7_h,time_bg_hw_obj7_h,sea_s0_twn01,100075,0x000186EB,100046,0x000186CE,-29,other_isgrp,isgrp_000195,scheduler_group
18,owner_window,45,Limsa Lominsa,All Saints/Halloween city decor,hw_obj7_h,time_bg_hw_obj7_h,sea_s0_twn01,100075,0x000186EB,100059,0x000186DB,-16,other_sgrp,sgrp_bg_door_b2,scheduler_group
18,owner_window,46,Limsa Lominsa,All Saints/Halloween city decor,hw_obj7_h,time_bg_hw_obj7_h,sea_s0_twn01,100075,0x000186EB,100075,0x000186EB,0,owner_isgrp,isgrp_002422,scheduler_group
18,owner_window,47,Limsa Lominsa,All Saints/Halloween city decor,hw_obj7_h,time_bg_hw_obj7_h,sea_s0_twn01,100075,0x000186EB,100088,0x000186F8,13,other_isgrp,isgrp_000196,scheduler_group
18,owner_window,48,Limsa Lominsa,All Saints/Halloween city decor,hw_obj7_h,time_bg_hw_obj7_h,sea_s0_twn01,100075,0x000186EB,100101,0x00018705,26,other_isgrp,isgrp_002725/_lght_a1,scheduler_group
18,owner_window,49,Limsa Lominsa,All Saints/Halloween city decor,hw_obj7_h,time_bg_hw_obj7_h,sea_s0_twn01,100075,0x000186EB,100123,0x0001871B,48,other_sgrp,sgrp_bg_door_b1_dam,scheduler_group
18,owner_window,50,Limsa Lominsa,All Saints/Halloween city decor,hw_obj7_h,time_bg_hw_obj7_h,sea_s0_twn01,100075,0x000186EB,100185,0x00018759,110,other_sgrp,sgrp_bg_gate_a1,scheduler_group
18,owner_window,51,Limsa Lominsa,All Saints/Halloween city decor,hw_obj7_h,time_bg_hw_obj7_h,sea_s0_twn01,100075,0x000186EB,100215,0x00018777,140,other_sgrp,sgrp_bg_gate_a2,scheduler_group
18,owner_window,52,Limsa Lominsa,All Saints/Halloween city decor,hw_obj7_h,time_bg_hw_obj7_h,sea_s0_twn01,100075,0x000186EB,100237,0x0001878D,162,other_sgrp,sgrp_bg_gate_b1,scheduler_group
18,owner_window,53,Limsa Lominsa,All Saints/Halloween city decor,hw_obj7_h,time_bg_hw_obj7_h,sea_s0_twn01,100075,0x000186EB,100475,0x0001887B,400,other_sgrp,sgrp_bg_gate_c1,scheduler_group
18,owner_window,54,Limsa Lominsa,All Saints/Halloween city decor,hw_obj7_h,time_bg_hw_obj7_h,sea_s0_twn01,100075,0x000186EB,100491,0x0001888B,416,other_isgrp,isgrp_002425,scheduler_group
18,owner_window,55,Limsa Lominsa,All Saints/Halloween city decor,hw_obj7_h,time_bg_hw_obj7_h,sea_s0_twn01,100075,0x000186EB,100504,0x00018898,429,other_isgrp,isgrp_002427,scheduler_group
18,owner_window,56,Limsa Lominsa,All Saints/Halloween city decor,hw_obj7_h,time_bg_hw_obj7_h,sea_s0_twn01,100075,0x000186EB,100517,0x000188A5,442,other_isgrp,isgrp_002429,scheduler_group
18,owner_window,57,Limsa Lominsa,All Saints/Halloween city decor,hw_obj7_h,time_bg_hw_obj7_h,sea_s0_twn01,100075,0x000186EB,100530,0x000188B2,455,other_isgrp,isgrp_002431,scheduler_group
18,owner_window,58,Limsa Lominsa,All Saints/Halloween city decor,hw_obj7_h,time_bg_hw_obj7_h,sea_s0_twn01,100075,0x000186EB,100543,0x000188BF,468,other_isgrp,isgrp_000180,scheduler_group
18,owner_window,59,Limsa Lominsa,All Saints/Halloween city decor,hw_obj7_h,time_bg_hw_obj7_h,sea_s0_twn01,100075,0x000186EB,100556,0x000188CC,481,other_isgrp,isgrp_002433,scheduler_group
18,owner_window,60,Limsa Lominsa,All Saints/Halloween city decor,hw_obj7_h,time_bg_hw_obj7_h,sea_s0_twn01,100075,0x000186EB,100569,0x000188D9,494,other_isgrp,isgrp_000181,scheduler_group
18,owner_window,61,Limsa Lominsa,All Saints/Halloween city decor,hw_obj7_h,time_bg_hw_obj7_h,sea_s0_twn01,100075,0x000186EB,100582,0x000188E6,507,other_sgrp,sgrp_bg_gate_d1,scheduler_group
18,owner_window,62,Limsa Lominsa,All Saints/Halloween city decor,hw_obj7_h,time_bg_hw_obj7_h,sea_s0_twn01,100075,0x000186EB,100623,0x0001890F,548,nearby,vfx_gate201,vfx_or_scene_def
18,owner_window,63,Limsa Lominsa,All Saints/Halloween city decor,hw_obj7_h,time_bg_hw_obj7_h,sea_s0_twn01,100075,0x000186EB,100640,0x00018920,565,nearby,vfx_gate202,vfx_or_scene_def
18,owner_window,64,Limsa Lominsa,All Saints/Halloween city decor,hw_obj7_h,time_bg_hw_obj7_h,sea_s0_twn01,100075,0x000186EB,100652,0x0001892C,577,nearby,vfx_gate203,vfx_or_scene_def
18,owner_window,65,Limsa Lominsa,All Saints/Halloween city decor,hw_obj7_h,time_bg_hw_obj7_h,sea_s0_twn01,100075,0x000186EB,100664,0x00018938,589,other_sgrp,sgrp_bg_gate_e1,scheduler_group
18,owner_window,66,Limsa Lominsa,All Saints/Halloween city decor,hw_obj7_h,time_bg_hw_obj7_h,sea_s0_twn01,100075,0x000186EB,100754,0x00018992,679,nearby,vfx_gate102,vfx_or_scene_def
18,owner_window,67,Limsa Lominsa,All Saints/Halloween city decor,hw_obj7_h,time_bg_hw_obj7_h,sea_s0_twn01,100075,0x000186EB,100766,0x0001899E,691,nearby,vfx_gate101,vfx_or_scene_def
18,owner_window,68,Limsa Lominsa,All Saints/Halloween city decor,hw_obj7_h,time_bg_hw_obj7_h,sea_s0_twn01,100075,0x000186EB,100778,0x000189AA,703,nearby,vfx_gate103,vfx_or_scene_def
18,owner_window,69,Limsa Lominsa,All Saints/Halloween city decor,hw_obj7_h,time_bg_hw_obj7_h,sea_s0_twn01,100075,0x000186EB,100790,0x000189B6,715,other_isgrp,isgrp_002435,scheduler_group
18,owner_window,70,Limsa Lominsa,All Saints/Halloween city decor,hw_obj7_h,time_bg_hw_obj7_h,sea_s0_twn01,100075,0x000186EB,100803,0x000189C3,728,nearby,Bk_isgrp_002172-024,interesting
18,owner_window,71,Limsa Lominsa,All Saints/Halloween city decor,hw_obj7_h,time_bg_hw_obj7_h,sea_s0_twn01,100075,0x000186EB,100823,0x000189D7,748,other_isgrp,isgrp_002437,scheduler_group
18,owner_window,72,Limsa Lominsa,All Saints/Halloween city decor,hw_obj7_h,time_bg_hw_obj7_h,sea_s0_twn01,100075,0x000186EB,100836,0x000189E4,761,other_isgrp,isgrp_002439,scheduler_group
19,family_window,1,Limsa Lominsa,All Saints/Halloween city decor,hw_obj8_h,time_bg_hw_obj8_h,sea_s0_twn01,110673,0x0001B051,109923,0x0001AD63,-750,other_sgrp,sgrp_bg_flg3,scheduler_group
19,family_window,2,Limsa Lominsa,All Saints/Halloween city decor,hw_obj8_h,time_bg_hw_obj8_h,sea_s0_twn01,110673,0x0001B051,109954,0x0001AD82,-719,other_isgrp,isgrp_003201,scheduler_group
19,family_window,3,Limsa Lominsa,All Saints/Halloween city decor,hw_obj8_h,time_bg_hw_obj8_h,sea_s0_twn01,110673,0x0001B051,109967,0x0001AD8F,-706,other_isgrp,isgrp_003202,scheduler_group
19,family_window,4,Limsa Lominsa,All Saints/Halloween city decor,hw_obj8_h,time_bg_hw_obj8_h,sea_s0_twn01,110673,0x0001B051,109980,0x0001AD9C,-693,other_isgrp,isgrp_003203,scheduler_group
19,family_window,5,Limsa Lominsa,All Saints/Halloween city decor,hw_obj8_h,time_bg_hw_obj8_h,sea_s0_twn01,110673,0x0001B051,109993,0x0001ADA9,-680,other_isgrp,isgrp_003204,scheduler_group
19,family_window,6,Limsa Lominsa,All Saints/Halloween city decor,hw_obj8_h,time_bg_hw_obj8_h,sea_s0_twn01,110673,0x0001B051,110006,0x0001ADB6,-667,other_sgrp,sgrp_bg_hdi1,scheduler_group
19,family_window,7,Limsa Lominsa,All Saints/Halloween city decor,hw_obj8_h,time_bg_hw_obj8_h,sea_s0_twn01,110673,0x0001B051,110066,0x0001ADF2,-607,other_isgrp,isgrp_003205,scheduler_group
19,family_window,8,Limsa Lominsa,All Saints/Halloween city decor,hw_obj8_h,time_bg_hw_obj8_h,sea_s0_twn01,110673,0x0001B051,110079,0x0001ADFF,-594,other_isgrp,isgrp_003206,scheduler_group
19,family_window,9,Limsa Lominsa,All Saints/Halloween city decor,hw_obj8_h,time_bg_hw_obj8_h,sea_s0_twn01,110673,0x0001B051,110092,0x0001AE0C,-581,other_sgrp,sgrp_bg_lamp1,scheduler_group
19,family_window,10,Limsa Lominsa,All Saints/Halloween city decor,hw_obj8_h,time_bg_hw_obj8_h,sea_s0_twn01,110673,0x0001B051,110146,0x0001AE42,-527,other_isgrp,isgrp_003208,scheduler_group
19,family_window,11,Limsa Lominsa,All Saints/Halloween city decor,hw_obj8_h,time_bg_hw_obj8_h,sea_s0_twn01,110673,0x0001B051,110159,0x0001AE4F,-514,other_isgrp,isgrp_003209,scheduler_group
19,family_window,12,Limsa Lominsa,All Saints/Halloween city decor,hw_obj8_h,time_bg_hw_obj8_h,sea_s0_twn01,110673,0x0001B051,110172,0x0001AE5C,-501,other_isgrp,isgrp_003210,scheduler_group
19,family_window,13,Limsa Lominsa,All Saints/Halloween city decor,hw_obj8_h,time_bg_hw_obj8_h,sea_s0_twn01,110673,0x0001B051,110185,0x0001AE69,-488,other_isgrp,isgrp_003211,scheduler_group
19,family_window,14,Limsa Lominsa,All Saints/Halloween city decor,hw_obj8_h,time_bg_hw_obj8_h,sea_s0_twn01,110673,0x0001B051,110198,0x0001AE76,-475,other_isgrp,isgrp_003212,scheduler_group
19,family_window,15,Limsa Lominsa,All Saints/Halloween city decor,hw_obj8_h,time_bg_hw_obj8_h,sea_s0_twn01,110673,0x0001B051,110211,0x0001AE83,-462,other_isgrp,isgrp_003213,scheduler_group
19,family_window,16,Limsa Lominsa,All Saints/Halloween city decor,hw_obj8_h,time_bg_hw_obj8_h,sea_s0_twn01,110673,0x0001B051,110224,0x0001AE90,-449,other_sgrp,sgrp_bg_lght_z1,scheduler_group
19,family_window,17,Limsa Lominsa,All Saints/Halloween city decor,hw_obj8_h,time_bg_hw_obj8_h,sea_s0_twn01,110673,0x0001B051,110249,0x0001AEA9,-424,other_isgrp,isgrp_003214,scheduler_group
19,family_window,18,Limsa Lominsa,All Saints/Halloween city decor,hw_obj8_h,time_bg_hw_obj8_h,sea_s0_twn01,110673,0x0001B051,110262,0x0001AEB6,-411,other_isgrp,isgrp_003215,scheduler_group
19,family_window,19,Limsa Lominsa,All Saints/Halloween city decor,hw_obj8_h,time_bg_hw_obj8_h,sea_s0_twn01,110673,0x0001B051,110275,0x0001AEC3,-398,other_sgrp,sgrp_bg_hw_obj1_h,scheduler_group
19,family_window,20,Limsa Lominsa,All Saints/Halloween city decor,hw_obj8_h,time_bg_hw_obj8_h,sea_s0_twn01,110673,0x0001B051,110340,0x0001AF04,-333,other_sgrp,sgrp_bg_hw_obj2_h,scheduler_group
19,family_window,21,Limsa Lominsa,All Saints/Halloween city decor,hw_obj8_h,time_bg_hw_obj8_h,sea_s0_twn01,110673,0x0001B051,110405,0x0001AF45,-268,other_sgrp,sgrp_bg_hw_obj3_h,scheduler_group
19,family_window,22,Limsa Lominsa,All Saints/Halloween city decor,hw_obj8_h,time_bg_hw_obj8_h,sea_s0_twn01,110673,0x0001B051,110451,0x0001AF73,-222,other_sgrp,sgrp_bg_hw_obj4_h,scheduler_group
19,family_window,23,Limsa Lominsa,All Saints/Halloween city decor,hw_obj8_h,time_bg_hw_obj8_h,sea_s0_twn01,110673,0x0001B051,110497,0x0001AFA1,-176,other_sgrp,sgrp_bg_hw_obj5_h,scheduler_group
19,family_window,24,Limsa Lominsa,All Saints/Halloween city decor,hw_obj8_h,time_bg_hw_obj8_h,sea_s0_twn01,110673,0x0001B051,110543,0x0001AFCF,-130,other_sgrp,sgrp_bg_hw_obj6_h,scheduler_group
19,family_window,25,Limsa Lominsa,All Saints/Halloween city decor,hw_obj8_h,time_bg_hw_obj8_h,sea_s0_twn01,110673,0x0001B051,110608,0x0001B010,-65,other_sgrp,sgrp_bg_hw_obj7_h,scheduler_group
19,family_window,26,Limsa Lominsa,All Saints/Halloween city decor,hw_obj8_h,time_bg_hw_obj8_h,sea_s0_twn01,110673,0x0001B051,110673,0x0001B051,0,matched_group,sgrp_bg_hw_obj8_h,scheduler_group
19,family_window,27,Limsa Lominsa,All Saints/Halloween city decor,hw_obj8_h,time_bg_hw_obj8_h,sea_s0_twn01,110673,0x0001B051,110719,0x0001B07F,46,other_isgrp,isgrp_003225,scheduler_group
19,family_window,28,Limsa Lominsa,All Saints/Halloween city decor,hw_obj8_h,time_bg_hw_obj8_h,sea_s0_twn01,110673,0x0001B051,110732,0x0001B08C,59,other_isgrp,isgrp_003226,scheduler_group
19,family_window,29,Limsa Lominsa,All Saints/Halloween city decor,hw_obj8_h,time_bg_hw_obj8_h,sea_s0_twn01,110673,0x0001B051,110745,0x0001B099,72,other_isgrp,isgrp_003227,scheduler_group
19,family_window,30,Limsa Lominsa,All Saints/Halloween city decor,hw_obj8_h,time_bg_hw_obj8_h,sea_s0_twn01,110673,0x0001B051,110758,0x0001B0A6,85,other_isgrp,isgrp_003228,scheduler_group
19,family_window,31,Limsa Lominsa,All Saints/Halloween city decor,hw_obj8_h,time_bg_hw_obj8_h,sea_s0_twn01,110673,0x0001B051,110771,0x0001B0B3,98,other_isgrp,isgrp_003229,scheduler_group
19,family_window,32,Limsa Lominsa,All Saints/Halloween city decor,hw_obj8_h,time_bg_hw_obj8_h,sea_s0_twn01,110673,0x0001B051,110784,0x0001B0C0,111,other_isgrp,isgrp_003230,scheduler_group
19,family_window,33,Limsa Lominsa,All Saints/Halloween city decor,hw_obj8_h,time_bg_hw_obj8_h,sea_s0_twn01,110673,0x0001B051,110797,0x0001B0CD,124,other_isgrp,isgrp_003231,scheduler_group
19,family_window,34,Limsa Lominsa,All Saints/Halloween city decor,hw_obj8_h,time_bg_hw_obj8_h,sea_s0_twn01,110673,0x0001B051,110810,0x0001B0DA,137,other_isgrp,isgrp_003232,scheduler_group
19,family_window,35,Limsa Lominsa,All Saints/Halloween city decor,hw_obj8_h,time_bg_hw_obj8_h,sea_s0_twn01,110673,0x0001B051,110823,0x0001B0E7,150,other_isgrp,isgrp_003233,scheduler_group
19,family_window,36,Limsa Lominsa,All Saints/Halloween city decor,hw_obj8_h,time_bg_hw_obj8_h,sea_s0_twn01,110673,0x0001B051,110836,0x0001B0F4,163,other_isgrp,isgrp_003234,scheduler_group
19,family_window,37,Limsa Lominsa,All Saints/Halloween city decor,hw_obj8_h,time_bg_hw_obj8_h,sea_s0_twn01,110673,0x0001B051,110849,0x0001B101,176,other_isgrp,isgrp_003235,scheduler_group
19,family_window,38,Limsa Lominsa,All Saints/Halloween city decor,hw_obj8_h,time_bg_hw_obj8_h,sea_s0_twn01,110673,0x0001B051,110862,0x0001B10E,189,other_isgrp,isgrp_003236,scheduler_group
19,family_window,39,Limsa Lominsa,All Saints/Halloween city decor,hw_obj8_h,time_bg_hw_obj8_h,sea_s0_twn01,110673,0x0001B051,110875,0x0001B11B,202,other_isgrp,isgrp_003237,scheduler_group
19,family_window,40,Limsa Lominsa,All Saints/Halloween city decor,hw_obj8_h,time_bg_hw_obj8_h,sea_s0_twn01,110673,0x0001B051,110888,0x0001B128,215,other_isgrp,isgrp_003238,scheduler_group
19,family_window,41,Limsa Lominsa,All Saints/Halloween city decor,hw_obj8_h,time_bg_hw_obj8_h,sea_s0_twn01,110673,0x0001B051,110901,0x0001B135,228,other_isgrp,isgrp_003239,scheduler_group
19,family_window,42,Limsa Lominsa,All Saints/Halloween city decor,hw_obj8_h,time_bg_hw_obj8_h,sea_s0_twn01,110673,0x0001B051,110914,0x0001B142,241,other_isgrp,isgrp_003240,scheduler_group
19,family_window,43,Limsa Lominsa,All Saints/Halloween city decor,hw_obj8_h,time_bg_hw_obj8_h,sea_s0_twn01,110673,0x0001B051,110927,0x0001B14F,254,other_isgrp,isgrp_003241,scheduler_group
19,family_window,44,Limsa Lominsa,All Saints/Halloween city decor,hw_obj8_h,time_bg_hw_obj8_h,sea_s0_twn01,110673,0x0001B051,110940,0x0001B15C,267,other_isgrp,isgrp_003242,scheduler_group
19,family_window,45,Limsa Lominsa,All Saints/Halloween city decor,hw_obj8_h,time_bg_hw_obj8_h,sea_s0_twn01,110673,0x0001B051,110953,0x0001B169,280,other_isgrp,isgrp_003245,scheduler_group
19,family_window,46,Limsa Lominsa,All Saints/Halloween city decor,hw_obj8_h,time_bg_hw_obj8_h,sea_s0_twn01,110673,0x0001B051,110966,0x0001B176,293,other_isgrp,isgrp_003246,scheduler_group
19,family_window,47,Limsa Lominsa,All Saints/Halloween city decor,hw_obj8_h,time_bg_hw_obj8_h,sea_s0_twn01,110673,0x0001B051,110979,0x0001B183,306,other_isgrp,isgrp_003247,scheduler_group
19,family_window,48,Limsa Lominsa,All Saints/Halloween city decor,hw_obj8_h,time_bg_hw_obj8_h,sea_s0_twn01,110673,0x0001B051,110992,0x0001B190,319,other_isgrp,isgrp_003248,scheduler_group
19,family_window,49,Limsa Lominsa,All Saints/Halloween city decor,hw_obj8_h,time_bg_hw_obj8_h,sea_s0_twn01,110673,0x0001B051,111005,0x0001B19D,332,other_isgrp,isgrp_003249,scheduler_group
19,family_window,50,Limsa Lominsa,All Saints/Halloween city decor,hw_obj8_h,time_bg_hw_obj8_h,sea_s0_twn01,110673,0x0001B051,111018,0x0001B1AA,345,other_isgrp,isgrp_003250,scheduler_group
19,family_window,51,Limsa Lominsa,All Saints/Halloween city decor,hw_obj8_h,time_bg_hw_obj8_h,sea_s0_twn01,110673,0x0001B051,111031,0x0001B1B7,358,other_isgrp,isgrp_003251,scheduler_group
19,family_window,52,Limsa Lominsa,All Saints/Halloween city decor,hw_obj8_h,time_bg_hw_obj8_h,sea_s0_twn01,110673,0x0001B051,111044,0x0001B1C4,371,other_isgrp,isgrp_003252,scheduler_group
19,family_window,53,Limsa Lominsa,All Saints/Halloween city decor,hw_obj8_h,time_bg_hw_obj8_h,sea_s0_twn01,110673,0x0001B051,111057,0x0001B1D1,384,other_isgrp,isgrp_003254,scheduler_group
19,family_window,54,Limsa Lominsa,All Saints/Halloween city decor,hw_obj8_h,time_bg_hw_obj8_h,sea_s0_twn01,110673,0x0001B051,111070,0x0001B1DE,397,other_isgrp,isgrp_003255,scheduler_group
19,family_window,55,Limsa Lominsa,All Saints/Halloween city decor,hw_obj8_h,time_bg_hw_obj8_h,sea_s0_twn01,110673,0x0001B051,111083,0x0001B1EB,410,other_isgrp,isgrp_003256,scheduler_group
19,family_window,56,Limsa Lominsa,All Saints/Halloween city decor,hw_obj8_h,time_bg_hw_obj8_h,sea_s0_twn01,110673,0x0001B051,111096,0x0001B1F8,423,other_isgrp,isgrp_003257,scheduler_group
19,family_window,57,Limsa Lominsa,All Saints/Halloween city decor,hw_obj8_h,time_bg_hw_obj8_h,sea_s0_twn01,110673,0x0001B051,111109,0x0001B205,436,other_isgrp,isgrp_003258,scheduler_group
19,family_window,58,Limsa Lominsa,All Saints/Halloween city decor,hw_obj8_h,time_bg_hw_obj8_h,sea_s0_twn01,110673,0x0001B051,111122,0x0001B212,449,other_isgrp,isgrp_003259,scheduler_group
19,family_window,59,Limsa Lominsa,All Saints/Halloween city decor,hw_obj8_h,time_bg_hw_obj8_h,sea_s0_twn01,110673,0x0001B051,111135,0x0001B21F,462,other_isgrp,isgrp_003260,scheduler_group
19,family_window,60,Limsa Lominsa,All Saints/Halloween city decor,hw_obj8_h,time_bg_hw_obj8_h,sea_s0_twn01,110673,0x0001B051,111148,0x0001B22C,475,other_isgrp,isgrp_003261,scheduler_group
19,family_window,61,Limsa Lominsa,All Saints/Halloween city decor,hw_obj8_h,time_bg_hw_obj8_h,sea_s0_twn01,110673,0x0001B051,111161,0x0001B239,488,other_isgrp,isgrp_003263,scheduler_group
19,family_window,62,Limsa Lominsa,All Saints/Halloween city decor,hw_obj8_h,time_bg_hw_obj8_h,sea_s0_twn01,110673,0x0001B051,111174,0x0001B246,501,other_isgrp,isgrp_003264,scheduler_group
19,family_window,63,Limsa Lominsa,All Saints/Halloween city decor,hw_obj8_h,time_bg_hw_obj8_h,sea_s0_twn01,110673,0x0001B051,111187,0x0001B253,514,other_isgrp,isgrp_003265,scheduler_group
19,family_window,64,Limsa Lominsa,All Saints/Halloween city decor,hw_obj8_h,time_bg_hw_obj8_h,sea_s0_twn01,110673,0x0001B051,111200,0x0001B260,527,other_isgrp,isgrp_003267,scheduler_group
19,family_window,65,Limsa Lominsa,All Saints/Halloween city decor,hw_obj8_h,time_bg_hw_obj8_h,sea_s0_twn01,110673,0x0001B051,111213,0x0001B26D,540,other_isgrp,isgrp_003268,scheduler_group
19,family_window,66,Limsa Lominsa,All Saints/Halloween city decor,hw_obj8_h,time_bg_hw_obj8_h,sea_s0_twn01,110673,0x0001B051,111226,0x0001B27A,553,other_isgrp,isgrp_003269,scheduler_group
19,family_window,67,Limsa Lominsa,All Saints/Halloween city decor,hw_obj8_h,time_bg_hw_obj8_h,sea_s0_twn01,110673,0x0001B051,111239,0x0001B287,566,other_isgrp,isgrp_003270,scheduler_group
19,family_window,68,Limsa Lominsa,All Saints/Halloween city decor,hw_obj8_h,time_bg_hw_obj8_h,sea_s0_twn01,110673,0x0001B051,111252,0x0001B294,579,other_isgrp,isgrp_003271,scheduler_group
19,family_window,69,Limsa Lominsa,All Saints/Halloween city decor,hw_obj8_h,time_bg_hw_obj8_h,sea_s0_twn01,110673,0x0001B051,111265,0x0001B2A1,592,other_isgrp,isgrp_003272,scheduler_group
19,family_window,70,Limsa Lominsa,All Saints/Halloween city decor,hw_obj8_h,time_bg_hw_obj8_h,sea_s0_twn01,110673,0x0001B051,111278,0x0001B2AE,605,other_isgrp,isgrp_003273,scheduler_group
19,family_window,71,Limsa Lominsa,All Saints/Halloween city decor,hw_obj8_h,time_bg_hw_obj8_h,sea_s0_twn01,110673,0x0001B051,111291,0x0001B2BB,618,other_isgrp,isgrp_003274,scheduler_group
19,family_window,72,Limsa Lominsa,All Saints/Halloween city decor,hw_obj8_h,time_bg_hw_obj8_h,sea_s0_twn01,110673,0x0001B051,111304,0x0001B2C8,631,other_isgrp,isgrp_003275,scheduler_group
19,family_window,73,Limsa Lominsa,All Saints/Halloween city decor,hw_obj8_h,time_bg_hw_obj8_h,sea_s0_twn01,110673,0x0001B051,111317,0x0001B2D5,644,other_isgrp,isgrp_003276,scheduler_group
19,family_window,74,Limsa Lominsa,All Saints/Halloween city decor,hw_obj8_h,time_bg_hw_obj8_h,sea_s0_twn01,110673,0x0001B051,111330,0x0001B2E2,657,other_isgrp,isgrp_003280,scheduler_group
19,family_window,75,Limsa Lominsa,All Saints/Halloween city decor,hw_obj8_h,time_bg_hw_obj8_h,sea_s0_twn01,110673,0x0001B051,111343,0x0001B2EF,670,other_isgrp,isgrp_003282,scheduler_group
19,family_window,76,Limsa Lominsa,All Saints/Halloween city decor,hw_obj8_h,time_bg_hw_obj8_h,sea_s0_twn01,110673,0x0001B051,111356,0x0001B2FC,683,other_sgrp,sgrp_s0t0_z0_flg4_h,scheduler_group
19,family_window,77,Limsa Lominsa,All Saints/Halloween city decor,hw_obj8_h,time_bg_hw_obj8_h,sea_s0_twn01,110673,0x0001B051,111376,0x0001B310,703,nearby,s0t0_z0_flg4_h_006,flag_or_decor_group
19,family_window,78,Limsa Lominsa,All Saints/Halloween city decor,hw_obj8_h,time_bg_hw_obj8_h,sea_s0_twn01,110673,0x0001B051,111395,0x0001B323,722,other_sgrp,sgrp_sekihi_12sin,scheduler_group
19,owner_window,1,Limsa Lominsa,All Saints/Halloween city decor,hw_obj8_h,time_bg_hw_obj8_h,sea_s0_twn01,100075,0x000186EB,99314,0x000183F2,-761,other_isgrp,isgrp_000143,scheduler_group
19,owner_window,2,Limsa Lominsa,All Saints/Halloween city decor,hw_obj8_h,time_bg_hw_obj8_h,sea_s0_twn01,100075,0x000186EB,99327,0x000183FF,-748,other_isgrp,isgrp_002713/_lght_a1,scheduler_group
19,owner_window,3,Limsa Lominsa,All Saints/Halloween city decor,hw_obj8_h,time_bg_hw_obj8_h,sea_s0_twn01,100075,0x000186EB,99349,0x00018415,-726,other_isgrp,isgrp_002384,scheduler_group
19,owner_window,4,Limsa Lominsa,All Saints/Halloween city decor,hw_obj8_h,time_bg_hw_obj8_h,sea_s0_twn01,100075,0x000186EB,99362,0x00018422,-713,other_isgrp,isgrp_002714/_lght_a1,scheduler_group
19,owner_window,5,Limsa Lominsa,All Saints/Halloween city decor,hw_obj8_h,time_bg_hw_obj8_h,sea_s0_twn01,100075,0x000186EB,99384,0x00018438,-691,other_isgrp,isgrp_002386,scheduler_group
19,owner_window,6,Limsa Lominsa,All Saints/Halloween city decor,hw_obj8_h,time_bg_hw_obj8_h,sea_s0_twn01,100075,0x000186EB,99397,0x00018445,-678,other_isgrp,isgrp_000144,scheduler_group
19,owner_window,7,Limsa Lominsa,All Saints/Halloween city decor,hw_obj8_h,time_bg_hw_obj8_h,sea_s0_twn01,100075,0x000186EB,99423,0x0001845F,-652,other_isgrp,isgrp_002388,scheduler_group
19,owner_window,8,Limsa Lominsa,All Saints/Halloween city decor,hw_obj8_h,time_bg_hw_obj8_h,sea_s0_twn01,100075,0x000186EB,99436,0x0001846C,-639,other_isgrp,isgrp_002727/_lght_a1,scheduler_group
19,owner_window,9,Limsa Lominsa,All Saints/Halloween city decor,hw_obj8_h,time_bg_hw_obj8_h,sea_s0_twn01,100075,0x000186EB,99458,0x00018482,-617,other_isgrp,isgrp_002390,scheduler_group
19,owner_window,10,Limsa Lominsa,All Saints/Halloween city decor,hw_obj8_h,time_bg_hw_obj8_h,sea_s0_twn01,100075,0x000186EB,99471,0x0001848F,-604,other_isgrp,isgrp_000145,scheduler_group
19,owner_window,11,Limsa Lominsa,All Saints/Halloween city decor,hw_obj8_h,time_bg_hw_obj8_h,sea_s0_twn01,100075,0x000186EB,99484,0x0001849C,-591,other_isgrp,isgrp_002726/_lght_a1,scheduler_group
19,owner_window,12,Limsa Lominsa,All Saints/Halloween city decor,hw_obj8_h,time_bg_hw_obj8_h,sea_s0_twn01,100075,0x000186EB,99506,0x000184B2,-569,other_isgrp,isgrp_002392,scheduler_group
19,owner_window,13,Limsa Lominsa,All Saints/Halloween city decor,hw_obj8_h,time_bg_hw_obj8_h,sea_s0_twn01,100075,0x000186EB,99519,0x000184BF,-556,other_isgrp,isgrp_002728/_lght_a1,scheduler_group
19,owner_window,14,Limsa Lominsa,All Saints/Halloween city decor,hw_obj8_h,time_bg_hw_obj8_h,sea_s0_twn01,100075,0x000186EB,99541,0x000184D5,-534,other_isgrp,isgrp_002394,scheduler_group
19,owner_window,15,Limsa Lominsa,All Saints/Halloween city decor,hw_obj8_h,time_bg_hw_obj8_h,sea_s0_twn01,100075,0x000186EB,99554,0x000184E2,-521,other_isgrp,isgrp_000193,scheduler_group
19,owner_window,16,Limsa Lominsa,All Saints/Halloween city decor,hw_obj8_h,time_bg_hw_obj8_h,sea_s0_twn01,100075,0x000186EB,99567,0x000184EF,-508,other_isgrp,isgrp_002743/_lght_a1,scheduler_group
19,owner_window,17,Limsa Lominsa,All Saints/Halloween city decor,hw_obj8_h,time_bg_hw_obj8_h,sea_s0_twn01,100075,0x000186EB,99589,0x00018505,-486,other_isgrp,isgrp_002396,scheduler_group
19,owner_window,18,Limsa Lominsa,All Saints/Halloween city decor,hw_obj8_h,time_bg_hw_obj8_h,sea_s0_twn01,100075,0x000186EB,99602,0x00018512,-473,other_isgrp,isgrp_000192,scheduler_group
19,owner_window,19,Limsa Lominsa,All Saints/Halloween city decor,hw_obj8_h,time_bg_hw_obj8_h,sea_s0_twn01,100075,0x000186EB,99615,0x0001851F,-460,other_isgrp,isgrp_002744/_lght_a1,scheduler_group
19,owner_window,20,Limsa Lominsa,All Saints/Halloween city decor,hw_obj8_h,time_bg_hw_obj8_h,sea_s0_twn01,100075,0x000186EB,99637,0x00018535,-438,other_isgrp,isgrp_002398,scheduler_group
19,owner_window,21,Limsa Lominsa,All Saints/Halloween city decor,hw_obj8_h,time_bg_hw_obj8_h,sea_s0_twn01,100075,0x000186EB,99650,0x00018542,-425,other_isgrp,isgrp_000191,scheduler_group
19,owner_window,22,Limsa Lominsa,All Saints/Halloween city decor,hw_obj8_h,time_bg_hw_obj8_h,sea_s0_twn01,100075,0x000186EB,99663,0x0001854F,-412,other_isgrp,isgrp_002745/_lght_a1,scheduler_group
19,owner_window,23,Limsa Lominsa,All Saints/Halloween city decor,hw_obj8_h,time_bg_hw_obj8_h,sea_s0_twn01,100075,0x000186EB,99685,0x00018565,-390,other_isgrp,isgrp_002400,scheduler_group
19,owner_window,24,Limsa Lominsa,All Saints/Halloween city decor,hw_obj8_h,time_bg_hw_obj8_h,sea_s0_twn01,100075,0x000186EB,99698,0x00018572,-377,other_isgrp,isgrp_000190,scheduler_group
19,owner_window,25,Limsa Lominsa,All Saints/Halloween city decor,hw_obj8_h,time_bg_hw_obj8_h,sea_s0_twn01,100075,0x000186EB,99711,0x0001857F,-364,other_isgrp,isgrp_002742/_lght_a1,scheduler_group
19,owner_window,26,Limsa Lominsa,All Saints/Halloween city decor,hw_obj8_h,time_bg_hw_obj8_h,sea_s0_twn01,100075,0x000186EB,99733,0x00018595,-342,other_isgrp,isgrp_002402,scheduler_group
19,owner_window,27,Limsa Lominsa,All Saints/Halloween city decor,hw_obj8_h,time_bg_hw_obj8_h,sea_s0_twn01,100075,0x000186EB,99746,0x000185A2,-329,other_isgrp,isgrp_000139,scheduler_group
19,owner_window,28,Limsa Lominsa,All Saints/Halloween city decor,hw_obj8_h,time_bg_hw_obj8_h,sea_s0_twn01,100075,0x000186EB,99772,0x000185BC,-303,other_isgrp,isgrp_002746/_lght_a1,scheduler_group
19,owner_window,29,Limsa Lominsa,All Saints/Halloween city decor,hw_obj8_h,time_bg_hw_obj8_h,sea_s0_twn01,100075,0x000186EB,99794,0x000185D2,-281,other_isgrp,isgrp_002404,scheduler_group
19,owner_window,30,Limsa Lominsa,All Saints/Halloween city decor,hw_obj8_h,time_bg_hw_obj8_h,sea_s0_twn01,100075,0x000186EB,99807,0x000185DF,-268,other_isgrp,isgrp_002757/_lght_a1,scheduler_group
19,owner_window,31,Limsa Lominsa,All Saints/Halloween city decor,hw_obj8_h,time_bg_hw_obj8_h,sea_s0_twn01,100075,0x000186EB,99829,0x000185F5,-246,other_isgrp,isgrp_002406,scheduler_group
19,owner_window,32,Limsa Lominsa,All Saints/Halloween city decor,hw_obj8_h,time_bg_hw_obj8_h,sea_s0_twn01,100075,0x000186EB,99842,0x00018602,-233,other_isgrp,isgrp_000140,scheduler_group
19,owner_window,33,Limsa Lominsa,All Saints/Halloween city decor,hw_obj8_h,time_bg_hw_obj8_h,sea_s0_twn01,100075,0x000186EB,99855,0x0001860F,-220,other_isgrp,isgrp_002408,scheduler_group
19,owner_window,34,Limsa Lominsa,All Saints/Halloween city decor,hw_obj8_h,time_bg_hw_obj8_h,sea_s0_twn01,100075,0x000186EB,99868,0x0001861C,-207,other_isgrp,isgrp_000141,scheduler_group
19,owner_window,35,Limsa Lominsa,All Saints/Halloween city decor,hw_obj8_h,time_bg_hw_obj8_h,sea_s0_twn01,100075,0x000186EB,99881,0x00018629,-194,other_isgrp,isgrp_002410,scheduler_group
19,owner_window,36,Limsa Lominsa,All Saints/Halloween city decor,hw_obj8_h,time_bg_hw_obj8_h,sea_s0_twn01,100075,0x000186EB,99894,0x00018636,-181,other_isgrp,isgrp_002412,scheduler_group
19,owner_window,37,Limsa Lominsa,All Saints/Halloween city decor,hw_obj8_h,time_bg_hw_obj8_h,sea_s0_twn01,100075,0x000186EB,99920,0x00018650,-155,other_isgrp,isgrp_002413,scheduler_group
19,owner_window,38,Limsa Lominsa,All Saints/Halloween city decor,hw_obj8_h,time_bg_hw_obj8_h,sea_s0_twn01,100075,0x000186EB,99933,0x0001865D,-142,other_isgrp,isgrp_000197,scheduler_group
19,owner_window,39,Limsa Lominsa,All Saints/Halloween city decor,hw_obj8_h,time_bg_hw_obj8_h,sea_s0_twn01,100075,0x000186EB,99959,0x00018677,-116,other_isgrp,isgrp_002760/_lght_a1,scheduler_group
19,owner_window,40,Limsa Lominsa,All Saints/Halloween city decor,hw_obj8_h,time_bg_hw_obj8_h,sea_s0_twn01,100075,0x000186EB,99981,0x0001868D,-94,other_isgrp,isgrp_002416,scheduler_group
19,owner_window,41,Limsa Lominsa,All Saints/Halloween city decor,hw_obj8_h,time_bg_hw_obj8_h,sea_s0_twn01,100075,0x000186EB,99994,0x0001869A,-81,other_isgrp,isgrp_002418,scheduler_group
19,owner_window,42,Limsa Lominsa,All Saints/Halloween city decor,hw_obj8_h,time_bg_hw_obj8_h,sea_s0_twn01,100075,0x000186EB,100007,0x000186A7,-68,other_isgrp,isgrp_000194,scheduler_group
19,owner_window,43,Limsa Lominsa,All Saints/Halloween city decor,hw_obj8_h,time_bg_hw_obj8_h,sea_s0_twn01,100075,0x000186EB,100033,0x000186C1,-42,other_isgrp,isgrp_002420,scheduler_group
19,owner_window,44,Limsa Lominsa,All Saints/Halloween city decor,hw_obj8_h,time_bg_hw_obj8_h,sea_s0_twn01,100075,0x000186EB,100046,0x000186CE,-29,other_isgrp,isgrp_000195,scheduler_group
19,owner_window,45,Limsa Lominsa,All Saints/Halloween city decor,hw_obj8_h,time_bg_hw_obj8_h,sea_s0_twn01,100075,0x000186EB,100059,0x000186DB,-16,other_sgrp,sgrp_bg_door_b2,scheduler_group
19,owner_window,46,Limsa Lominsa,All Saints/Halloween city decor,hw_obj8_h,time_bg_hw_obj8_h,sea_s0_twn01,100075,0x000186EB,100075,0x000186EB,0,owner_isgrp,isgrp_002422,scheduler_group
19,owner_window,47,Limsa Lominsa,All Saints/Halloween city decor,hw_obj8_h,time_bg_hw_obj8_h,sea_s0_twn01,100075,0x000186EB,100088,0x000186F8,13,other_isgrp,isgrp_000196,scheduler_group
19,owner_window,48,Limsa Lominsa,All Saints/Halloween city decor,hw_obj8_h,time_bg_hw_obj8_h,sea_s0_twn01,100075,0x000186EB,100101,0x00018705,26,other_isgrp,isgrp_002725/_lght_a1,scheduler_group
19,owner_window,49,Limsa Lominsa,All Saints/Halloween city decor,hw_obj8_h,time_bg_hw_obj8_h,sea_s0_twn01,100075,0x000186EB,100123,0x0001871B,48,other_sgrp,sgrp_bg_door_b1_dam,scheduler_group
19,owner_window,50,Limsa Lominsa,All Saints/Halloween city decor,hw_obj8_h,time_bg_hw_obj8_h,sea_s0_twn01,100075,0x000186EB,100185,0x00018759,110,other_sgrp,sgrp_bg_gate_a1,scheduler_group
19,owner_window,51,Limsa Lominsa,All Saints/Halloween city decor,hw_obj8_h,time_bg_hw_obj8_h,sea_s0_twn01,100075,0x000186EB,100215,0x00018777,140,other_sgrp,sgrp_bg_gate_a2,scheduler_group
19,owner_window,52,Limsa Lominsa,All Saints/Halloween city decor,hw_obj8_h,time_bg_hw_obj8_h,sea_s0_twn01,100075,0x000186EB,100237,0x0001878D,162,other_sgrp,sgrp_bg_gate_b1,scheduler_group
19,owner_window,53,Limsa Lominsa,All Saints/Halloween city decor,hw_obj8_h,time_bg_hw_obj8_h,sea_s0_twn01,100075,0x000186EB,100475,0x0001887B,400,other_sgrp,sgrp_bg_gate_c1,scheduler_group
19,owner_window,54,Limsa Lominsa,All Saints/Halloween city decor,hw_obj8_h,time_bg_hw_obj8_h,sea_s0_twn01,100075,0x000186EB,100491,0x0001888B,416,other_isgrp,isgrp_002425,scheduler_group
19,owner_window,55,Limsa Lominsa,All Saints/Halloween city decor,hw_obj8_h,time_bg_hw_obj8_h,sea_s0_twn01,100075,0x000186EB,100504,0x00018898,429,other_isgrp,isgrp_002427,scheduler_group
19,owner_window,56,Limsa Lominsa,All Saints/Halloween city decor,hw_obj8_h,time_bg_hw_obj8_h,sea_s0_twn01,100075,0x000186EB,100517,0x000188A5,442,other_isgrp,isgrp_002429,scheduler_group
19,owner_window,57,Limsa Lominsa,All Saints/Halloween city decor,hw_obj8_h,time_bg_hw_obj8_h,sea_s0_twn01,100075,0x000186EB,100530,0x000188B2,455,other_isgrp,isgrp_002431,scheduler_group
19,owner_window,58,Limsa Lominsa,All Saints/Halloween city decor,hw_obj8_h,time_bg_hw_obj8_h,sea_s0_twn01,100075,0x000186EB,100543,0x000188BF,468,other_isgrp,isgrp_000180,scheduler_group
19,owner_window,59,Limsa Lominsa,All Saints/Halloween city decor,hw_obj8_h,time_bg_hw_obj8_h,sea_s0_twn01,100075,0x000186EB,100556,0x000188CC,481,other_isgrp,isgrp_002433,scheduler_group
19,owner_window,60,Limsa Lominsa,All Saints/Halloween city decor,hw_obj8_h,time_bg_hw_obj8_h,sea_s0_twn01,100075,0x000186EB,100569,0x000188D9,494,other_isgrp,isgrp_000181,scheduler_group
19,owner_window,61,Limsa Lominsa,All Saints/Halloween city decor,hw_obj8_h,time_bg_hw_obj8_h,sea_s0_twn01,100075,0x000186EB,100582,0x000188E6,507,other_sgrp,sgrp_bg_gate_d1,scheduler_group
19,owner_window,62,Limsa Lominsa,All Saints/Halloween city decor,hw_obj8_h,time_bg_hw_obj8_h,sea_s0_twn01,100075,0x000186EB,100623,0x0001890F,548,nearby,vfx_gate201,vfx_or_scene_def
19,owner_window,63,Limsa Lominsa,All Saints/Halloween city decor,hw_obj8_h,time_bg_hw_obj8_h,sea_s0_twn01,100075,0x000186EB,100640,0x00018920,565,nearby,vfx_gate202,vfx_or_scene_def
19,owner_window,64,Limsa Lominsa,All Saints/Halloween city decor,hw_obj8_h,time_bg_hw_obj8_h,sea_s0_twn01,100075,0x000186EB,100652,0x0001892C,577,nearby,vfx_gate203,vfx_or_scene_def
19,owner_window,65,Limsa Lominsa,All Saints/Halloween city decor,hw_obj8_h,time_bg_hw_obj8_h,sea_s0_twn01,100075,0x000186EB,100664,0x00018938,589,other_sgrp,sgrp_bg_gate_e1,scheduler_group
19,owner_window,66,Limsa Lominsa,All Saints/Halloween city decor,hw_obj8_h,time_bg_hw_obj8_h,sea_s0_twn01,100075,0x000186EB,100754,0x00018992,679,nearby,vfx_gate102,vfx_or_scene_def
19,owner_window,67,Limsa Lominsa,All Saints/Halloween city decor,hw_obj8_h,time_bg_hw_obj8_h,sea_s0_twn01,100075,0x000186EB,100766,0x0001899E,691,nearby,vfx_gate101,vfx_or_scene_def
19,owner_window,68,Limsa Lominsa,All Saints/Halloween city decor,hw_obj8_h,time_bg_hw_obj8_h,sea_s0_twn01,100075,0x000186EB,100778,0x000189AA,703,nearby,vfx_gate103,vfx_or_scene_def
19,owner_window,69,Limsa Lominsa,All Saints/Halloween city decor,hw_obj8_h,time_bg_hw_obj8_h,sea_s0_twn01,100075,0x000186EB,100790,0x000189B6,715,other_isgrp,isgrp_002435,scheduler_group
19,owner_window,70,Limsa Lominsa,All Saints/Halloween city decor,hw_obj8_h,time_bg_hw_obj8_h,sea_s0_twn01,100075,0x000186EB,100803,0x000189C3,728,nearby,Bk_isgrp_002172-024,interesting
19,owner_window,71,Limsa Lominsa,All Saints/Halloween city decor,hw_obj8_h,time_bg_hw_obj8_h,sea_s0_twn01,100075,0x000186EB,100823,0x000189D7,748,other_isgrp,isgrp_002437,scheduler_group
19,owner_window,72,Limsa Lominsa,All Saints/Halloween city decor,hw_obj8_h,time_bg_hw_obj8_h,sea_s0_twn01,100075,0x000186EB,100836,0x000189E4,761,other_isgrp,isgrp_002439,scheduler_group
20,family_window,1,Ul'dah,All Saints/Halloween city decor,hw0,time_bg_hw0,wil_w0_twn01,97885,0x00017E5D,97183,0x00017B9F,-702,other_isgrp,isgrp_004287,scheduler_group
20,family_window,2,Ul'dah,All Saints/Halloween city decor,hw0,time_bg_hw0,wil_w0_twn01,97885,0x00017E5D,97196,0x00017BAC,-689,owner_isgrp,isgrp_004289,scheduler_group
20,family_window,3,Ul'dah,All Saints/Halloween city decor,hw0,time_bg_hw0,wil_w0_twn01,97885,0x00017E5D,97209,0x00017BB9,-676,other_sgrp,sgrp_0569,scheduler_group
20,family_window,4,Ul'dah,All Saints/Halloween city decor,hw0,time_bg_hw0,wil_w0_twn01,97885,0x00017E5D,97264,0x00017BF0,-621,other_isgrp,isgrp_004296,scheduler_group
20,family_window,5,Ul'dah,All Saints/Halloween city decor,hw0,time_bg_hw0,wil_w0_twn01,97885,0x00017E5D,97277,0x00017BFD,-608,nearby,Bk_isgrp_000621-013,interesting
20,family_window,6,Ul'dah,All Saints/Halloween city decor,hw0,time_bg_hw0,wil_w0_twn01,97885,0x00017E5D,97297,0x00017C11,-588,other_isgrp,isgrp_004300,scheduler_group
20,family_window,7,Ul'dah,All Saints/Halloween city decor,hw0,time_bg_hw0,wil_w0_twn01,97885,0x00017E5D,97310,0x00017C1E,-575,other_isgrp,isgrp_004308,scheduler_group
20,family_window,8,Ul'dah,All Saints/Halloween city decor,hw0,time_bg_hw0,wil_w0_twn01,97885,0x00017E5D,97323,0x00017C2B,-562,other_sgrp,sgrp_tutrl02,scheduler_group
20,family_window,9,Ul'dah,All Saints/Halloween city decor,hw0,time_bg_hw0,wil_w0_twn01,97885,0x00017E5D,97345,0x00017C41,-540,other_isgrp,isgrp_004311,scheduler_group
20,family_window,10,Ul'dah,All Saints/Halloween city decor,hw0,time_bg_hw0,wil_w0_twn01,97885,0x00017E5D,97358,0x00017C4E,-527,other_isgrp,isgrp_004312,scheduler_group
20,family_window,11,Ul'dah,All Saints/Halloween city decor,hw0,time_bg_hw0,wil_w0_twn01,97885,0x00017E5D,97371,0x00017C5B,-514,other_isgrp,isgrp_004313,scheduler_group
20,family_window,12,Ul'dah,All Saints/Halloween city decor,hw0,time_bg_hw0,wil_w0_twn01,97885,0x00017E5D,97384,0x00017C68,-501,other_sgrp,sgrp_w0t0_h0_hlw1s_h,scheduler_group
20,family_window,13,Ul'dah,All Saints/Halloween city decor,hw0,time_bg_hw0,wil_w0_twn01,97885,0x00017E5D,97405,0x00017C7D,-480,nearby,w0t0_h0_hlw1s_h_001,interesting
20,family_window,14,Ul'dah,All Saints/Halloween city decor,hw0,time_bg_hw0,wil_w0_twn01,97885,0x00017E5D,97425,0x00017C91,-460,other_sgrp,sgrp_w0t0_h0_hlw2m_h,scheduler_group
20,family_window,15,Ul'dah,All Saints/Halloween city decor,hw0,time_bg_hw0,wil_w0_twn01,97885,0x00017E5D,97446,0x00017CA6,-439,nearby,w0t0_h0_hlw2m_h_001,interesting
20,family_window,16,Ul'dah,All Saints/Halloween city decor,hw0,time_bg_hw0,wil_w0_twn01,97885,0x00017E5D,97466,0x00017CBA,-419,other_sgrp,sgrp_w0t0_h0_hlw3l_h,scheduler_group
20,family_window,17,Ul'dah,All Saints/Halloween city decor,hw0,time_bg_hw0,wil_w0_twn01,97885,0x00017E5D,97487,0x00017CCF,-398,nearby,w0t0_h0_hlw3l_h_001,interesting
20,family_window,18,Ul'dah,All Saints/Halloween city decor,hw0,time_bg_hw0,wil_w0_twn01,97885,0x00017E5D,97507,0x00017CE3,-378,other_sgrp,sgrp_w0t0_h0_hlw4l_h,scheduler_group
20,family_window,19,Ul'dah,All Saints/Halloween city decor,hw0,time_bg_hw0,wil_w0_twn01,97885,0x00017E5D,97528,0x00017CF8,-357,nearby,w0t0_h0_hlw4l_h_001,interesting
20,family_window,20,Ul'dah,All Saints/Halloween city decor,hw0,time_bg_hw0,wil_w0_twn01,97885,0x00017E5D,97548,0x00017D0C,-337,other_sgrp,sgrp_w0t0_h0_hlw5bg_h,scheduler_group
20,family_window,21,Ul'dah,All Saints/Halloween city decor,hw0,time_bg_hw0,wil_w0_twn01,97885,0x00017E5D,97570,0x00017D22,-315,nearby,w0t0_h0_hlw5bg_h_001,interesting
20,family_window,22,Ul'dah,All Saints/Halloween city decor,hw0,time_bg_hw0,wil_w0_twn01,97885,0x00017E5D,97591,0x00017D37,-294,other_sgrp,sgrp_w0t0_h0_hlw6k_h,scheduler_group
20,family_window,23,Ul'dah,All Saints/Halloween city decor,hw0,time_bg_hw0,wil_w0_twn01,97885,0x00017E5D,97612,0x00017D4C,-273,nearby,w0t0_h0_hlw6k_h_001,interesting
20,family_window,24,Ul'dah,All Saints/Halloween city decor,hw0,time_bg_hw0,wil_w0_twn01,97885,0x00017E5D,97632,0x00017D60,-253,other_sgrp,sgrp_w0t0_h0_hlw7t_h,scheduler_group
20,family_window,25,Ul'dah,All Saints/Halloween city decor,hw0,time_bg_hw0,wil_w0_twn01,97885,0x00017E5D,97653,0x00017D75,-232,nearby,w0t0_h0_hlw7t_h_001,interesting
20,family_window,26,Ul'dah,All Saints/Halloween city decor,hw0,time_bg_hw0,wil_w0_twn01,97885,0x00017E5D,97673,0x00017D89,-212,other_sgrp,sgrp_w0t0_h0_hlw8_sp,scheduler_group
20,family_window,27,Ul'dah,All Saints/Halloween city decor,hw0,time_bg_hw0,wil_w0_twn01,97885,0x00017E5D,97694,0x00017D9E,-191,nearby,w0t0_h0_hlw8_sp_001,interesting
20,family_window,28,Ul'dah,All Saints/Halloween city decor,hw0,time_bg_hw0,wil_w0_twn01,97885,0x00017E5D,97714,0x00017DB2,-171,other_sgrp,sgrp_w0t0_h0_hlw9_sp,scheduler_group
20,family_window,29,Ul'dah,All Saints/Halloween city decor,hw0,time_bg_hw0,wil_w0_twn01,97885,0x00017E5D,97735,0x00017DC7,-150,nearby,w0t0_h0_hlw9_sp_001,interesting
20,family_window,30,Ul'dah,All Saints/Halloween city decor,hw0,time_bg_hw0,wil_w0_twn01,97885,0x00017E5D,97755,0x00017DDB,-130,other_isgrp,isgrp_004315,scheduler_group
20,family_window,31,Ul'dah,All Saints/Halloween city decor,hw0,time_bg_hw0,wil_w0_twn01,97885,0x00017E5D,97768,0x00017DE8,-117,other_isgrp,isgrp_004316,scheduler_group
20,family_window,32,Ul'dah,All Saints/Halloween city decor,hw0,time_bg_hw0,wil_w0_twn01,97885,0x00017E5D,97781,0x00017DF5,-104,other_isgrp,isgrp_004317,scheduler_group
20,family_window,33,Ul'dah,All Saints/Halloween city decor,hw0,time_bg_hw0,wil_w0_twn01,97885,0x00017E5D,97794,0x00017E02,-91,other_isgrp,isgrp_004318,scheduler_group
20,family_window,34,Ul'dah,All Saints/Halloween city decor,hw0,time_bg_hw0,wil_w0_twn01,97885,0x00017E5D,97807,0x00017E0F,-78,other_isgrp,isgrp_004320,scheduler_group
20,family_window,35,Ul'dah,All Saints/Halloween city decor,hw0,time_bg_hw0,wil_w0_twn01,97885,0x00017E5D,97820,0x00017E1C,-65,other_isgrp,isgrp_004321,scheduler_group
20,family_window,36,Ul'dah,All Saints/Halloween city decor,hw0,time_bg_hw0,wil_w0_twn01,97885,0x00017E5D,97833,0x00017E29,-52,other_isgrp,isgrp_004322,scheduler_group
20,family_window,37,Ul'dah,All Saints/Halloween city decor,hw0,time_bg_hw0,wil_w0_twn01,97885,0x00017E5D,97846,0x00017E36,-39,other_isgrp,isgrp_004324,scheduler_group
20,family_window,38,Ul'dah,All Saints/Halloween city decor,hw0,time_bg_hw0,wil_w0_twn01,97885,0x00017E5D,97859,0x00017E43,-26,other_isgrp,isgrp_004325,scheduler_group
20,family_window,39,Ul'dah,All Saints/Halloween city decor,hw0,time_bg_hw0,wil_w0_twn01,97885,0x00017E5D,97872,0x00017E50,-13,other_isgrp,isgrp_004326,scheduler_group
20,family_window,40,Ul'dah,All Saints/Halloween city decor,hw0,time_bg_hw0,wil_w0_twn01,97885,0x00017E5D,97885,0x00017E5D,0,matched_group,sgrp_w0t0_h0_hlw0p_h,scheduler_group
20,family_window,41,Ul'dah,All Saints/Halloween city decor,hw0,time_bg_hw0,wil_w0_twn01,97885,0x00017E5D,97906,0x00017E72,21,center_neighbor,w0t0_h0_hlw0p_h_001,interesting
20,family_window,42,Ul'dah,All Saints/Halloween city decor,hw0,time_bg_hw0,wil_w0_twn01,97885,0x00017E5D,97926,0x00017E86,41,other_isgrp,isgrp_004328,scheduler_group
20,family_window,43,Ul'dah,All Saints/Halloween city decor,hw0,time_bg_hw0,wil_w0_twn01,97885,0x00017E5D,97939,0x00017E93,54,other_isgrp,isgrp_004329,scheduler_group
20,family_window,44,Ul'dah,All Saints/Halloween city decor,hw0,time_bg_hw0,wil_w0_twn01,97885,0x00017E5D,97952,0x00017EA0,67,other_isgrp,isgrp_004330,scheduler_group
20,family_window,45,Ul'dah,All Saints/Halloween city decor,hw0,time_bg_hw0,wil_w0_twn01,97885,0x00017E5D,97965,0x00017EAD,80,other_isgrp,isgrp_004331,scheduler_group
20,family_window,46,Ul'dah,All Saints/Halloween city decor,hw0,time_bg_hw0,wil_w0_twn01,97885,0x00017E5D,97978,0x00017EBA,93,other_isgrp,isgrp_004332,scheduler_group
20,family_window,47,Ul'dah,All Saints/Halloween city decor,hw0,time_bg_hw0,wil_w0_twn01,97885,0x00017E5D,97991,0x00017EC7,106,other_isgrp,isgrp_004333,scheduler_group
20,family_window,48,Ul'dah,All Saints/Halloween city decor,hw0,time_bg_hw0,wil_w0_twn01,97885,0x00017E5D,98004,0x00017ED4,119,other_isgrp,isgrp_004334,scheduler_group
20,family_window,49,Ul'dah,All Saints/Halloween city decor,hw0,time_bg_hw0,wil_w0_twn01,97885,0x00017E5D,98017,0x00017EE1,132,other_isgrp,isgrp_004335,scheduler_group
20,family_window,50,Ul'dah,All Saints/Halloween city decor,hw0,time_bg_hw0,wil_w0_twn01,97885,0x00017E5D,98030,0x00017EEE,145,other_isgrp,isgrp_004336,scheduler_group
20,family_window,51,Ul'dah,All Saints/Halloween city decor,hw0,time_bg_hw0,wil_w0_twn01,97885,0x00017E5D,98043,0x00017EFB,158,other_isgrp,isgrp_004337,scheduler_group
20,family_window,52,Ul'dah,All Saints/Halloween city decor,hw0,time_bg_hw0,wil_w0_twn01,97885,0x00017E5D,98056,0x00017F08,171,other_isgrp,isgrp_004338,scheduler_group
20,family_window,53,Ul'dah,All Saints/Halloween city decor,hw0,time_bg_hw0,wil_w0_twn01,97885,0x00017E5D,98069,0x00017F15,184,other_isgrp,isgrp_004339,scheduler_group
20,family_window,54,Ul'dah,All Saints/Halloween city decor,hw0,time_bg_hw0,wil_w0_twn01,97885,0x00017E5D,98082,0x00017F22,197,other_isgrp,isgrp_004340,scheduler_group
20,family_window,55,Ul'dah,All Saints/Halloween city decor,hw0,time_bg_hw0,wil_w0_twn01,97885,0x00017E5D,98095,0x00017F2F,210,other_isgrp,isgrp_004341,scheduler_group
20,family_window,56,Ul'dah,All Saints/Halloween city decor,hw0,time_bg_hw0,wil_w0_twn01,97885,0x00017E5D,98108,0x00017F3C,223,other_isgrp,isgrp_004342,scheduler_group
20,family_window,57,Ul'dah,All Saints/Halloween city decor,hw0,time_bg_hw0,wil_w0_twn01,97885,0x00017E5D,98121,0x00017F49,236,other_isgrp,isgrp_004345,scheduler_group
20,family_window,58,Ul'dah,All Saints/Halloween city decor,hw0,time_bg_hw0,wil_w0_twn01,97885,0x00017E5D,98134,0x00017F56,249,other_isgrp,isgrp_004346,scheduler_group
20,family_window,59,Ul'dah,All Saints/Halloween city decor,hw0,time_bg_hw0,wil_w0_twn01,97885,0x00017E5D,98147,0x00017F63,262,other_isgrp,isgrp_004347,scheduler_group
20,family_window,60,Ul'dah,All Saints/Halloween city decor,hw0,time_bg_hw0,wil_w0_twn01,97885,0x00017E5D,98160,0x00017F70,275,other_isgrp,isgrp_004348,scheduler_group
20,family_window,61,Ul'dah,All Saints/Halloween city decor,hw0,time_bg_hw0,wil_w0_twn01,97885,0x00017E5D,98173,0x00017F7D,288,other_isgrp,isgrp_004349,scheduler_group
20,family_window,62,Ul'dah,All Saints/Halloween city decor,hw0,time_bg_hw0,wil_w0_twn01,97885,0x00017E5D,98186,0x00017F8A,301,other_isgrp,isgrp_004350,scheduler_group
20,family_window,63,Ul'dah,All Saints/Halloween city decor,hw0,time_bg_hw0,wil_w0_twn01,97885,0x00017E5D,98199,0x00017F97,314,other_isgrp,isgrp_004351,scheduler_group
20,family_window,64,Ul'dah,All Saints/Halloween city decor,hw0,time_bg_hw0,wil_w0_twn01,97885,0x00017E5D,98212,0x00017FA4,327,other_isgrp,isgrp_004353,scheduler_group
20,family_window,65,Ul'dah,All Saints/Halloween city decor,hw0,time_bg_hw0,wil_w0_twn01,97885,0x00017E5D,98225,0x00017FB1,340,other_isgrp,isgrp_004354,scheduler_group
20,family_window,66,Ul'dah,All Saints/Halloween city decor,hw0,time_bg_hw0,wil_w0_twn01,97885,0x00017E5D,98238,0x00017FBE,353,other_isgrp,isgrp_004355,scheduler_group
20,family_window,67,Ul'dah,All Saints/Halloween city decor,hw0,time_bg_hw0,wil_w0_twn01,97885,0x00017E5D,98251,0x00017FCB,366,other_isgrp,isgrp_004356,scheduler_group
20,family_window,68,Ul'dah,All Saints/Halloween city decor,hw0,time_bg_hw0,wil_w0_twn01,97885,0x00017E5D,98264,0x00017FD8,379,other_isgrp,isgrp_004357,scheduler_group
20,family_window,69,Ul'dah,All Saints/Halloween city decor,hw0,time_bg_hw0,wil_w0_twn01,97885,0x00017E5D,98277,0x00017FE5,392,other_isgrp,isgrp_004358,scheduler_group
20,family_window,70,Ul'dah,All Saints/Halloween city decor,hw0,time_bg_hw0,wil_w0_twn01,97885,0x00017E5D,98290,0x00017FF2,405,other_isgrp,isgrp_004359,scheduler_group
20,family_window,71,Ul'dah,All Saints/Halloween city decor,hw0,time_bg_hw0,wil_w0_twn01,97885,0x00017E5D,98303,0x00017FFF,418,other_sgrp,sgrp_new_yadoya,scheduler_group
20,owner_window,1,Ul'dah,All Saints/Halloween city decor,hw0,time_bg_hw0,wil_w0_twn01,97196,0x00017BAC,96428,0x000178AC,-768,other_sgrp,sgrp_0566,scheduler_group
20,owner_window,2,Ul'dah,All Saints/Halloween city decor,hw0,time_bg_hw0,wil_w0_twn01,97196,0x00017BAC,96457,0x000178C9,-739,other_isgrp,isgrp_004271,scheduler_group
20,owner_window,3,Ul'dah,All Saints/Halloween city decor,hw0,time_bg_hw0,wil_w0_twn01,97196,0x00017BAC,96470,0x000178D6,-726,other_isgrp,isgrp_004272,scheduler_group
20,owner_window,4,Ul'dah,All Saints/Halloween city decor,hw0,time_bg_hw0,wil_w0_twn01,97196,0x00017BAC,96483,0x000178E3,-713,other_isgrp,isgrp_004273,scheduler_group
20,owner_window,5,Ul'dah,All Saints/Halloween city decor,hw0,time_bg_hw0,wil_w0_twn01,97196,0x00017BAC,96496,0x000178F0,-700,other_isgrp,isgrp_004274,scheduler_group
20,owner_window,6,Ul'dah,All Saints/Halloween city decor,hw0,time_bg_hw0,wil_w0_twn01,97196,0x00017BAC,96509,0x000178FD,-687,other_sgrp,sgrp_bg_flag1,scheduler_group
20,owner_window,7,Ul'dah,All Saints/Halloween city decor,hw0,time_bg_hw0,wil_w0_twn01,97196,0x00017BAC,96523,0x0001790B,-673,nearby,grp_flag1,flag_or_decor_group
20,owner_window,8,Ul'dah,All Saints/Halloween city decor,hw0,time_bg_hw0,wil_w0_twn01,97196,0x00017BAC,96609,0x00017961,-587,nearby,w0t0_g0_flg3s_h_1_007,flag_or_decor_group
20,owner_window,9,Ul'dah,All Saints/Halloween city decor,hw0,time_bg_hw0,wil_w0_twn01,97196,0x00017BAC,96631,0x00017977,-565,nearby,w0t0_g0_flg3s_h_1_008,flag_or_decor_group
20,owner_window,10,Ul'dah,All Saints/Halloween city decor,hw0,time_bg_hw0,wil_w0_twn01,97196,0x00017BAC,96653,0x0001798D,-543,nearby,w0t0_g0_flg3s_h_1_009,flag_or_decor_group
20,owner_window,11,Ul'dah,All Saints/Halloween city decor,hw0,time_bg_hw0,wil_w0_twn01,97196,0x00017BAC,96675,0x000179A3,-521,nearby,w0t0_g0_flg3s_h_1_010,flag_or_decor_group
20,owner_window,12,Ul'dah,All Saints/Halloween city decor,hw0,time_bg_hw0,wil_w0_twn01,97196,0x00017BAC,96781,0x00017A0D,-415,nearby,vfx_lamp01c_018_1,vfx_or_scene_def
20,owner_window,13,Ul'dah,All Saints/Halloween city decor,hw0,time_bg_hw0,wil_w0_twn01,97196,0x00017BAC,96799,0x00017A1F,-397,nearby,vfx_lamp01c_018_2,vfx_or_scene_def
20,owner_window,14,Ul'dah,All Saints/Halloween city decor,hw0,time_bg_hw0,wil_w0_twn01,97196,0x00017BAC,96817,0x00017A31,-379,nearby,vfx_lamp01c_018_3,vfx_or_scene_def
20,owner_window,15,Ul'dah,All Saints/Halloween city decor,hw0,time_bg_hw0,wil_w0_twn01,97196,0x00017BAC,96835,0x00017A43,-361,nearby,vfx_lamp01c_018_4,vfx_or_scene_def
20,owner_window,16,Ul'dah,All Saints/Halloween city decor,hw0,time_bg_hw0,wil_w0_twn01,97196,0x00017BAC,96920,0x00017A98,-276,other_isgrp,isgrp_004275,scheduler_group
20,owner_window,17,Ul'dah,All Saints/Halloween city decor,hw0,time_bg_hw0,wil_w0_twn01,97196,0x00017BAC,96933,0x00017AA5,-263,other_isgrp,isgrp_004277,scheduler_group
20,owner_window,18,Ul'dah,All Saints/Halloween city decor,hw0,time_bg_hw0,wil_w0_twn01,97196,0x00017BAC,96946,0x00017AB2,-250,other_isgrp,isgrp_004279,scheduler_group
20,owner_window,19,Ul'dah,All Saints/Halloween city decor,hw0,time_bg_hw0,wil_w0_twn01,97196,0x00017BAC,96959,0x00017ABF,-237,nearby,Bk_isgrp_000745-012,interesting
20,owner_window,20,Ul'dah,All Saints/Halloween city decor,hw0,time_bg_hw0,wil_w0_twn01,97196,0x00017BAC,96979,0x00017AD3,-217,other_isgrp,isgrp_004280,scheduler_group
20,owner_window,21,Ul'dah,All Saints/Halloween city decor,hw0,time_bg_hw0,wil_w0_twn01,97196,0x00017BAC,96992,0x00017AE0,-204,other_isgrp,isgrp_004281,scheduler_group
20,owner_window,22,Ul'dah,All Saints/Halloween city decor,hw0,time_bg_hw0,wil_w0_twn01,97196,0x00017BAC,97005,0x00017AED,-191,nearby,Bk_isgrp_000745-013,interesting
20,owner_window,23,Ul'dah,All Saints/Halloween city decor,hw0,time_bg_hw0,wil_w0_twn01,97196,0x00017BAC,97025,0x00017B01,-171,other_isgrp,isgrp_004282,scheduler_group
20,owner_window,24,Ul'dah,All Saints/Halloween city decor,hw0,time_bg_hw0,wil_w0_twn01,97196,0x00017BAC,97038,0x00017B0E,-158,other_isgrp,isgrp_004283,scheduler_group
20,owner_window,25,Ul'dah,All Saints/Halloween city decor,hw0,time_bg_hw0,wil_w0_twn01,97196,0x00017BAC,97051,0x00017B1B,-145,other_sgrp,sgrp_tutrl01,scheduler_group
20,owner_window,26,Ul'dah,All Saints/Halloween city decor,hw0,time_bg_hw0,wil_w0_twn01,97196,0x00017BAC,97183,0x00017B9F,-13,other_isgrp,isgrp_004287,scheduler_group
20,owner_window,27,Ul'dah,All Saints/Halloween city decor,hw0,time_bg_hw0,wil_w0_twn01,97196,0x00017BAC,97196,0x00017BAC,0,owner_isgrp,isgrp_004289,scheduler_group
20,owner_window,28,Ul'dah,All Saints/Halloween city decor,hw0,time_bg_hw0,wil_w0_twn01,97196,0x00017BAC,97209,0x00017BB9,13,other_sgrp,sgrp_0569,scheduler_group
20,owner_window,29,Ul'dah,All Saints/Halloween city decor,hw0,time_bg_hw0,wil_w0_twn01,97196,0x00017BAC,97264,0x00017BF0,68,other_isgrp,isgrp_004296,scheduler_group
20,owner_window,30,Ul'dah,All Saints/Halloween city decor,hw0,time_bg_hw0,wil_w0_twn01,97196,0x00017BAC,97277,0x00017BFD,81,nearby,Bk_isgrp_000621-013,interesting
20,owner_window,31,Ul'dah,All Saints/Halloween city decor,hw0,time_bg_hw0,wil_w0_twn01,97196,0x00017BAC,97297,0x00017C11,101,other_isgrp,isgrp_004300,scheduler_group
20,owner_window,32,Ul'dah,All Saints/Halloween city decor,hw0,time_bg_hw0,wil_w0_twn01,97196,0x00017BAC,97310,0x00017C1E,114,other_isgrp,isgrp_004308,scheduler_group
20,owner_window,33,Ul'dah,All Saints/Halloween city decor,hw0,time_bg_hw0,wil_w0_twn01,97196,0x00017BAC,97323,0x00017C2B,127,other_sgrp,sgrp_tutrl02,scheduler_group
20,owner_window,34,Ul'dah,All Saints/Halloween city decor,hw0,time_bg_hw0,wil_w0_twn01,97196,0x00017BAC,97345,0x00017C41,149,other_isgrp,isgrp_004311,scheduler_group
20,owner_window,35,Ul'dah,All Saints/Halloween city decor,hw0,time_bg_hw0,wil_w0_twn01,97196,0x00017BAC,97358,0x00017C4E,162,other_isgrp,isgrp_004312,scheduler_group
20,owner_window,36,Ul'dah,All Saints/Halloween city decor,hw0,time_bg_hw0,wil_w0_twn01,97196,0x00017BAC,97371,0x00017C5B,175,other_isgrp,isgrp_004313,scheduler_group
20,owner_window,37,Ul'dah,All Saints/Halloween city decor,hw0,time_bg_hw0,wil_w0_twn01,97196,0x00017BAC,97384,0x00017C68,188,other_sgrp,sgrp_w0t0_h0_hlw1s_h,scheduler_group
20,owner_window,38,Ul'dah,All Saints/Halloween city decor,hw0,time_bg_hw0,wil_w0_twn01,97196,0x00017BAC,97405,0x00017C7D,209,nearby,w0t0_h0_hlw1s_h_001,interesting
20,owner_window,39,Ul'dah,All Saints/Halloween city decor,hw0,time_bg_hw0,wil_w0_twn01,97196,0x00017BAC,97425,0x00017C91,229,other_sgrp,sgrp_w0t0_h0_hlw2m_h,scheduler_group
20,owner_window,40,Ul'dah,All Saints/Halloween city decor,hw0,time_bg_hw0,wil_w0_twn01,97196,0x00017BAC,97446,0x00017CA6,250,nearby,w0t0_h0_hlw2m_h_001,interesting
20,owner_window,41,Ul'dah,All Saints/Halloween city decor,hw0,time_bg_hw0,wil_w0_twn01,97196,0x00017BAC,97466,0x00017CBA,270,other_sgrp,sgrp_w0t0_h0_hlw3l_h,scheduler_group
20,owner_window,42,Ul'dah,All Saints/Halloween city decor,hw0,time_bg_hw0,wil_w0_twn01,97196,0x00017BAC,97487,0x00017CCF,291,nearby,w0t0_h0_hlw3l_h_001,interesting
20,owner_window,43,Ul'dah,All Saints/Halloween city decor,hw0,time_bg_hw0,wil_w0_twn01,97196,0x00017BAC,97507,0x00017CE3,311,other_sgrp,sgrp_w0t0_h0_hlw4l_h,scheduler_group
20,owner_window,44,Ul'dah,All Saints/Halloween city decor,hw0,time_bg_hw0,wil_w0_twn01,97196,0x00017BAC,97528,0x00017CF8,332,nearby,w0t0_h0_hlw4l_h_001,interesting
20,owner_window,45,Ul'dah,All Saints/Halloween city decor,hw0,time_bg_hw0,wil_w0_twn01,97196,0x00017BAC,97548,0x00017D0C,352,other_sgrp,sgrp_w0t0_h0_hlw5bg_h,scheduler_group
20,owner_window,46,Ul'dah,All Saints/Halloween city decor,hw0,time_bg_hw0,wil_w0_twn01,97196,0x00017BAC,97570,0x00017D22,374,nearby,w0t0_h0_hlw5bg_h_001,interesting
20,owner_window,47,Ul'dah,All Saints/Halloween city decor,hw0,time_bg_hw0,wil_w0_twn01,97196,0x00017BAC,97591,0x00017D37,395,other_sgrp,sgrp_w0t0_h0_hlw6k_h,scheduler_group
20,owner_window,48,Ul'dah,All Saints/Halloween city decor,hw0,time_bg_hw0,wil_w0_twn01,97196,0x00017BAC,97612,0x00017D4C,416,nearby,w0t0_h0_hlw6k_h_001,interesting
20,owner_window,49,Ul'dah,All Saints/Halloween city decor,hw0,time_bg_hw0,wil_w0_twn01,97196,0x00017BAC,97632,0x00017D60,436,other_sgrp,sgrp_w0t0_h0_hlw7t_h,scheduler_group
20,owner_window,50,Ul'dah,All Saints/Halloween city decor,hw0,time_bg_hw0,wil_w0_twn01,97196,0x00017BAC,97653,0x00017D75,457,nearby,w0t0_h0_hlw7t_h_001,interesting
20,owner_window,51,Ul'dah,All Saints/Halloween city decor,hw0,time_bg_hw0,wil_w0_twn01,97196,0x00017BAC,97673,0x00017D89,477,other_sgrp,sgrp_w0t0_h0_hlw8_sp,scheduler_group
20,owner_window,52,Ul'dah,All Saints/Halloween city decor,hw0,time_bg_hw0,wil_w0_twn01,97196,0x00017BAC,97694,0x00017D9E,498,nearby,w0t0_h0_hlw8_sp_001,interesting
20,owner_window,53,Ul'dah,All Saints/Halloween city decor,hw0,time_bg_hw0,wil_w0_twn01,97196,0x00017BAC,97714,0x00017DB2,518,other_sgrp,sgrp_w0t0_h0_hlw9_sp,scheduler_group
20,owner_window,54,Ul'dah,All Saints/Halloween city decor,hw0,time_bg_hw0,wil_w0_twn01,97196,0x00017BAC,97735,0x00017DC7,539,nearby,w0t0_h0_hlw9_sp_001,interesting
20,owner_window,55,Ul'dah,All Saints/Halloween city decor,hw0,time_bg_hw0,wil_w0_twn01,97196,0x00017BAC,97755,0x00017DDB,559,other_isgrp,isgrp_004315,scheduler_group
20,owner_window,56,Ul'dah,All Saints/Halloween city decor,hw0,time_bg_hw0,wil_w0_twn01,97196,0x00017BAC,97768,0x00017DE8,572,other_isgrp,isgrp_004316,scheduler_group
20,owner_window,57,Ul'dah,All Saints/Halloween city decor,hw0,time_bg_hw0,wil_w0_twn01,97196,0x00017BAC,97781,0x00017DF5,585,other_isgrp,isgrp_004317,scheduler_group
20,owner_window,58,Ul'dah,All Saints/Halloween city decor,hw0,time_bg_hw0,wil_w0_twn01,97196,0x00017BAC,97794,0x00017E02,598,other_isgrp,isgrp_004318,scheduler_group
20,owner_window,59,Ul'dah,All Saints/Halloween city decor,hw0,time_bg_hw0,wil_w0_twn01,97196,0x00017BAC,97807,0x00017E0F,611,other_isgrp,isgrp_004320,scheduler_group
20,owner_window,60,Ul'dah,All Saints/Halloween city decor,hw0,time_bg_hw0,wil_w0_twn01,97196,0x00017BAC,97820,0x00017E1C,624,other_isgrp,isgrp_004321,scheduler_group
20,owner_window,61,Ul'dah,All Saints/Halloween city decor,hw0,time_bg_hw0,wil_w0_twn01,97196,0x00017BAC,97833,0x00017E29,637,other_isgrp,isgrp_004322,scheduler_group
20,owner_window,62,Ul'dah,All Saints/Halloween city decor,hw0,time_bg_hw0,wil_w0_twn01,97196,0x00017BAC,97846,0x00017E36,650,other_isgrp,isgrp_004324,scheduler_group
20,owner_window,63,Ul'dah,All Saints/Halloween city decor,hw0,time_bg_hw0,wil_w0_twn01,97196,0x00017BAC,97859,0x00017E43,663,other_isgrp,isgrp_004325,scheduler_group
20,owner_window,64,Ul'dah,All Saints/Halloween city decor,hw0,time_bg_hw0,wil_w0_twn01,97196,0x00017BAC,97872,0x00017E50,676,other_isgrp,isgrp_004326,scheduler_group
20,owner_window,65,Ul'dah,All Saints/Halloween city decor,hw0,time_bg_hw0,wil_w0_twn01,97196,0x00017BAC,97885,0x00017E5D,689,matched_group,sgrp_w0t0_h0_hlw0p_h,scheduler_group
20,owner_window,66,Ul'dah,All Saints/Halloween city decor,hw0,time_bg_hw0,wil_w0_twn01,97196,0x00017BAC,97906,0x00017E72,710,nearby,w0t0_h0_hlw0p_h_001,interesting
20,owner_window,67,Ul'dah,All Saints/Halloween city decor,hw0,time_bg_hw0,wil_w0_twn01,97196,0x00017BAC,97926,0x00017E86,730,other_isgrp,isgrp_004328,scheduler_group
20,owner_window,68,Ul'dah,All Saints/Halloween city decor,hw0,time_bg_hw0,wil_w0_twn01,97196,0x00017BAC,97939,0x00017E93,743,other_isgrp,isgrp_004329,scheduler_group
20,owner_window,69,Ul'dah,All Saints/Halloween city decor,hw0,time_bg_hw0,wil_w0_twn01,97196,0x00017BAC,97952,0x00017EA0,756,other_isgrp,isgrp_004330,scheduler_group
21,family_window,1,Ul'dah,All Saints/Halloween city decor,hw1,time_bg_hw1,wil_w0_twn01,97384,0x00017C68,96631,0x00017977,-753,nearby,w0t0_g0_flg3s_h_1_008,flag_or_decor_group
21,family_window,2,Ul'dah,All Saints/Halloween city decor,hw1,time_bg_hw1,wil_w0_twn01,97384,0x00017C68,96653,0x0001798D,-731,nearby,w0t0_g0_flg3s_h_1_009,flag_or_decor_group
21,family_window,3,Ul'dah,All Saints/Halloween city decor,hw1,time_bg_hw1,wil_w0_twn01,97384,0x00017C68,96675,0x000179A3,-709,nearby,w0t0_g0_flg3s_h_1_010,flag_or_decor_group
21,family_window,4,Ul'dah,All Saints/Halloween city decor,hw1,time_bg_hw1,wil_w0_twn01,97384,0x00017C68,96781,0x00017A0D,-603,nearby,vfx_lamp01c_018_1,vfx_or_scene_def
21,family_window,5,Ul'dah,All Saints/Halloween city decor,hw1,time_bg_hw1,wil_w0_twn01,97384,0x00017C68,96799,0x00017A1F,-585,nearby,vfx_lamp01c_018_2,vfx_or_scene_def
21,family_window,6,Ul'dah,All Saints/Halloween city decor,hw1,time_bg_hw1,wil_w0_twn01,97384,0x00017C68,96817,0x00017A31,-567,nearby,vfx_lamp01c_018_3,vfx_or_scene_def
21,family_window,7,Ul'dah,All Saints/Halloween city decor,hw1,time_bg_hw1,wil_w0_twn01,97384,0x00017C68,96835,0x00017A43,-549,nearby,vfx_lamp01c_018_4,vfx_or_scene_def
21,family_window,8,Ul'dah,All Saints/Halloween city decor,hw1,time_bg_hw1,wil_w0_twn01,97384,0x00017C68,96920,0x00017A98,-464,other_isgrp,isgrp_004275,scheduler_group
21,family_window,9,Ul'dah,All Saints/Halloween city decor,hw1,time_bg_hw1,wil_w0_twn01,97384,0x00017C68,96933,0x00017AA5,-451,other_isgrp,isgrp_004277,scheduler_group
21,family_window,10,Ul'dah,All Saints/Halloween city decor,hw1,time_bg_hw1,wil_w0_twn01,97384,0x00017C68,96946,0x00017AB2,-438,other_isgrp,isgrp_004279,scheduler_group
21,family_window,11,Ul'dah,All Saints/Halloween city decor,hw1,time_bg_hw1,wil_w0_twn01,97384,0x00017C68,96959,0x00017ABF,-425,nearby,Bk_isgrp_000745-012,interesting
21,family_window,12,Ul'dah,All Saints/Halloween city decor,hw1,time_bg_hw1,wil_w0_twn01,97384,0x00017C68,96979,0x00017AD3,-405,other_isgrp,isgrp_004280,scheduler_group
21,family_window,13,Ul'dah,All Saints/Halloween city decor,hw1,time_bg_hw1,wil_w0_twn01,97384,0x00017C68,96992,0x00017AE0,-392,other_isgrp,isgrp_004281,scheduler_group
21,family_window,14,Ul'dah,All Saints/Halloween city decor,hw1,time_bg_hw1,wil_w0_twn01,97384,0x00017C68,97005,0x00017AED,-379,nearby,Bk_isgrp_000745-013,interesting
21,family_window,15,Ul'dah,All Saints/Halloween city decor,hw1,time_bg_hw1,wil_w0_twn01,97384,0x00017C68,97025,0x00017B01,-359,other_isgrp,isgrp_004282,scheduler_group
21,family_window,16,Ul'dah,All Saints/Halloween city decor,hw1,time_bg_hw1,wil_w0_twn01,97384,0x00017C68,97038,0x00017B0E,-346,other_isgrp,isgrp_004283,scheduler_group
21,family_window,17,Ul'dah,All Saints/Halloween city decor,hw1,time_bg_hw1,wil_w0_twn01,97384,0x00017C68,97051,0x00017B1B,-333,other_sgrp,sgrp_tutrl01,scheduler_group
21,family_window,18,Ul'dah,All Saints/Halloween city decor,hw1,time_bg_hw1,wil_w0_twn01,97384,0x00017C68,97183,0x00017B9F,-201,other_isgrp,isgrp_004287,scheduler_group
21,family_window,19,Ul'dah,All Saints/Halloween city decor,hw1,time_bg_hw1,wil_w0_twn01,97384,0x00017C68,97196,0x00017BAC,-188,owner_isgrp,isgrp_004289,scheduler_group
21,family_window,20,Ul'dah,All Saints/Halloween city decor,hw1,time_bg_hw1,wil_w0_twn01,97384,0x00017C68,97209,0x00017BB9,-175,other_sgrp,sgrp_0569,scheduler_group
21,family_window,21,Ul'dah,All Saints/Halloween city decor,hw1,time_bg_hw1,wil_w0_twn01,97384,0x00017C68,97264,0x00017BF0,-120,other_isgrp,isgrp_004296,scheduler_group
21,family_window,22,Ul'dah,All Saints/Halloween city decor,hw1,time_bg_hw1,wil_w0_twn01,97384,0x00017C68,97277,0x00017BFD,-107,nearby,Bk_isgrp_000621-013,interesting
21,family_window,23,Ul'dah,All Saints/Halloween city decor,hw1,time_bg_hw1,wil_w0_twn01,97384,0x00017C68,97297,0x00017C11,-87,other_isgrp,isgrp_004300,scheduler_group
21,family_window,24,Ul'dah,All Saints/Halloween city decor,hw1,time_bg_hw1,wil_w0_twn01,97384,0x00017C68,97310,0x00017C1E,-74,other_isgrp,isgrp_004308,scheduler_group
21,family_window,25,Ul'dah,All Saints/Halloween city decor,hw1,time_bg_hw1,wil_w0_twn01,97384,0x00017C68,97323,0x00017C2B,-61,other_sgrp,sgrp_tutrl02,scheduler_group
21,family_window,26,Ul'dah,All Saints/Halloween city decor,hw1,time_bg_hw1,wil_w0_twn01,97384,0x00017C68,97345,0x00017C41,-39,other_isgrp,isgrp_004311,scheduler_group
21,family_window,27,Ul'dah,All Saints/Halloween city decor,hw1,time_bg_hw1,wil_w0_twn01,97384,0x00017C68,97358,0x00017C4E,-26,other_isgrp,isgrp_004312,scheduler_group
21,family_window,28,Ul'dah,All Saints/Halloween city decor,hw1,time_bg_hw1,wil_w0_twn01,97384,0x00017C68,97371,0x00017C5B,-13,other_isgrp,isgrp_004313,scheduler_group
21,family_window,29,Ul'dah,All Saints/Halloween city decor,hw1,time_bg_hw1,wil_w0_twn01,97384,0x00017C68,97384,0x00017C68,0,matched_group,sgrp_w0t0_h0_hlw1s_h,scheduler_group
21,family_window,30,Ul'dah,All Saints/Halloween city decor,hw1,time_bg_hw1,wil_w0_twn01,97384,0x00017C68,97405,0x00017C7D,21,center_neighbor,w0t0_h0_hlw1s_h_001,interesting
21,family_window,31,Ul'dah,All Saints/Halloween city decor,hw1,time_bg_hw1,wil_w0_twn01,97384,0x00017C68,97425,0x00017C91,41,other_sgrp,sgrp_w0t0_h0_hlw2m_h,scheduler_group
21,family_window,32,Ul'dah,All Saints/Halloween city decor,hw1,time_bg_hw1,wil_w0_twn01,97384,0x00017C68,97446,0x00017CA6,62,nearby,w0t0_h0_hlw2m_h_001,interesting
21,family_window,33,Ul'dah,All Saints/Halloween city decor,hw1,time_bg_hw1,wil_w0_twn01,97384,0x00017C68,97466,0x00017CBA,82,other_sgrp,sgrp_w0t0_h0_hlw3l_h,scheduler_group
21,family_window,34,Ul'dah,All Saints/Halloween city decor,hw1,time_bg_hw1,wil_w0_twn01,97384,0x00017C68,97487,0x00017CCF,103,nearby,w0t0_h0_hlw3l_h_001,interesting
21,family_window,35,Ul'dah,All Saints/Halloween city decor,hw1,time_bg_hw1,wil_w0_twn01,97384,0x00017C68,97507,0x00017CE3,123,other_sgrp,sgrp_w0t0_h0_hlw4l_h,scheduler_group
21,family_window,36,Ul'dah,All Saints/Halloween city decor,hw1,time_bg_hw1,wil_w0_twn01,97384,0x00017C68,97528,0x00017CF8,144,nearby,w0t0_h0_hlw4l_h_001,interesting
21,family_window,37,Ul'dah,All Saints/Halloween city decor,hw1,time_bg_hw1,wil_w0_twn01,97384,0x00017C68,97548,0x00017D0C,164,other_sgrp,sgrp_w0t0_h0_hlw5bg_h,scheduler_group
21,family_window,38,Ul'dah,All Saints/Halloween city decor,hw1,time_bg_hw1,wil_w0_twn01,97384,0x00017C68,97570,0x00017D22,186,nearby,w0t0_h0_hlw5bg_h_001,interesting
21,family_window,39,Ul'dah,All Saints/Halloween city decor,hw1,time_bg_hw1,wil_w0_twn01,97384,0x00017C68,97591,0x00017D37,207,other_sgrp,sgrp_w0t0_h0_hlw6k_h,scheduler_group
21,family_window,40,Ul'dah,All Saints/Halloween city decor,hw1,time_bg_hw1,wil_w0_twn01,97384,0x00017C68,97612,0x00017D4C,228,nearby,w0t0_h0_hlw6k_h_001,interesting
21,family_window,41,Ul'dah,All Saints/Halloween city decor,hw1,time_bg_hw1,wil_w0_twn01,97384,0x00017C68,97632,0x00017D60,248,other_sgrp,sgrp_w0t0_h0_hlw7t_h,scheduler_group
21,family_window,42,Ul'dah,All Saints/Halloween city decor,hw1,time_bg_hw1,wil_w0_twn01,97384,0x00017C68,97653,0x00017D75,269,nearby,w0t0_h0_hlw7t_h_001,interesting
21,family_window,43,Ul'dah,All Saints/Halloween city decor,hw1,time_bg_hw1,wil_w0_twn01,97384,0x00017C68,97673,0x00017D89,289,other_sgrp,sgrp_w0t0_h0_hlw8_sp,scheduler_group
21,family_window,44,Ul'dah,All Saints/Halloween city decor,hw1,time_bg_hw1,wil_w0_twn01,97384,0x00017C68,97694,0x00017D9E,310,nearby,w0t0_h0_hlw8_sp_001,interesting
21,family_window,45,Ul'dah,All Saints/Halloween city decor,hw1,time_bg_hw1,wil_w0_twn01,97384,0x00017C68,97714,0x00017DB2,330,other_sgrp,sgrp_w0t0_h0_hlw9_sp,scheduler_group
21,family_window,46,Ul'dah,All Saints/Halloween city decor,hw1,time_bg_hw1,wil_w0_twn01,97384,0x00017C68,97735,0x00017DC7,351,nearby,w0t0_h0_hlw9_sp_001,interesting
21,family_window,47,Ul'dah,All Saints/Halloween city decor,hw1,time_bg_hw1,wil_w0_twn01,97384,0x00017C68,97755,0x00017DDB,371,other_isgrp,isgrp_004315,scheduler_group
21,family_window,48,Ul'dah,All Saints/Halloween city decor,hw1,time_bg_hw1,wil_w0_twn01,97384,0x00017C68,97768,0x00017DE8,384,other_isgrp,isgrp_004316,scheduler_group
21,family_window,49,Ul'dah,All Saints/Halloween city decor,hw1,time_bg_hw1,wil_w0_twn01,97384,0x00017C68,97781,0x00017DF5,397,other_isgrp,isgrp_004317,scheduler_group
21,family_window,50,Ul'dah,All Saints/Halloween city decor,hw1,time_bg_hw1,wil_w0_twn01,97384,0x00017C68,97794,0x00017E02,410,other_isgrp,isgrp_004318,scheduler_group
21,family_window,51,Ul'dah,All Saints/Halloween city decor,hw1,time_bg_hw1,wil_w0_twn01,97384,0x00017C68,97807,0x00017E0F,423,other_isgrp,isgrp_004320,scheduler_group
21,family_window,52,Ul'dah,All Saints/Halloween city decor,hw1,time_bg_hw1,wil_w0_twn01,97384,0x00017C68,97820,0x00017E1C,436,other_isgrp,isgrp_004321,scheduler_group
21,family_window,53,Ul'dah,All Saints/Halloween city decor,hw1,time_bg_hw1,wil_w0_twn01,97384,0x00017C68,97833,0x00017E29,449,other_isgrp,isgrp_004322,scheduler_group
21,family_window,54,Ul'dah,All Saints/Halloween city decor,hw1,time_bg_hw1,wil_w0_twn01,97384,0x00017C68,97846,0x00017E36,462,other_isgrp,isgrp_004324,scheduler_group
21,family_window,55,Ul'dah,All Saints/Halloween city decor,hw1,time_bg_hw1,wil_w0_twn01,97384,0x00017C68,97859,0x00017E43,475,other_isgrp,isgrp_004325,scheduler_group
21,family_window,56,Ul'dah,All Saints/Halloween city decor,hw1,time_bg_hw1,wil_w0_twn01,97384,0x00017C68,97872,0x00017E50,488,other_isgrp,isgrp_004326,scheduler_group
21,family_window,57,Ul'dah,All Saints/Halloween city decor,hw1,time_bg_hw1,wil_w0_twn01,97384,0x00017C68,97885,0x00017E5D,501,other_sgrp,sgrp_w0t0_h0_hlw0p_h,scheduler_group
21,family_window,58,Ul'dah,All Saints/Halloween city decor,hw1,time_bg_hw1,wil_w0_twn01,97384,0x00017C68,97906,0x00017E72,522,nearby,w0t0_h0_hlw0p_h_001,interesting
21,family_window,59,Ul'dah,All Saints/Halloween city decor,hw1,time_bg_hw1,wil_w0_twn01,97384,0x00017C68,97926,0x00017E86,542,other_isgrp,isgrp_004328,scheduler_group
21,family_window,60,Ul'dah,All Saints/Halloween city decor,hw1,time_bg_hw1,wil_w0_twn01,97384,0x00017C68,97939,0x00017E93,555,other_isgrp,isgrp_004329,scheduler_group
21,family_window,61,Ul'dah,All Saints/Halloween city decor,hw1,time_bg_hw1,wil_w0_twn01,97384,0x00017C68,97952,0x00017EA0,568,other_isgrp,isgrp_004330,scheduler_group
21,family_window,62,Ul'dah,All Saints/Halloween city decor,hw1,time_bg_hw1,wil_w0_twn01,97384,0x00017C68,97965,0x00017EAD,581,other_isgrp,isgrp_004331,scheduler_group
21,family_window,63,Ul'dah,All Saints/Halloween city decor,hw1,time_bg_hw1,wil_w0_twn01,97384,0x00017C68,97978,0x00017EBA,594,other_isgrp,isgrp_004332,scheduler_group
21,family_window,64,Ul'dah,All Saints/Halloween city decor,hw1,time_bg_hw1,wil_w0_twn01,97384,0x00017C68,97991,0x00017EC7,607,other_isgrp,isgrp_004333,scheduler_group
21,family_window,65,Ul'dah,All Saints/Halloween city decor,hw1,time_bg_hw1,wil_w0_twn01,97384,0x00017C68,98004,0x00017ED4,620,other_isgrp,isgrp_004334,scheduler_group
21,family_window,66,Ul'dah,All Saints/Halloween city decor,hw1,time_bg_hw1,wil_w0_twn01,97384,0x00017C68,98017,0x00017EE1,633,other_isgrp,isgrp_004335,scheduler_group
21,family_window,67,Ul'dah,All Saints/Halloween city decor,hw1,time_bg_hw1,wil_w0_twn01,97384,0x00017C68,98030,0x00017EEE,646,other_isgrp,isgrp_004336,scheduler_group
21,family_window,68,Ul'dah,All Saints/Halloween city decor,hw1,time_bg_hw1,wil_w0_twn01,97384,0x00017C68,98043,0x00017EFB,659,other_isgrp,isgrp_004337,scheduler_group
21,family_window,69,Ul'dah,All Saints/Halloween city decor,hw1,time_bg_hw1,wil_w0_twn01,97384,0x00017C68,98056,0x00017F08,672,other_isgrp,isgrp_004338,scheduler_group
21,family_window,70,Ul'dah,All Saints/Halloween city decor,hw1,time_bg_hw1,wil_w0_twn01,97384,0x00017C68,98069,0x00017F15,685,other_isgrp,isgrp_004339,scheduler_group
21,family_window,71,Ul'dah,All Saints/Halloween city decor,hw1,time_bg_hw1,wil_w0_twn01,97384,0x00017C68,98082,0x00017F22,698,other_isgrp,isgrp_004340,scheduler_group
21,family_window,72,Ul'dah,All Saints/Halloween city decor,hw1,time_bg_hw1,wil_w0_twn01,97384,0x00017C68,98095,0x00017F2F,711,other_isgrp,isgrp_004341,scheduler_group
21,family_window,73,Ul'dah,All Saints/Halloween city decor,hw1,time_bg_hw1,wil_w0_twn01,97384,0x00017C68,98108,0x00017F3C,724,other_isgrp,isgrp_004342,scheduler_group
21,family_window,74,Ul'dah,All Saints/Halloween city decor,hw1,time_bg_hw1,wil_w0_twn01,97384,0x00017C68,98121,0x00017F49,737,other_isgrp,isgrp_004345,scheduler_group
21,family_window,75,Ul'dah,All Saints/Halloween city decor,hw1,time_bg_hw1,wil_w0_twn01,97384,0x00017C68,98134,0x00017F56,750,other_isgrp,isgrp_004346,scheduler_group
21,family_window,76,Ul'dah,All Saints/Halloween city decor,hw1,time_bg_hw1,wil_w0_twn01,97384,0x00017C68,98147,0x00017F63,763,other_isgrp,isgrp_004347,scheduler_group
21,owner_window,1,Ul'dah,All Saints/Halloween city decor,hw1,time_bg_hw1,wil_w0_twn01,97196,0x00017BAC,96428,0x000178AC,-768,other_sgrp,sgrp_0566,scheduler_group
21,owner_window,2,Ul'dah,All Saints/Halloween city decor,hw1,time_bg_hw1,wil_w0_twn01,97196,0x00017BAC,96457,0x000178C9,-739,other_isgrp,isgrp_004271,scheduler_group
21,owner_window,3,Ul'dah,All Saints/Halloween city decor,hw1,time_bg_hw1,wil_w0_twn01,97196,0x00017BAC,96470,0x000178D6,-726,other_isgrp,isgrp_004272,scheduler_group
21,owner_window,4,Ul'dah,All Saints/Halloween city decor,hw1,time_bg_hw1,wil_w0_twn01,97196,0x00017BAC,96483,0x000178E3,-713,other_isgrp,isgrp_004273,scheduler_group
21,owner_window,5,Ul'dah,All Saints/Halloween city decor,hw1,time_bg_hw1,wil_w0_twn01,97196,0x00017BAC,96496,0x000178F0,-700,other_isgrp,isgrp_004274,scheduler_group
21,owner_window,6,Ul'dah,All Saints/Halloween city decor,hw1,time_bg_hw1,wil_w0_twn01,97196,0x00017BAC,96509,0x000178FD,-687,other_sgrp,sgrp_bg_flag1,scheduler_group
21,owner_window,7,Ul'dah,All Saints/Halloween city decor,hw1,time_bg_hw1,wil_w0_twn01,97196,0x00017BAC,96523,0x0001790B,-673,nearby,grp_flag1,flag_or_decor_group
21,owner_window,8,Ul'dah,All Saints/Halloween city decor,hw1,time_bg_hw1,wil_w0_twn01,97196,0x00017BAC,96609,0x00017961,-587,nearby,w0t0_g0_flg3s_h_1_007,flag_or_decor_group
21,owner_window,9,Ul'dah,All Saints/Halloween city decor,hw1,time_bg_hw1,wil_w0_twn01,97196,0x00017BAC,96631,0x00017977,-565,nearby,w0t0_g0_flg3s_h_1_008,flag_or_decor_group
21,owner_window,10,Ul'dah,All Saints/Halloween city decor,hw1,time_bg_hw1,wil_w0_twn01,97196,0x00017BAC,96653,0x0001798D,-543,nearby,w0t0_g0_flg3s_h_1_009,flag_or_decor_group
21,owner_window,11,Ul'dah,All Saints/Halloween city decor,hw1,time_bg_hw1,wil_w0_twn01,97196,0x00017BAC,96675,0x000179A3,-521,nearby,w0t0_g0_flg3s_h_1_010,flag_or_decor_group
21,owner_window,12,Ul'dah,All Saints/Halloween city decor,hw1,time_bg_hw1,wil_w0_twn01,97196,0x00017BAC,96781,0x00017A0D,-415,nearby,vfx_lamp01c_018_1,vfx_or_scene_def
21,owner_window,13,Ul'dah,All Saints/Halloween city decor,hw1,time_bg_hw1,wil_w0_twn01,97196,0x00017BAC,96799,0x00017A1F,-397,nearby,vfx_lamp01c_018_2,vfx_or_scene_def
21,owner_window,14,Ul'dah,All Saints/Halloween city decor,hw1,time_bg_hw1,wil_w0_twn01,97196,0x00017BAC,96817,0x00017A31,-379,nearby,vfx_lamp01c_018_3,vfx_or_scene_def
21,owner_window,15,Ul'dah,All Saints/Halloween city decor,hw1,time_bg_hw1,wil_w0_twn01,97196,0x00017BAC,96835,0x00017A43,-361,nearby,vfx_lamp01c_018_4,vfx_or_scene_def
21,owner_window,16,Ul'dah,All Saints/Halloween city decor,hw1,time_bg_hw1,wil_w0_twn01,97196,0x00017BAC,96920,0x00017A98,-276,other_isgrp,isgrp_004275,scheduler_group
21,owner_window,17,Ul'dah,All Saints/Halloween city decor,hw1,time_bg_hw1,wil_w0_twn01,97196,0x00017BAC,96933,0x00017AA5,-263,other_isgrp,isgrp_004277,scheduler_group
21,owner_window,18,Ul'dah,All Saints/Halloween city decor,hw1,time_bg_hw1,wil_w0_twn01,97196,0x00017BAC,96946,0x00017AB2,-250,other_isgrp,isgrp_004279,scheduler_group
21,owner_window,19,Ul'dah,All Saints/Halloween city decor,hw1,time_bg_hw1,wil_w0_twn01,97196,0x00017BAC,96959,0x00017ABF,-237,nearby,Bk_isgrp_000745-012,interesting
21,owner_window,20,Ul'dah,All Saints/Halloween city decor,hw1,time_bg_hw1,wil_w0_twn01,97196,0x00017BAC,96979,0x00017AD3,-217,other_isgrp,isgrp_004280,scheduler_group
21,owner_window,21,Ul'dah,All Saints/Halloween city decor,hw1,time_bg_hw1,wil_w0_twn01,97196,0x00017BAC,96992,0x00017AE0,-204,other_isgrp,isgrp_004281,scheduler_group
21,owner_window,22,Ul'dah,All Saints/Halloween city decor,hw1,time_bg_hw1,wil_w0_twn01,97196,0x00017BAC,97005,0x00017AED,-191,nearby,Bk_isgrp_000745-013,interesting
21,owner_window,23,Ul'dah,All Saints/Halloween city decor,hw1,time_bg_hw1,wil_w0_twn01,97196,0x00017BAC,97025,0x00017B01,-171,other_isgrp,isgrp_004282,scheduler_group
21,owner_window,24,Ul'dah,All Saints/Halloween city decor,hw1,time_bg_hw1,wil_w0_twn01,97196,0x00017BAC,97038,0x00017B0E,-158,other_isgrp,isgrp_004283,scheduler_group
21,owner_window,25,Ul'dah,All Saints/Halloween city decor,hw1,time_bg_hw1,wil_w0_twn01,97196,0x00017BAC,97051,0x00017B1B,-145,other_sgrp,sgrp_tutrl01,scheduler_group
21,owner_window,26,Ul'dah,All Saints/Halloween city decor,hw1,time_bg_hw1,wil_w0_twn01,97196,0x00017BAC,97183,0x00017B9F,-13,other_isgrp,isgrp_004287,scheduler_group
21,owner_window,27,Ul'dah,All Saints/Halloween city decor,hw1,time_bg_hw1,wil_w0_twn01,97196,0x00017BAC,97196,0x00017BAC,0,owner_isgrp,isgrp_004289,scheduler_group
21,owner_window,28,Ul'dah,All Saints/Halloween city decor,hw1,time_bg_hw1,wil_w0_twn01,97196,0x00017BAC,97209,0x00017BB9,13,other_sgrp,sgrp_0569,scheduler_group
21,owner_window,29,Ul'dah,All Saints/Halloween city decor,hw1,time_bg_hw1,wil_w0_twn01,97196,0x00017BAC,97264,0x00017BF0,68,other_isgrp,isgrp_004296,scheduler_group
21,owner_window,30,Ul'dah,All Saints/Halloween city decor,hw1,time_bg_hw1,wil_w0_twn01,97196,0x00017BAC,97277,0x00017BFD,81,nearby,Bk_isgrp_000621-013,interesting
21,owner_window,31,Ul'dah,All Saints/Halloween city decor,hw1,time_bg_hw1,wil_w0_twn01,97196,0x00017BAC,97297,0x00017C11,101,other_isgrp,isgrp_004300,scheduler_group
21,owner_window,32,Ul'dah,All Saints/Halloween city decor,hw1,time_bg_hw1,wil_w0_twn01,97196,0x00017BAC,97310,0x00017C1E,114,other_isgrp,isgrp_004308,scheduler_group
21,owner_window,33,Ul'dah,All Saints/Halloween city decor,hw1,time_bg_hw1,wil_w0_twn01,97196,0x00017BAC,97323,0x00017C2B,127,other_sgrp,sgrp_tutrl02,scheduler_group
21,owner_window,34,Ul'dah,All Saints/Halloween city decor,hw1,time_bg_hw1,wil_w0_twn01,97196,0x00017BAC,97345,0x00017C41,149,other_isgrp,isgrp_004311,scheduler_group
21,owner_window,35,Ul'dah,All Saints/Halloween city decor,hw1,time_bg_hw1,wil_w0_twn01,97196,0x00017BAC,97358,0x00017C4E,162,other_isgrp,isgrp_004312,scheduler_group
21,owner_window,36,Ul'dah,All Saints/Halloween city decor,hw1,time_bg_hw1,wil_w0_twn01,97196,0x00017BAC,97371,0x00017C5B,175,other_isgrp,isgrp_004313,scheduler_group
21,owner_window,37,Ul'dah,All Saints/Halloween city decor,hw1,time_bg_hw1,wil_w0_twn01,97196,0x00017BAC,97384,0x00017C68,188,matched_group,sgrp_w0t0_h0_hlw1s_h,scheduler_group
21,owner_window,38,Ul'dah,All Saints/Halloween city decor,hw1,time_bg_hw1,wil_w0_twn01,97196,0x00017BAC,97405,0x00017C7D,209,nearby,w0t0_h0_hlw1s_h_001,interesting
21,owner_window,39,Ul'dah,All Saints/Halloween city decor,hw1,time_bg_hw1,wil_w0_twn01,97196,0x00017BAC,97425,0x00017C91,229,other_sgrp,sgrp_w0t0_h0_hlw2m_h,scheduler_group
21,owner_window,40,Ul'dah,All Saints/Halloween city decor,hw1,time_bg_hw1,wil_w0_twn01,97196,0x00017BAC,97446,0x00017CA6,250,nearby,w0t0_h0_hlw2m_h_001,interesting
21,owner_window,41,Ul'dah,All Saints/Halloween city decor,hw1,time_bg_hw1,wil_w0_twn01,97196,0x00017BAC,97466,0x00017CBA,270,other_sgrp,sgrp_w0t0_h0_hlw3l_h,scheduler_group
21,owner_window,42,Ul'dah,All Saints/Halloween city decor,hw1,time_bg_hw1,wil_w0_twn01,97196,0x00017BAC,97487,0x00017CCF,291,nearby,w0t0_h0_hlw3l_h_001,interesting
21,owner_window,43,Ul'dah,All Saints/Halloween city decor,hw1,time_bg_hw1,wil_w0_twn01,97196,0x00017BAC,97507,0x00017CE3,311,other_sgrp,sgrp_w0t0_h0_hlw4l_h,scheduler_group
21,owner_window,44,Ul'dah,All Saints/Halloween city decor,hw1,time_bg_hw1,wil_w0_twn01,97196,0x00017BAC,97528,0x00017CF8,332,nearby,w0t0_h0_hlw4l_h_001,interesting
21,owner_window,45,Ul'dah,All Saints/Halloween city decor,hw1,time_bg_hw1,wil_w0_twn01,97196,0x00017BAC,97548,0x00017D0C,352,other_sgrp,sgrp_w0t0_h0_hlw5bg_h,scheduler_group
21,owner_window,46,Ul'dah,All Saints/Halloween city decor,hw1,time_bg_hw1,wil_w0_twn01,97196,0x00017BAC,97570,0x00017D22,374,nearby,w0t0_h0_hlw5bg_h_001,interesting
21,owner_window,47,Ul'dah,All Saints/Halloween city decor,hw1,time_bg_hw1,wil_w0_twn01,97196,0x00017BAC,97591,0x00017D37,395,other_sgrp,sgrp_w0t0_h0_hlw6k_h,scheduler_group
21,owner_window,48,Ul'dah,All Saints/Halloween city decor,hw1,time_bg_hw1,wil_w0_twn01,97196,0x00017BAC,97612,0x00017D4C,416,nearby,w0t0_h0_hlw6k_h_001,interesting
21,owner_window,49,Ul'dah,All Saints/Halloween city decor,hw1,time_bg_hw1,wil_w0_twn01,97196,0x00017BAC,97632,0x00017D60,436,other_sgrp,sgrp_w0t0_h0_hlw7t_h,scheduler_group
21,owner_window,50,Ul'dah,All Saints/Halloween city decor,hw1,time_bg_hw1,wil_w0_twn01,97196,0x00017BAC,97653,0x00017D75,457,nearby,w0t0_h0_hlw7t_h_001,interesting
21,owner_window,51,Ul'dah,All Saints/Halloween city decor,hw1,time_bg_hw1,wil_w0_twn01,97196,0x00017BAC,97673,0x00017D89,477,other_sgrp,sgrp_w0t0_h0_hlw8_sp,scheduler_group
21,owner_window,52,Ul'dah,All Saints/Halloween city decor,hw1,time_bg_hw1,wil_w0_twn01,97196,0x00017BAC,97694,0x00017D9E,498,nearby,w0t0_h0_hlw8_sp_001,interesting
21,owner_window,53,Ul'dah,All Saints/Halloween city decor,hw1,time_bg_hw1,wil_w0_twn01,97196,0x00017BAC,97714,0x00017DB2,518,other_sgrp,sgrp_w0t0_h0_hlw9_sp,scheduler_group
21,owner_window,54,Ul'dah,All Saints/Halloween city decor,hw1,time_bg_hw1,wil_w0_twn01,97196,0x00017BAC,97735,0x00017DC7,539,nearby,w0t0_h0_hlw9_sp_001,interesting
21,owner_window,55,Ul'dah,All Saints/Halloween city decor,hw1,time_bg_hw1,wil_w0_twn01,97196,0x00017BAC,97755,0x00017DDB,559,other_isgrp,isgrp_004315,scheduler_group
21,owner_window,56,Ul'dah,All Saints/Halloween city decor,hw1,time_bg_hw1,wil_w0_twn01,97196,0x00017BAC,97768,0x00017DE8,572,other_isgrp,isgrp_004316,scheduler_group
21,owner_window,57,Ul'dah,All Saints/Halloween city decor,hw1,time_bg_hw1,wil_w0_twn01,97196,0x00017BAC,97781,0x00017DF5,585,other_isgrp,isgrp_004317,scheduler_group
21,owner_window,58,Ul'dah,All Saints/Halloween city decor,hw1,time_bg_hw1,wil_w0_twn01,97196,0x00017BAC,97794,0x00017E02,598,other_isgrp,isgrp_004318,scheduler_group
21,owner_window,59,Ul'dah,All Saints/Halloween city decor,hw1,time_bg_hw1,wil_w0_twn01,97196,0x00017BAC,97807,0x00017E0F,611,other_isgrp,isgrp_004320,scheduler_group
21,owner_window,60,Ul'dah,All Saints/Halloween city decor,hw1,time_bg_hw1,wil_w0_twn01,97196,0x00017BAC,97820,0x00017E1C,624,other_isgrp,isgrp_004321,scheduler_group
21,owner_window,61,Ul'dah,All Saints/Halloween city decor,hw1,time_bg_hw1,wil_w0_twn01,97196,0x00017BAC,97833,0x00017E29,637,other_isgrp,isgrp_004322,scheduler_group
21,owner_window,62,Ul'dah,All Saints/Halloween city decor,hw1,time_bg_hw1,wil_w0_twn01,97196,0x00017BAC,97846,0x00017E36,650,other_isgrp,isgrp_004324,scheduler_group
21,owner_window,63,Ul'dah,All Saints/Halloween city decor,hw1,time_bg_hw1,wil_w0_twn01,97196,0x00017BAC,97859,0x00017E43,663,other_isgrp,isgrp_004325,scheduler_group
21,owner_window,64,Ul'dah,All Saints/Halloween city decor,hw1,time_bg_hw1,wil_w0_twn01,97196,0x00017BAC,97872,0x00017E50,676,other_isgrp,isgrp_004326,scheduler_group
21,owner_window,65,Ul'dah,All Saints/Halloween city decor,hw1,time_bg_hw1,wil_w0_twn01,97196,0x00017BAC,97885,0x00017E5D,689,other_sgrp,sgrp_w0t0_h0_hlw0p_h,scheduler_group
21,owner_window,66,Ul'dah,All Saints/Halloween city decor,hw1,time_bg_hw1,wil_w0_twn01,97196,0x00017BAC,97906,0x00017E72,710,nearby,w0t0_h0_hlw0p_h_001,interesting
21,owner_window,67,Ul'dah,All Saints/Halloween city decor,hw1,time_bg_hw1,wil_w0_twn01,97196,0x00017BAC,97926,0x00017E86,730,other_isgrp,isgrp_004328,scheduler_group
21,owner_window,68,Ul'dah,All Saints/Halloween city decor,hw1,time_bg_hw1,wil_w0_twn01,97196,0x00017BAC,97939,0x00017E93,743,other_isgrp,isgrp_004329,scheduler_group
21,owner_window,69,Ul'dah,All Saints/Halloween city decor,hw1,time_bg_hw1,wil_w0_twn01,97196,0x00017BAC,97952,0x00017EA0,756,other_isgrp,isgrp_004330,scheduler_group
22,family_window,1,Ul'dah,All Saints/Halloween city decor,hw2,time_bg_hw2,wil_w0_twn01,97425,0x00017C91,96675,0x000179A3,-750,nearby,w0t0_g0_flg3s_h_1_010,flag_or_decor_group
22,family_window,2,Ul'dah,All Saints/Halloween city decor,hw2,time_bg_hw2,wil_w0_twn01,97425,0x00017C91,96781,0x00017A0D,-644,nearby,vfx_lamp01c_018_1,vfx_or_scene_def
22,family_window,3,Ul'dah,All Saints/Halloween city decor,hw2,time_bg_hw2,wil_w0_twn01,97425,0x00017C91,96799,0x00017A1F,-626,nearby,vfx_lamp01c_018_2,vfx_or_scene_def
22,family_window,4,Ul'dah,All Saints/Halloween city decor,hw2,time_bg_hw2,wil_w0_twn01,97425,0x00017C91,96817,0x00017A31,-608,nearby,vfx_lamp01c_018_3,vfx_or_scene_def
22,family_window,5,Ul'dah,All Saints/Halloween city decor,hw2,time_bg_hw2,wil_w0_twn01,97425,0x00017C91,96835,0x00017A43,-590,nearby,vfx_lamp01c_018_4,vfx_or_scene_def
22,family_window,6,Ul'dah,All Saints/Halloween city decor,hw2,time_bg_hw2,wil_w0_twn01,97425,0x00017C91,96920,0x00017A98,-505,other_isgrp,isgrp_004275,scheduler_group
22,family_window,7,Ul'dah,All Saints/Halloween city decor,hw2,time_bg_hw2,wil_w0_twn01,97425,0x00017C91,96933,0x00017AA5,-492,other_isgrp,isgrp_004277,scheduler_group
22,family_window,8,Ul'dah,All Saints/Halloween city decor,hw2,time_bg_hw2,wil_w0_twn01,97425,0x00017C91,96946,0x00017AB2,-479,other_isgrp,isgrp_004279,scheduler_group
22,family_window,9,Ul'dah,All Saints/Halloween city decor,hw2,time_bg_hw2,wil_w0_twn01,97425,0x00017C91,96959,0x00017ABF,-466,nearby,Bk_isgrp_000745-012,interesting
22,family_window,10,Ul'dah,All Saints/Halloween city decor,hw2,time_bg_hw2,wil_w0_twn01,97425,0x00017C91,96979,0x00017AD3,-446,other_isgrp,isgrp_004280,scheduler_group
22,family_window,11,Ul'dah,All Saints/Halloween city decor,hw2,time_bg_hw2,wil_w0_twn01,97425,0x00017C91,96992,0x00017AE0,-433,other_isgrp,isgrp_004281,scheduler_group
22,family_window,12,Ul'dah,All Saints/Halloween city decor,hw2,time_bg_hw2,wil_w0_twn01,97425,0x00017C91,97005,0x00017AED,-420,nearby,Bk_isgrp_000745-013,interesting
22,family_window,13,Ul'dah,All Saints/Halloween city decor,hw2,time_bg_hw2,wil_w0_twn01,97425,0x00017C91,97025,0x00017B01,-400,other_isgrp,isgrp_004282,scheduler_group
22,family_window,14,Ul'dah,All Saints/Halloween city decor,hw2,time_bg_hw2,wil_w0_twn01,97425,0x00017C91,97038,0x00017B0E,-387,other_isgrp,isgrp_004283,scheduler_group
22,family_window,15,Ul'dah,All Saints/Halloween city decor,hw2,time_bg_hw2,wil_w0_twn01,97425,0x00017C91,97051,0x00017B1B,-374,other_sgrp,sgrp_tutrl01,scheduler_group
22,family_window,16,Ul'dah,All Saints/Halloween city decor,hw2,time_bg_hw2,wil_w0_twn01,97425,0x00017C91,97183,0x00017B9F,-242,other_isgrp,isgrp_004287,scheduler_group
22,family_window,17,Ul'dah,All Saints/Halloween city decor,hw2,time_bg_hw2,wil_w0_twn01,97425,0x00017C91,97196,0x00017BAC,-229,owner_isgrp,isgrp_004289,scheduler_group
22,family_window,18,Ul'dah,All Saints/Halloween city decor,hw2,time_bg_hw2,wil_w0_twn01,97425,0x00017C91,97209,0x00017BB9,-216,other_sgrp,sgrp_0569,scheduler_group
22,family_window,19,Ul'dah,All Saints/Halloween city decor,hw2,time_bg_hw2,wil_w0_twn01,97425,0x00017C91,97264,0x00017BF0,-161,other_isgrp,isgrp_004296,scheduler_group
22,family_window,20,Ul'dah,All Saints/Halloween city decor,hw2,time_bg_hw2,wil_w0_twn01,97425,0x00017C91,97277,0x00017BFD,-148,nearby,Bk_isgrp_000621-013,interesting
22,family_window,21,Ul'dah,All Saints/Halloween city decor,hw2,time_bg_hw2,wil_w0_twn01,97425,0x00017C91,97297,0x00017C11,-128,other_isgrp,isgrp_004300,scheduler_group
22,family_window,22,Ul'dah,All Saints/Halloween city decor,hw2,time_bg_hw2,wil_w0_twn01,97425,0x00017C91,97310,0x00017C1E,-115,other_isgrp,isgrp_004308,scheduler_group
22,family_window,23,Ul'dah,All Saints/Halloween city decor,hw2,time_bg_hw2,wil_w0_twn01,97425,0x00017C91,97323,0x00017C2B,-102,other_sgrp,sgrp_tutrl02,scheduler_group
22,family_window,24,Ul'dah,All Saints/Halloween city decor,hw2,time_bg_hw2,wil_w0_twn01,97425,0x00017C91,97345,0x00017C41,-80,other_isgrp,isgrp_004311,scheduler_group
22,family_window,25,Ul'dah,All Saints/Halloween city decor,hw2,time_bg_hw2,wil_w0_twn01,97425,0x00017C91,97358,0x00017C4E,-67,other_isgrp,isgrp_004312,scheduler_group
22,family_window,26,Ul'dah,All Saints/Halloween city decor,hw2,time_bg_hw2,wil_w0_twn01,97425,0x00017C91,97371,0x00017C5B,-54,other_isgrp,isgrp_004313,scheduler_group
22,family_window,27,Ul'dah,All Saints/Halloween city decor,hw2,time_bg_hw2,wil_w0_twn01,97425,0x00017C91,97384,0x00017C68,-41,other_sgrp,sgrp_w0t0_h0_hlw1s_h,scheduler_group
22,family_window,28,Ul'dah,All Saints/Halloween city decor,hw2,time_bg_hw2,wil_w0_twn01,97425,0x00017C91,97405,0x00017C7D,-20,center_neighbor,w0t0_h0_hlw1s_h_001,interesting
22,family_window,29,Ul'dah,All Saints/Halloween city decor,hw2,time_bg_hw2,wil_w0_twn01,97425,0x00017C91,97425,0x00017C91,0,matched_group,sgrp_w0t0_h0_hlw2m_h,scheduler_group
22,family_window,30,Ul'dah,All Saints/Halloween city decor,hw2,time_bg_hw2,wil_w0_twn01,97425,0x00017C91,97446,0x00017CA6,21,center_neighbor,w0t0_h0_hlw2m_h_001,interesting
22,family_window,31,Ul'dah,All Saints/Halloween city decor,hw2,time_bg_hw2,wil_w0_twn01,97425,0x00017C91,97466,0x00017CBA,41,other_sgrp,sgrp_w0t0_h0_hlw3l_h,scheduler_group
22,family_window,32,Ul'dah,All Saints/Halloween city decor,hw2,time_bg_hw2,wil_w0_twn01,97425,0x00017C91,97487,0x00017CCF,62,nearby,w0t0_h0_hlw3l_h_001,interesting
22,family_window,33,Ul'dah,All Saints/Halloween city decor,hw2,time_bg_hw2,wil_w0_twn01,97425,0x00017C91,97507,0x00017CE3,82,other_sgrp,sgrp_w0t0_h0_hlw4l_h,scheduler_group
22,family_window,34,Ul'dah,All Saints/Halloween city decor,hw2,time_bg_hw2,wil_w0_twn01,97425,0x00017C91,97528,0x00017CF8,103,nearby,w0t0_h0_hlw4l_h_001,interesting
22,family_window,35,Ul'dah,All Saints/Halloween city decor,hw2,time_bg_hw2,wil_w0_twn01,97425,0x00017C91,97548,0x00017D0C,123,other_sgrp,sgrp_w0t0_h0_hlw5bg_h,scheduler_group
22,family_window,36,Ul'dah,All Saints/Halloween city decor,hw2,time_bg_hw2,wil_w0_twn01,97425,0x00017C91,97570,0x00017D22,145,nearby,w0t0_h0_hlw5bg_h_001,interesting
22,family_window,37,Ul'dah,All Saints/Halloween city decor,hw2,time_bg_hw2,wil_w0_twn01,97425,0x00017C91,97591,0x00017D37,166,other_sgrp,sgrp_w0t0_h0_hlw6k_h,scheduler_group
22,family_window,38,Ul'dah,All Saints/Halloween city decor,hw2,time_bg_hw2,wil_w0_twn01,97425,0x00017C91,97612,0x00017D4C,187,nearby,w0t0_h0_hlw6k_h_001,interesting
22,family_window,39,Ul'dah,All Saints/Halloween city decor,hw2,time_bg_hw2,wil_w0_twn01,97425,0x00017C91,97632,0x00017D60,207,other_sgrp,sgrp_w0t0_h0_hlw7t_h,scheduler_group
22,family_window,40,Ul'dah,All Saints/Halloween city decor,hw2,time_bg_hw2,wil_w0_twn01,97425,0x00017C91,97653,0x00017D75,228,nearby,w0t0_h0_hlw7t_h_001,interesting
22,family_window,41,Ul'dah,All Saints/Halloween city decor,hw2,time_bg_hw2,wil_w0_twn01,97425,0x00017C91,97673,0x00017D89,248,other_sgrp,sgrp_w0t0_h0_hlw8_sp,scheduler_group
22,family_window,42,Ul'dah,All Saints/Halloween city decor,hw2,time_bg_hw2,wil_w0_twn01,97425,0x00017C91,97694,0x00017D9E,269,nearby,w0t0_h0_hlw8_sp_001,interesting
22,family_window,43,Ul'dah,All Saints/Halloween city decor,hw2,time_bg_hw2,wil_w0_twn01,97425,0x00017C91,97714,0x00017DB2,289,other_sgrp,sgrp_w0t0_h0_hlw9_sp,scheduler_group
22,family_window,44,Ul'dah,All Saints/Halloween city decor,hw2,time_bg_hw2,wil_w0_twn01,97425,0x00017C91,97735,0x00017DC7,310,nearby,w0t0_h0_hlw9_sp_001,interesting
22,family_window,45,Ul'dah,All Saints/Halloween city decor,hw2,time_bg_hw2,wil_w0_twn01,97425,0x00017C91,97755,0x00017DDB,330,other_isgrp,isgrp_004315,scheduler_group
22,family_window,46,Ul'dah,All Saints/Halloween city decor,hw2,time_bg_hw2,wil_w0_twn01,97425,0x00017C91,97768,0x00017DE8,343,other_isgrp,isgrp_004316,scheduler_group
22,family_window,47,Ul'dah,All Saints/Halloween city decor,hw2,time_bg_hw2,wil_w0_twn01,97425,0x00017C91,97781,0x00017DF5,356,other_isgrp,isgrp_004317,scheduler_group
22,family_window,48,Ul'dah,All Saints/Halloween city decor,hw2,time_bg_hw2,wil_w0_twn01,97425,0x00017C91,97794,0x00017E02,369,other_isgrp,isgrp_004318,scheduler_group
22,family_window,49,Ul'dah,All Saints/Halloween city decor,hw2,time_bg_hw2,wil_w0_twn01,97425,0x00017C91,97807,0x00017E0F,382,other_isgrp,isgrp_004320,scheduler_group
22,family_window,50,Ul'dah,All Saints/Halloween city decor,hw2,time_bg_hw2,wil_w0_twn01,97425,0x00017C91,97820,0x00017E1C,395,other_isgrp,isgrp_004321,scheduler_group
22,family_window,51,Ul'dah,All Saints/Halloween city decor,hw2,time_bg_hw2,wil_w0_twn01,97425,0x00017C91,97833,0x00017E29,408,other_isgrp,isgrp_004322,scheduler_group
22,family_window,52,Ul'dah,All Saints/Halloween city decor,hw2,time_bg_hw2,wil_w0_twn01,97425,0x00017C91,97846,0x00017E36,421,other_isgrp,isgrp_004324,scheduler_group
22,family_window,53,Ul'dah,All Saints/Halloween city decor,hw2,time_bg_hw2,wil_w0_twn01,97425,0x00017C91,97859,0x00017E43,434,other_isgrp,isgrp_004325,scheduler_group
22,family_window,54,Ul'dah,All Saints/Halloween city decor,hw2,time_bg_hw2,wil_w0_twn01,97425,0x00017C91,97872,0x00017E50,447,other_isgrp,isgrp_004326,scheduler_group
22,family_window,55,Ul'dah,All Saints/Halloween city decor,hw2,time_bg_hw2,wil_w0_twn01,97425,0x00017C91,97885,0x00017E5D,460,other_sgrp,sgrp_w0t0_h0_hlw0p_h,scheduler_group
22,family_window,56,Ul'dah,All Saints/Halloween city decor,hw2,time_bg_hw2,wil_w0_twn01,97425,0x00017C91,97906,0x00017E72,481,nearby,w0t0_h0_hlw0p_h_001,interesting
22,family_window,57,Ul'dah,All Saints/Halloween city decor,hw2,time_bg_hw2,wil_w0_twn01,97425,0x00017C91,97926,0x00017E86,501,other_isgrp,isgrp_004328,scheduler_group
22,family_window,58,Ul'dah,All Saints/Halloween city decor,hw2,time_bg_hw2,wil_w0_twn01,97425,0x00017C91,97939,0x00017E93,514,other_isgrp,isgrp_004329,scheduler_group
22,family_window,59,Ul'dah,All Saints/Halloween city decor,hw2,time_bg_hw2,wil_w0_twn01,97425,0x00017C91,97952,0x00017EA0,527,other_isgrp,isgrp_004330,scheduler_group
22,family_window,60,Ul'dah,All Saints/Halloween city decor,hw2,time_bg_hw2,wil_w0_twn01,97425,0x00017C91,97965,0x00017EAD,540,other_isgrp,isgrp_004331,scheduler_group
22,family_window,61,Ul'dah,All Saints/Halloween city decor,hw2,time_bg_hw2,wil_w0_twn01,97425,0x00017C91,97978,0x00017EBA,553,other_isgrp,isgrp_004332,scheduler_group
22,family_window,62,Ul'dah,All Saints/Halloween city decor,hw2,time_bg_hw2,wil_w0_twn01,97425,0x00017C91,97991,0x00017EC7,566,other_isgrp,isgrp_004333,scheduler_group
22,family_window,63,Ul'dah,All Saints/Halloween city decor,hw2,time_bg_hw2,wil_w0_twn01,97425,0x00017C91,98004,0x00017ED4,579,other_isgrp,isgrp_004334,scheduler_group
22,family_window,64,Ul'dah,All Saints/Halloween city decor,hw2,time_bg_hw2,wil_w0_twn01,97425,0x00017C91,98017,0x00017EE1,592,other_isgrp,isgrp_004335,scheduler_group
22,family_window,65,Ul'dah,All Saints/Halloween city decor,hw2,time_bg_hw2,wil_w0_twn01,97425,0x00017C91,98030,0x00017EEE,605,other_isgrp,isgrp_004336,scheduler_group
22,family_window,66,Ul'dah,All Saints/Halloween city decor,hw2,time_bg_hw2,wil_w0_twn01,97425,0x00017C91,98043,0x00017EFB,618,other_isgrp,isgrp_004337,scheduler_group
22,family_window,67,Ul'dah,All Saints/Halloween city decor,hw2,time_bg_hw2,wil_w0_twn01,97425,0x00017C91,98056,0x00017F08,631,other_isgrp,isgrp_004338,scheduler_group
22,family_window,68,Ul'dah,All Saints/Halloween city decor,hw2,time_bg_hw2,wil_w0_twn01,97425,0x00017C91,98069,0x00017F15,644,other_isgrp,isgrp_004339,scheduler_group
22,family_window,69,Ul'dah,All Saints/Halloween city decor,hw2,time_bg_hw2,wil_w0_twn01,97425,0x00017C91,98082,0x00017F22,657,other_isgrp,isgrp_004340,scheduler_group
22,family_window,70,Ul'dah,All Saints/Halloween city decor,hw2,time_bg_hw2,wil_w0_twn01,97425,0x00017C91,98095,0x00017F2F,670,other_isgrp,isgrp_004341,scheduler_group
22,family_window,71,Ul'dah,All Saints/Halloween city decor,hw2,time_bg_hw2,wil_w0_twn01,97425,0x00017C91,98108,0x00017F3C,683,other_isgrp,isgrp_004342,scheduler_group
22,family_window,72,Ul'dah,All Saints/Halloween city decor,hw2,time_bg_hw2,wil_w0_twn01,97425,0x00017C91,98121,0x00017F49,696,other_isgrp,isgrp_004345,scheduler_group
22,family_window,73,Ul'dah,All Saints/Halloween city decor,hw2,time_bg_hw2,wil_w0_twn01,97425,0x00017C91,98134,0x00017F56,709,other_isgrp,isgrp_004346,scheduler_group
22,family_window,74,Ul'dah,All Saints/Halloween city decor,hw2,time_bg_hw2,wil_w0_twn01,97425,0x00017C91,98147,0x00017F63,722,other_isgrp,isgrp_004347,scheduler_group
22,family_window,75,Ul'dah,All Saints/Halloween city decor,hw2,time_bg_hw2,wil_w0_twn01,97425,0x00017C91,98160,0x00017F70,735,other_isgrp,isgrp_004348,scheduler_group
22,family_window,76,Ul'dah,All Saints/Halloween city decor,hw2,time_bg_hw2,wil_w0_twn01,97425,0x00017C91,98173,0x00017F7D,748,other_isgrp,isgrp_004349,scheduler_group
22,family_window,77,Ul'dah,All Saints/Halloween city decor,hw2,time_bg_hw2,wil_w0_twn01,97425,0x00017C91,98186,0x00017F8A,761,other_isgrp,isgrp_004350,scheduler_group
22,owner_window,1,Ul'dah,All Saints/Halloween city decor,hw2,time_bg_hw2,wil_w0_twn01,97196,0x00017BAC,96428,0x000178AC,-768,other_sgrp,sgrp_0566,scheduler_group
22,owner_window,2,Ul'dah,All Saints/Halloween city decor,hw2,time_bg_hw2,wil_w0_twn01,97196,0x00017BAC,96457,0x000178C9,-739,other_isgrp,isgrp_004271,scheduler_group
22,owner_window,3,Ul'dah,All Saints/Halloween city decor,hw2,time_bg_hw2,wil_w0_twn01,97196,0x00017BAC,96470,0x000178D6,-726,other_isgrp,isgrp_004272,scheduler_group
22,owner_window,4,Ul'dah,All Saints/Halloween city decor,hw2,time_bg_hw2,wil_w0_twn01,97196,0x00017BAC,96483,0x000178E3,-713,other_isgrp,isgrp_004273,scheduler_group
22,owner_window,5,Ul'dah,All Saints/Halloween city decor,hw2,time_bg_hw2,wil_w0_twn01,97196,0x00017BAC,96496,0x000178F0,-700,other_isgrp,isgrp_004274,scheduler_group
22,owner_window,6,Ul'dah,All Saints/Halloween city decor,hw2,time_bg_hw2,wil_w0_twn01,97196,0x00017BAC,96509,0x000178FD,-687,other_sgrp,sgrp_bg_flag1,scheduler_group
22,owner_window,7,Ul'dah,All Saints/Halloween city decor,hw2,time_bg_hw2,wil_w0_twn01,97196,0x00017BAC,96523,0x0001790B,-673,nearby,grp_flag1,flag_or_decor_group
22,owner_window,8,Ul'dah,All Saints/Halloween city decor,hw2,time_bg_hw2,wil_w0_twn01,97196,0x00017BAC,96609,0x00017961,-587,nearby,w0t0_g0_flg3s_h_1_007,flag_or_decor_group
22,owner_window,9,Ul'dah,All Saints/Halloween city decor,hw2,time_bg_hw2,wil_w0_twn01,97196,0x00017BAC,96631,0x00017977,-565,nearby,w0t0_g0_flg3s_h_1_008,flag_or_decor_group
22,owner_window,10,Ul'dah,All Saints/Halloween city decor,hw2,time_bg_hw2,wil_w0_twn01,97196,0x00017BAC,96653,0x0001798D,-543,nearby,w0t0_g0_flg3s_h_1_009,flag_or_decor_group
22,owner_window,11,Ul'dah,All Saints/Halloween city decor,hw2,time_bg_hw2,wil_w0_twn01,97196,0x00017BAC,96675,0x000179A3,-521,nearby,w0t0_g0_flg3s_h_1_010,flag_or_decor_group
22,owner_window,12,Ul'dah,All Saints/Halloween city decor,hw2,time_bg_hw2,wil_w0_twn01,97196,0x00017BAC,96781,0x00017A0D,-415,nearby,vfx_lamp01c_018_1,vfx_or_scene_def
22,owner_window,13,Ul'dah,All Saints/Halloween city decor,hw2,time_bg_hw2,wil_w0_twn01,97196,0x00017BAC,96799,0x00017A1F,-397,nearby,vfx_lamp01c_018_2,vfx_or_scene_def
22,owner_window,14,Ul'dah,All Saints/Halloween city decor,hw2,time_bg_hw2,wil_w0_twn01,97196,0x00017BAC,96817,0x00017A31,-379,nearby,vfx_lamp01c_018_3,vfx_or_scene_def
22,owner_window,15,Ul'dah,All Saints/Halloween city decor,hw2,time_bg_hw2,wil_w0_twn01,97196,0x00017BAC,96835,0x00017A43,-361,nearby,vfx_lamp01c_018_4,vfx_or_scene_def
22,owner_window,16,Ul'dah,All Saints/Halloween city decor,hw2,time_bg_hw2,wil_w0_twn01,97196,0x00017BAC,96920,0x00017A98,-276,other_isgrp,isgrp_004275,scheduler_group
22,owner_window,17,Ul'dah,All Saints/Halloween city decor,hw2,time_bg_hw2,wil_w0_twn01,97196,0x00017BAC,96933,0x00017AA5,-263,other_isgrp,isgrp_004277,scheduler_group
22,owner_window,18,Ul'dah,All Saints/Halloween city decor,hw2,time_bg_hw2,wil_w0_twn01,97196,0x00017BAC,96946,0x00017AB2,-250,other_isgrp,isgrp_004279,scheduler_group
22,owner_window,19,Ul'dah,All Saints/Halloween city decor,hw2,time_bg_hw2,wil_w0_twn01,97196,0x00017BAC,96959,0x00017ABF,-237,nearby,Bk_isgrp_000745-012,interesting
22,owner_window,20,Ul'dah,All Saints/Halloween city decor,hw2,time_bg_hw2,wil_w0_twn01,97196,0x00017BAC,96979,0x00017AD3,-217,other_isgrp,isgrp_004280,scheduler_group
22,owner_window,21,Ul'dah,All Saints/Halloween city decor,hw2,time_bg_hw2,wil_w0_twn01,97196,0x00017BAC,96992,0x00017AE0,-204,other_isgrp,isgrp_004281,scheduler_group
22,owner_window,22,Ul'dah,All Saints/Halloween city decor,hw2,time_bg_hw2,wil_w0_twn01,97196,0x00017BAC,97005,0x00017AED,-191,nearby,Bk_isgrp_000745-013,interesting
22,owner_window,23,Ul'dah,All Saints/Halloween city decor,hw2,time_bg_hw2,wil_w0_twn01,97196,0x00017BAC,97025,0x00017B01,-171,other_isgrp,isgrp_004282,scheduler_group
22,owner_window,24,Ul'dah,All Saints/Halloween city decor,hw2,time_bg_hw2,wil_w0_twn01,97196,0x00017BAC,97038,0x00017B0E,-158,other_isgrp,isgrp_004283,scheduler_group
22,owner_window,25,Ul'dah,All Saints/Halloween city decor,hw2,time_bg_hw2,wil_w0_twn01,97196,0x00017BAC,97051,0x00017B1B,-145,other_sgrp,sgrp_tutrl01,scheduler_group
22,owner_window,26,Ul'dah,All Saints/Halloween city decor,hw2,time_bg_hw2,wil_w0_twn01,97196,0x00017BAC,97183,0x00017B9F,-13,other_isgrp,isgrp_004287,scheduler_group
22,owner_window,27,Ul'dah,All Saints/Halloween city decor,hw2,time_bg_hw2,wil_w0_twn01,97196,0x00017BAC,97196,0x00017BAC,0,owner_isgrp,isgrp_004289,scheduler_group
22,owner_window,28,Ul'dah,All Saints/Halloween city decor,hw2,time_bg_hw2,wil_w0_twn01,97196,0x00017BAC,97209,0x00017BB9,13,other_sgrp,sgrp_0569,scheduler_group
22,owner_window,29,Ul'dah,All Saints/Halloween city decor,hw2,time_bg_hw2,wil_w0_twn01,97196,0x00017BAC,97264,0x00017BF0,68,other_isgrp,isgrp_004296,scheduler_group
22,owner_window,30,Ul'dah,All Saints/Halloween city decor,hw2,time_bg_hw2,wil_w0_twn01,97196,0x00017BAC,97277,0x00017BFD,81,nearby,Bk_isgrp_000621-013,interesting
22,owner_window,31,Ul'dah,All Saints/Halloween city decor,hw2,time_bg_hw2,wil_w0_twn01,97196,0x00017BAC,97297,0x00017C11,101,other_isgrp,isgrp_004300,scheduler_group
22,owner_window,32,Ul'dah,All Saints/Halloween city decor,hw2,time_bg_hw2,wil_w0_twn01,97196,0x00017BAC,97310,0x00017C1E,114,other_isgrp,isgrp_004308,scheduler_group
22,owner_window,33,Ul'dah,All Saints/Halloween city decor,hw2,time_bg_hw2,wil_w0_twn01,97196,0x00017BAC,97323,0x00017C2B,127,other_sgrp,sgrp_tutrl02,scheduler_group
22,owner_window,34,Ul'dah,All Saints/Halloween city decor,hw2,time_bg_hw2,wil_w0_twn01,97196,0x00017BAC,97345,0x00017C41,149,other_isgrp,isgrp_004311,scheduler_group
22,owner_window,35,Ul'dah,All Saints/Halloween city decor,hw2,time_bg_hw2,wil_w0_twn01,97196,0x00017BAC,97358,0x00017C4E,162,other_isgrp,isgrp_004312,scheduler_group
22,owner_window,36,Ul'dah,All Saints/Halloween city decor,hw2,time_bg_hw2,wil_w0_twn01,97196,0x00017BAC,97371,0x00017C5B,175,other_isgrp,isgrp_004313,scheduler_group
22,owner_window,37,Ul'dah,All Saints/Halloween city decor,hw2,time_bg_hw2,wil_w0_twn01,97196,0x00017BAC,97384,0x00017C68,188,other_sgrp,sgrp_w0t0_h0_hlw1s_h,scheduler_group
22,owner_window,38,Ul'dah,All Saints/Halloween city decor,hw2,time_bg_hw2,wil_w0_twn01,97196,0x00017BAC,97405,0x00017C7D,209,nearby,w0t0_h0_hlw1s_h_001,interesting
22,owner_window,39,Ul'dah,All Saints/Halloween city decor,hw2,time_bg_hw2,wil_w0_twn01,97196,0x00017BAC,97425,0x00017C91,229,matched_group,sgrp_w0t0_h0_hlw2m_h,scheduler_group
22,owner_window,40,Ul'dah,All Saints/Halloween city decor,hw2,time_bg_hw2,wil_w0_twn01,97196,0x00017BAC,97446,0x00017CA6,250,nearby,w0t0_h0_hlw2m_h_001,interesting
22,owner_window,41,Ul'dah,All Saints/Halloween city decor,hw2,time_bg_hw2,wil_w0_twn01,97196,0x00017BAC,97466,0x00017CBA,270,other_sgrp,sgrp_w0t0_h0_hlw3l_h,scheduler_group
22,owner_window,42,Ul'dah,All Saints/Halloween city decor,hw2,time_bg_hw2,wil_w0_twn01,97196,0x00017BAC,97487,0x00017CCF,291,nearby,w0t0_h0_hlw3l_h_001,interesting
22,owner_window,43,Ul'dah,All Saints/Halloween city decor,hw2,time_bg_hw2,wil_w0_twn01,97196,0x00017BAC,97507,0x00017CE3,311,other_sgrp,sgrp_w0t0_h0_hlw4l_h,scheduler_group
22,owner_window,44,Ul'dah,All Saints/Halloween city decor,hw2,time_bg_hw2,wil_w0_twn01,97196,0x00017BAC,97528,0x00017CF8,332,nearby,w0t0_h0_hlw4l_h_001,interesting
22,owner_window,45,Ul'dah,All Saints/Halloween city decor,hw2,time_bg_hw2,wil_w0_twn01,97196,0x00017BAC,97548,0x00017D0C,352,other_sgrp,sgrp_w0t0_h0_hlw5bg_h,scheduler_group
22,owner_window,46,Ul'dah,All Saints/Halloween city decor,hw2,time_bg_hw2,wil_w0_twn01,97196,0x00017BAC,97570,0x00017D22,374,nearby,w0t0_h0_hlw5bg_h_001,interesting
22,owner_window,47,Ul'dah,All Saints/Halloween city decor,hw2,time_bg_hw2,wil_w0_twn01,97196,0x00017BAC,97591,0x00017D37,395,other_sgrp,sgrp_w0t0_h0_hlw6k_h,scheduler_group
22,owner_window,48,Ul'dah,All Saints/Halloween city decor,hw2,time_bg_hw2,wil_w0_twn01,97196,0x00017BAC,97612,0x00017D4C,416,nearby,w0t0_h0_hlw6k_h_001,interesting
22,owner_window,49,Ul'dah,All Saints/Halloween city decor,hw2,time_bg_hw2,wil_w0_twn01,97196,0x00017BAC,97632,0x00017D60,436,other_sgrp,sgrp_w0t0_h0_hlw7t_h,scheduler_group
22,owner_window,50,Ul'dah,All Saints/Halloween city decor,hw2,time_bg_hw2,wil_w0_twn01,97196,0x00017BAC,97653,0x00017D75,457,nearby,w0t0_h0_hlw7t_h_001,interesting
22,owner_window,51,Ul'dah,All Saints/Halloween city decor,hw2,time_bg_hw2,wil_w0_twn01,97196,0x00017BAC,97673,0x00017D89,477,other_sgrp,sgrp_w0t0_h0_hlw8_sp,scheduler_group
22,owner_window,52,Ul'dah,All Saints/Halloween city decor,hw2,time_bg_hw2,wil_w0_twn01,97196,0x00017BAC,97694,0x00017D9E,498,nearby,w0t0_h0_hlw8_sp_001,interesting
22,owner_window,53,Ul'dah,All Saints/Halloween city decor,hw2,time_bg_hw2,wil_w0_twn01,97196,0x00017BAC,97714,0x00017DB2,518,other_sgrp,sgrp_w0t0_h0_hlw9_sp,scheduler_group
22,owner_window,54,Ul'dah,All Saints/Halloween city decor,hw2,time_bg_hw2,wil_w0_twn01,97196,0x00017BAC,97735,0x00017DC7,539,nearby,w0t0_h0_hlw9_sp_001,interesting
22,owner_window,55,Ul'dah,All Saints/Halloween city decor,hw2,time_bg_hw2,wil_w0_twn01,97196,0x00017BAC,97755,0x00017DDB,559,other_isgrp,isgrp_004315,scheduler_group
22,owner_window,56,Ul'dah,All Saints/Halloween city decor,hw2,time_bg_hw2,wil_w0_twn01,97196,0x00017BAC,97768,0x00017DE8,572,other_isgrp,isgrp_004316,scheduler_group
22,owner_window,57,Ul'dah,All Saints/Halloween city decor,hw2,time_bg_hw2,wil_w0_twn01,97196,0x00017BAC,97781,0x00017DF5,585,other_isgrp,isgrp_004317,scheduler_group
22,owner_window,58,Ul'dah,All Saints/Halloween city decor,hw2,time_bg_hw2,wil_w0_twn01,97196,0x00017BAC,97794,0x00017E02,598,other_isgrp,isgrp_004318,scheduler_group
22,owner_window,59,Ul'dah,All Saints/Halloween city decor,hw2,time_bg_hw2,wil_w0_twn01,97196,0x00017BAC,97807,0x00017E0F,611,other_isgrp,isgrp_004320,scheduler_group
22,owner_window,60,Ul'dah,All Saints/Halloween city decor,hw2,time_bg_hw2,wil_w0_twn01,97196,0x00017BAC,97820,0x00017E1C,624,other_isgrp,isgrp_004321,scheduler_group
22,owner_window,61,Ul'dah,All Saints/Halloween city decor,hw2,time_bg_hw2,wil_w0_twn01,97196,0x00017BAC,97833,0x00017E29,637,other_isgrp,isgrp_004322,scheduler_group
22,owner_window,62,Ul'dah,All Saints/Halloween city decor,hw2,time_bg_hw2,wil_w0_twn01,97196,0x00017BAC,97846,0x00017E36,650,other_isgrp,isgrp_004324,scheduler_group
22,owner_window,63,Ul'dah,All Saints/Halloween city decor,hw2,time_bg_hw2,wil_w0_twn01,97196,0x00017BAC,97859,0x00017E43,663,other_isgrp,isgrp_004325,scheduler_group
22,owner_window,64,Ul'dah,All Saints/Halloween city decor,hw2,time_bg_hw2,wil_w0_twn01,97196,0x00017BAC,97872,0x00017E50,676,other_isgrp,isgrp_004326,scheduler_group
22,owner_window,65,Ul'dah,All Saints/Halloween city decor,hw2,time_bg_hw2,wil_w0_twn01,97196,0x00017BAC,97885,0x00017E5D,689,other_sgrp,sgrp_w0t0_h0_hlw0p_h,scheduler_group
22,owner_window,66,Ul'dah,All Saints/Halloween city decor,hw2,time_bg_hw2,wil_w0_twn01,97196,0x00017BAC,97906,0x00017E72,710,nearby,w0t0_h0_hlw0p_h_001,interesting
22,owner_window,67,Ul'dah,All Saints/Halloween city decor,hw2,time_bg_hw2,wil_w0_twn01,97196,0x00017BAC,97926,0x00017E86,730,other_isgrp,isgrp_004328,scheduler_group
22,owner_window,68,Ul'dah,All Saints/Halloween city decor,hw2,time_bg_hw2,wil_w0_twn01,97196,0x00017BAC,97939,0x00017E93,743,other_isgrp,isgrp_004329,scheduler_group
22,owner_window,69,Ul'dah,All Saints/Halloween city decor,hw2,time_bg_hw2,wil_w0_twn01,97196,0x00017BAC,97952,0x00017EA0,756,other_isgrp,isgrp_004330,scheduler_group
23,family_window,1,Ul'dah,All Saints/Halloween city decor,hw3,time_bg_hw3,wil_w0_twn01,97466,0x00017CBA,96781,0x00017A0D,-685,nearby,vfx_lamp01c_018_1,vfx_or_scene_def
23,family_window,2,Ul'dah,All Saints/Halloween city decor,hw3,time_bg_hw3,wil_w0_twn01,97466,0x00017CBA,96799,0x00017A1F,-667,nearby,vfx_lamp01c_018_2,vfx_or_scene_def
23,family_window,3,Ul'dah,All Saints/Halloween city decor,hw3,time_bg_hw3,wil_w0_twn01,97466,0x00017CBA,96817,0x00017A31,-649,nearby,vfx_lamp01c_018_3,vfx_or_scene_def
23,family_window,4,Ul'dah,All Saints/Halloween city decor,hw3,time_bg_hw3,wil_w0_twn01,97466,0x00017CBA,96835,0x00017A43,-631,nearby,vfx_lamp01c_018_4,vfx_or_scene_def
23,family_window,5,Ul'dah,All Saints/Halloween city decor,hw3,time_bg_hw3,wil_w0_twn01,97466,0x00017CBA,96920,0x00017A98,-546,other_isgrp,isgrp_004275,scheduler_group
23,family_window,6,Ul'dah,All Saints/Halloween city decor,hw3,time_bg_hw3,wil_w0_twn01,97466,0x00017CBA,96933,0x00017AA5,-533,other_isgrp,isgrp_004277,scheduler_group
23,family_window,7,Ul'dah,All Saints/Halloween city decor,hw3,time_bg_hw3,wil_w0_twn01,97466,0x00017CBA,96946,0x00017AB2,-520,other_isgrp,isgrp_004279,scheduler_group
23,family_window,8,Ul'dah,All Saints/Halloween city decor,hw3,time_bg_hw3,wil_w0_twn01,97466,0x00017CBA,96959,0x00017ABF,-507,nearby,Bk_isgrp_000745-012,interesting
23,family_window,9,Ul'dah,All Saints/Halloween city decor,hw3,time_bg_hw3,wil_w0_twn01,97466,0x00017CBA,96979,0x00017AD3,-487,other_isgrp,isgrp_004280,scheduler_group
23,family_window,10,Ul'dah,All Saints/Halloween city decor,hw3,time_bg_hw3,wil_w0_twn01,97466,0x00017CBA,96992,0x00017AE0,-474,other_isgrp,isgrp_004281,scheduler_group
23,family_window,11,Ul'dah,All Saints/Halloween city decor,hw3,time_bg_hw3,wil_w0_twn01,97466,0x00017CBA,97005,0x00017AED,-461,nearby,Bk_isgrp_000745-013,interesting
23,family_window,12,Ul'dah,All Saints/Halloween city decor,hw3,time_bg_hw3,wil_w0_twn01,97466,0x00017CBA,97025,0x00017B01,-441,other_isgrp,isgrp_004282,scheduler_group
23,family_window,13,Ul'dah,All Saints/Halloween city decor,hw3,time_bg_hw3,wil_w0_twn01,97466,0x00017CBA,97038,0x00017B0E,-428,other_isgrp,isgrp_004283,scheduler_group
23,family_window,14,Ul'dah,All Saints/Halloween city decor,hw3,time_bg_hw3,wil_w0_twn01,97466,0x00017CBA,97051,0x00017B1B,-415,other_sgrp,sgrp_tutrl01,scheduler_group
23,family_window,15,Ul'dah,All Saints/Halloween city decor,hw3,time_bg_hw3,wil_w0_twn01,97466,0x00017CBA,97183,0x00017B9F,-283,other_isgrp,isgrp_004287,scheduler_group
23,family_window,16,Ul'dah,All Saints/Halloween city decor,hw3,time_bg_hw3,wil_w0_twn01,97466,0x00017CBA,97196,0x00017BAC,-270,owner_isgrp,isgrp_004289,scheduler_group
23,family_window,17,Ul'dah,All Saints/Halloween city decor,hw3,time_bg_hw3,wil_w0_twn01,97466,0x00017CBA,97209,0x00017BB9,-257,other_sgrp,sgrp_0569,scheduler_group
23,family_window,18,Ul'dah,All Saints/Halloween city decor,hw3,time_bg_hw3,wil_w0_twn01,97466,0x00017CBA,97264,0x00017BF0,-202,other_isgrp,isgrp_004296,scheduler_group
23,family_window,19,Ul'dah,All Saints/Halloween city decor,hw3,time_bg_hw3,wil_w0_twn01,97466,0x00017CBA,97277,0x00017BFD,-189,nearby,Bk_isgrp_000621-013,interesting
23,family_window,20,Ul'dah,All Saints/Halloween city decor,hw3,time_bg_hw3,wil_w0_twn01,97466,0x00017CBA,97297,0x00017C11,-169,other_isgrp,isgrp_004300,scheduler_group
23,family_window,21,Ul'dah,All Saints/Halloween city decor,hw3,time_bg_hw3,wil_w0_twn01,97466,0x00017CBA,97310,0x00017C1E,-156,other_isgrp,isgrp_004308,scheduler_group
23,family_window,22,Ul'dah,All Saints/Halloween city decor,hw3,time_bg_hw3,wil_w0_twn01,97466,0x00017CBA,97323,0x00017C2B,-143,other_sgrp,sgrp_tutrl02,scheduler_group
23,family_window,23,Ul'dah,All Saints/Halloween city decor,hw3,time_bg_hw3,wil_w0_twn01,97466,0x00017CBA,97345,0x00017C41,-121,other_isgrp,isgrp_004311,scheduler_group
23,family_window,24,Ul'dah,All Saints/Halloween city decor,hw3,time_bg_hw3,wil_w0_twn01,97466,0x00017CBA,97358,0x00017C4E,-108,other_isgrp,isgrp_004312,scheduler_group
23,family_window,25,Ul'dah,All Saints/Halloween city decor,hw3,time_bg_hw3,wil_w0_twn01,97466,0x00017CBA,97371,0x00017C5B,-95,other_isgrp,isgrp_004313,scheduler_group
23,family_window,26,Ul'dah,All Saints/Halloween city decor,hw3,time_bg_hw3,wil_w0_twn01,97466,0x00017CBA,97384,0x00017C68,-82,other_sgrp,sgrp_w0t0_h0_hlw1s_h,scheduler_group
23,family_window,27,Ul'dah,All Saints/Halloween city decor,hw3,time_bg_hw3,wil_w0_twn01,97466,0x00017CBA,97405,0x00017C7D,-61,nearby,w0t0_h0_hlw1s_h_001,interesting
23,family_window,28,Ul'dah,All Saints/Halloween city decor,hw3,time_bg_hw3,wil_w0_twn01,97466,0x00017CBA,97425,0x00017C91,-41,other_sgrp,sgrp_w0t0_h0_hlw2m_h,scheduler_group
23,family_window,29,Ul'dah,All Saints/Halloween city decor,hw3,time_bg_hw3,wil_w0_twn01,97466,0x00017CBA,97446,0x00017CA6,-20,center_neighbor,w0t0_h0_hlw2m_h_001,interesting
23,family_window,30,Ul'dah,All Saints/Halloween city decor,hw3,time_bg_hw3,wil_w0_twn01,97466,0x00017CBA,97466,0x00017CBA,0,matched_group,sgrp_w0t0_h0_hlw3l_h,scheduler_group
23,family_window,31,Ul'dah,All Saints/Halloween city decor,hw3,time_bg_hw3,wil_w0_twn01,97466,0x00017CBA,97487,0x00017CCF,21,center_neighbor,w0t0_h0_hlw3l_h_001,interesting
23,family_window,32,Ul'dah,All Saints/Halloween city decor,hw3,time_bg_hw3,wil_w0_twn01,97466,0x00017CBA,97507,0x00017CE3,41,other_sgrp,sgrp_w0t0_h0_hlw4l_h,scheduler_group
23,family_window,33,Ul'dah,All Saints/Halloween city decor,hw3,time_bg_hw3,wil_w0_twn01,97466,0x00017CBA,97528,0x00017CF8,62,nearby,w0t0_h0_hlw4l_h_001,interesting
23,family_window,34,Ul'dah,All Saints/Halloween city decor,hw3,time_bg_hw3,wil_w0_twn01,97466,0x00017CBA,97548,0x00017D0C,82,other_sgrp,sgrp_w0t0_h0_hlw5bg_h,scheduler_group
23,family_window,35,Ul'dah,All Saints/Halloween city decor,hw3,time_bg_hw3,wil_w0_twn01,97466,0x00017CBA,97570,0x00017D22,104,nearby,w0t0_h0_hlw5bg_h_001,interesting
23,family_window,36,Ul'dah,All Saints/Halloween city decor,hw3,time_bg_hw3,wil_w0_twn01,97466,0x00017CBA,97591,0x00017D37,125,other_sgrp,sgrp_w0t0_h0_hlw6k_h,scheduler_group
23,family_window,37,Ul'dah,All Saints/Halloween city decor,hw3,time_bg_hw3,wil_w0_twn01,97466,0x00017CBA,97612,0x00017D4C,146,nearby,w0t0_h0_hlw6k_h_001,interesting
23,family_window,38,Ul'dah,All Saints/Halloween city decor,hw3,time_bg_hw3,wil_w0_twn01,97466,0x00017CBA,97632,0x00017D60,166,other_sgrp,sgrp_w0t0_h0_hlw7t_h,scheduler_group
23,family_window,39,Ul'dah,All Saints/Halloween city decor,hw3,time_bg_hw3,wil_w0_twn01,97466,0x00017CBA,97653,0x00017D75,187,nearby,w0t0_h0_hlw7t_h_001,interesting
23,family_window,40,Ul'dah,All Saints/Halloween city decor,hw3,time_bg_hw3,wil_w0_twn01,97466,0x00017CBA,97673,0x00017D89,207,other_sgrp,sgrp_w0t0_h0_hlw8_sp,scheduler_group
23,family_window,41,Ul'dah,All Saints/Halloween city decor,hw3,time_bg_hw3,wil_w0_twn01,97466,0x00017CBA,97694,0x00017D9E,228,nearby,w0t0_h0_hlw8_sp_001,interesting
23,family_window,42,Ul'dah,All Saints/Halloween city decor,hw3,time_bg_hw3,wil_w0_twn01,97466,0x00017CBA,97714,0x00017DB2,248,other_sgrp,sgrp_w0t0_h0_hlw9_sp,scheduler_group
23,family_window,43,Ul'dah,All Saints/Halloween city decor,hw3,time_bg_hw3,wil_w0_twn01,97466,0x00017CBA,97735,0x00017DC7,269,nearby,w0t0_h0_hlw9_sp_001,interesting
23,family_window,44,Ul'dah,All Saints/Halloween city decor,hw3,time_bg_hw3,wil_w0_twn01,97466,0x00017CBA,97755,0x00017DDB,289,other_isgrp,isgrp_004315,scheduler_group
23,family_window,45,Ul'dah,All Saints/Halloween city decor,hw3,time_bg_hw3,wil_w0_twn01,97466,0x00017CBA,97768,0x00017DE8,302,other_isgrp,isgrp_004316,scheduler_group
23,family_window,46,Ul'dah,All Saints/Halloween city decor,hw3,time_bg_hw3,wil_w0_twn01,97466,0x00017CBA,97781,0x00017DF5,315,other_isgrp,isgrp_004317,scheduler_group
23,family_window,47,Ul'dah,All Saints/Halloween city decor,hw3,time_bg_hw3,wil_w0_twn01,97466,0x00017CBA,97794,0x00017E02,328,other_isgrp,isgrp_004318,scheduler_group
23,family_window,48,Ul'dah,All Saints/Halloween city decor,hw3,time_bg_hw3,wil_w0_twn01,97466,0x00017CBA,97807,0x00017E0F,341,other_isgrp,isgrp_004320,scheduler_group
23,family_window,49,Ul'dah,All Saints/Halloween city decor,hw3,time_bg_hw3,wil_w0_twn01,97466,0x00017CBA,97820,0x00017E1C,354,other_isgrp,isgrp_004321,scheduler_group
23,family_window,50,Ul'dah,All Saints/Halloween city decor,hw3,time_bg_hw3,wil_w0_twn01,97466,0x00017CBA,97833,0x00017E29,367,other_isgrp,isgrp_004322,scheduler_group
23,family_window,51,Ul'dah,All Saints/Halloween city decor,hw3,time_bg_hw3,wil_w0_twn01,97466,0x00017CBA,97846,0x00017E36,380,other_isgrp,isgrp_004324,scheduler_group
23,family_window,52,Ul'dah,All Saints/Halloween city decor,hw3,time_bg_hw3,wil_w0_twn01,97466,0x00017CBA,97859,0x00017E43,393,other_isgrp,isgrp_004325,scheduler_group
23,family_window,53,Ul'dah,All Saints/Halloween city decor,hw3,time_bg_hw3,wil_w0_twn01,97466,0x00017CBA,97872,0x00017E50,406,other_isgrp,isgrp_004326,scheduler_group
23,family_window,54,Ul'dah,All Saints/Halloween city decor,hw3,time_bg_hw3,wil_w0_twn01,97466,0x00017CBA,97885,0x00017E5D,419,other_sgrp,sgrp_w0t0_h0_hlw0p_h,scheduler_group
23,family_window,55,Ul'dah,All Saints/Halloween city decor,hw3,time_bg_hw3,wil_w0_twn01,97466,0x00017CBA,97906,0x00017E72,440,nearby,w0t0_h0_hlw0p_h_001,interesting
23,family_window,56,Ul'dah,All Saints/Halloween city decor,hw3,time_bg_hw3,wil_w0_twn01,97466,0x00017CBA,97926,0x00017E86,460,other_isgrp,isgrp_004328,scheduler_group
23,family_window,57,Ul'dah,All Saints/Halloween city decor,hw3,time_bg_hw3,wil_w0_twn01,97466,0x00017CBA,97939,0x00017E93,473,other_isgrp,isgrp_004329,scheduler_group
23,family_window,58,Ul'dah,All Saints/Halloween city decor,hw3,time_bg_hw3,wil_w0_twn01,97466,0x00017CBA,97952,0x00017EA0,486,other_isgrp,isgrp_004330,scheduler_group
23,family_window,59,Ul'dah,All Saints/Halloween city decor,hw3,time_bg_hw3,wil_w0_twn01,97466,0x00017CBA,97965,0x00017EAD,499,other_isgrp,isgrp_004331,scheduler_group
23,family_window,60,Ul'dah,All Saints/Halloween city decor,hw3,time_bg_hw3,wil_w0_twn01,97466,0x00017CBA,97978,0x00017EBA,512,other_isgrp,isgrp_004332,scheduler_group
23,family_window,61,Ul'dah,All Saints/Halloween city decor,hw3,time_bg_hw3,wil_w0_twn01,97466,0x00017CBA,97991,0x00017EC7,525,other_isgrp,isgrp_004333,scheduler_group
23,family_window,62,Ul'dah,All Saints/Halloween city decor,hw3,time_bg_hw3,wil_w0_twn01,97466,0x00017CBA,98004,0x00017ED4,538,other_isgrp,isgrp_004334,scheduler_group
23,family_window,63,Ul'dah,All Saints/Halloween city decor,hw3,time_bg_hw3,wil_w0_twn01,97466,0x00017CBA,98017,0x00017EE1,551,other_isgrp,isgrp_004335,scheduler_group
23,family_window,64,Ul'dah,All Saints/Halloween city decor,hw3,time_bg_hw3,wil_w0_twn01,97466,0x00017CBA,98030,0x00017EEE,564,other_isgrp,isgrp_004336,scheduler_group
23,family_window,65,Ul'dah,All Saints/Halloween city decor,hw3,time_bg_hw3,wil_w0_twn01,97466,0x00017CBA,98043,0x00017EFB,577,other_isgrp,isgrp_004337,scheduler_group
23,family_window,66,Ul'dah,All Saints/Halloween city decor,hw3,time_bg_hw3,wil_w0_twn01,97466,0x00017CBA,98056,0x00017F08,590,other_isgrp,isgrp_004338,scheduler_group
23,family_window,67,Ul'dah,All Saints/Halloween city decor,hw3,time_bg_hw3,wil_w0_twn01,97466,0x00017CBA,98069,0x00017F15,603,other_isgrp,isgrp_004339,scheduler_group
23,family_window,68,Ul'dah,All Saints/Halloween city decor,hw3,time_bg_hw3,wil_w0_twn01,97466,0x00017CBA,98082,0x00017F22,616,other_isgrp,isgrp_004340,scheduler_group
23,family_window,69,Ul'dah,All Saints/Halloween city decor,hw3,time_bg_hw3,wil_w0_twn01,97466,0x00017CBA,98095,0x00017F2F,629,other_isgrp,isgrp_004341,scheduler_group
23,family_window,70,Ul'dah,All Saints/Halloween city decor,hw3,time_bg_hw3,wil_w0_twn01,97466,0x00017CBA,98108,0x00017F3C,642,other_isgrp,isgrp_004342,scheduler_group
23,family_window,71,Ul'dah,All Saints/Halloween city decor,hw3,time_bg_hw3,wil_w0_twn01,97466,0x00017CBA,98121,0x00017F49,655,other_isgrp,isgrp_004345,scheduler_group
23,family_window,72,Ul'dah,All Saints/Halloween city decor,hw3,time_bg_hw3,wil_w0_twn01,97466,0x00017CBA,98134,0x00017F56,668,other_isgrp,isgrp_004346,scheduler_group
23,family_window,73,Ul'dah,All Saints/Halloween city decor,hw3,time_bg_hw3,wil_w0_twn01,97466,0x00017CBA,98147,0x00017F63,681,other_isgrp,isgrp_004347,scheduler_group
23,family_window,74,Ul'dah,All Saints/Halloween city decor,hw3,time_bg_hw3,wil_w0_twn01,97466,0x00017CBA,98160,0x00017F70,694,other_isgrp,isgrp_004348,scheduler_group
23,family_window,75,Ul'dah,All Saints/Halloween city decor,hw3,time_bg_hw3,wil_w0_twn01,97466,0x00017CBA,98173,0x00017F7D,707,other_isgrp,isgrp_004349,scheduler_group
23,family_window,76,Ul'dah,All Saints/Halloween city decor,hw3,time_bg_hw3,wil_w0_twn01,97466,0x00017CBA,98186,0x00017F8A,720,other_isgrp,isgrp_004350,scheduler_group
23,family_window,77,Ul'dah,All Saints/Halloween city decor,hw3,time_bg_hw3,wil_w0_twn01,97466,0x00017CBA,98199,0x00017F97,733,other_isgrp,isgrp_004351,scheduler_group
23,family_window,78,Ul'dah,All Saints/Halloween city decor,hw3,time_bg_hw3,wil_w0_twn01,97466,0x00017CBA,98212,0x00017FA4,746,other_isgrp,isgrp_004353,scheduler_group
23,family_window,79,Ul'dah,All Saints/Halloween city decor,hw3,time_bg_hw3,wil_w0_twn01,97466,0x00017CBA,98225,0x00017FB1,759,other_isgrp,isgrp_004354,scheduler_group
23,owner_window,1,Ul'dah,All Saints/Halloween city decor,hw3,time_bg_hw3,wil_w0_twn01,97196,0x00017BAC,96428,0x000178AC,-768,other_sgrp,sgrp_0566,scheduler_group
23,owner_window,2,Ul'dah,All Saints/Halloween city decor,hw3,time_bg_hw3,wil_w0_twn01,97196,0x00017BAC,96457,0x000178C9,-739,other_isgrp,isgrp_004271,scheduler_group
23,owner_window,3,Ul'dah,All Saints/Halloween city decor,hw3,time_bg_hw3,wil_w0_twn01,97196,0x00017BAC,96470,0x000178D6,-726,other_isgrp,isgrp_004272,scheduler_group
23,owner_window,4,Ul'dah,All Saints/Halloween city decor,hw3,time_bg_hw3,wil_w0_twn01,97196,0x00017BAC,96483,0x000178E3,-713,other_isgrp,isgrp_004273,scheduler_group
23,owner_window,5,Ul'dah,All Saints/Halloween city decor,hw3,time_bg_hw3,wil_w0_twn01,97196,0x00017BAC,96496,0x000178F0,-700,other_isgrp,isgrp_004274,scheduler_group
23,owner_window,6,Ul'dah,All Saints/Halloween city decor,hw3,time_bg_hw3,wil_w0_twn01,97196,0x00017BAC,96509,0x000178FD,-687,other_sgrp,sgrp_bg_flag1,scheduler_group
23,owner_window,7,Ul'dah,All Saints/Halloween city decor,hw3,time_bg_hw3,wil_w0_twn01,97196,0x00017BAC,96523,0x0001790B,-673,nearby,grp_flag1,flag_or_decor_group
23,owner_window,8,Ul'dah,All Saints/Halloween city decor,hw3,time_bg_hw3,wil_w0_twn01,97196,0x00017BAC,96609,0x00017961,-587,nearby,w0t0_g0_flg3s_h_1_007,flag_or_decor_group
23,owner_window,9,Ul'dah,All Saints/Halloween city decor,hw3,time_bg_hw3,wil_w0_twn01,97196,0x00017BAC,96631,0x00017977,-565,nearby,w0t0_g0_flg3s_h_1_008,flag_or_decor_group
23,owner_window,10,Ul'dah,All Saints/Halloween city decor,hw3,time_bg_hw3,wil_w0_twn01,97196,0x00017BAC,96653,0x0001798D,-543,nearby,w0t0_g0_flg3s_h_1_009,flag_or_decor_group
23,owner_window,11,Ul'dah,All Saints/Halloween city decor,hw3,time_bg_hw3,wil_w0_twn01,97196,0x00017BAC,96675,0x000179A3,-521,nearby,w0t0_g0_flg3s_h_1_010,flag_or_decor_group
23,owner_window,12,Ul'dah,All Saints/Halloween city decor,hw3,time_bg_hw3,wil_w0_twn01,97196,0x00017BAC,96781,0x00017A0D,-415,nearby,vfx_lamp01c_018_1,vfx_or_scene_def
23,owner_window,13,Ul'dah,All Saints/Halloween city decor,hw3,time_bg_hw3,wil_w0_twn01,97196,0x00017BAC,96799,0x00017A1F,-397,nearby,vfx_lamp01c_018_2,vfx_or_scene_def
23,owner_window,14,Ul'dah,All Saints/Halloween city decor,hw3,time_bg_hw3,wil_w0_twn01,97196,0x00017BAC,96817,0x00017A31,-379,nearby,vfx_lamp01c_018_3,vfx_or_scene_def
23,owner_window,15,Ul'dah,All Saints/Halloween city decor,hw3,time_bg_hw3,wil_w0_twn01,97196,0x00017BAC,96835,0x00017A43,-361,nearby,vfx_lamp01c_018_4,vfx_or_scene_def
23,owner_window,16,Ul'dah,All Saints/Halloween city decor,hw3,time_bg_hw3,wil_w0_twn01,97196,0x00017BAC,96920,0x00017A98,-276,other_isgrp,isgrp_004275,scheduler_group
23,owner_window,17,Ul'dah,All Saints/Halloween city decor,hw3,time_bg_hw3,wil_w0_twn01,97196,0x00017BAC,96933,0x00017AA5,-263,other_isgrp,isgrp_004277,scheduler_group
23,owner_window,18,Ul'dah,All Saints/Halloween city decor,hw3,time_bg_hw3,wil_w0_twn01,97196,0x00017BAC,96946,0x00017AB2,-250,other_isgrp,isgrp_004279,scheduler_group
23,owner_window,19,Ul'dah,All Saints/Halloween city decor,hw3,time_bg_hw3,wil_w0_twn01,97196,0x00017BAC,96959,0x00017ABF,-237,nearby,Bk_isgrp_000745-012,interesting
23,owner_window,20,Ul'dah,All Saints/Halloween city decor,hw3,time_bg_hw3,wil_w0_twn01,97196,0x00017BAC,96979,0x00017AD3,-217,other_isgrp,isgrp_004280,scheduler_group
23,owner_window,21,Ul'dah,All Saints/Halloween city decor,hw3,time_bg_hw3,wil_w0_twn01,97196,0x00017BAC,96992,0x00017AE0,-204,other_isgrp,isgrp_004281,scheduler_group
23,owner_window,22,Ul'dah,All Saints/Halloween city decor,hw3,time_bg_hw3,wil_w0_twn01,97196,0x00017BAC,97005,0x00017AED,-191,nearby,Bk_isgrp_000745-013,interesting
23,owner_window,23,Ul'dah,All Saints/Halloween city decor,hw3,time_bg_hw3,wil_w0_twn01,97196,0x00017BAC,97025,0x00017B01,-171,other_isgrp,isgrp_004282,scheduler_group
23,owner_window,24,Ul'dah,All Saints/Halloween city decor,hw3,time_bg_hw3,wil_w0_twn01,97196,0x00017BAC,97038,0x00017B0E,-158,other_isgrp,isgrp_004283,scheduler_group
23,owner_window,25,Ul'dah,All Saints/Halloween city decor,hw3,time_bg_hw3,wil_w0_twn01,97196,0x00017BAC,97051,0x00017B1B,-145,other_sgrp,sgrp_tutrl01,scheduler_group
23,owner_window,26,Ul'dah,All Saints/Halloween city decor,hw3,time_bg_hw3,wil_w0_twn01,97196,0x00017BAC,97183,0x00017B9F,-13,other_isgrp,isgrp_004287,scheduler_group
23,owner_window,27,Ul'dah,All Saints/Halloween city decor,hw3,time_bg_hw3,wil_w0_twn01,97196,0x00017BAC,97196,0x00017BAC,0,owner_isgrp,isgrp_004289,scheduler_group
23,owner_window,28,Ul'dah,All Saints/Halloween city decor,hw3,time_bg_hw3,wil_w0_twn01,97196,0x00017BAC,97209,0x00017BB9,13,other_sgrp,sgrp_0569,scheduler_group
23,owner_window,29,Ul'dah,All Saints/Halloween city decor,hw3,time_bg_hw3,wil_w0_twn01,97196,0x00017BAC,97264,0x00017BF0,68,other_isgrp,isgrp_004296,scheduler_group
23,owner_window,30,Ul'dah,All Saints/Halloween city decor,hw3,time_bg_hw3,wil_w0_twn01,97196,0x00017BAC,97277,0x00017BFD,81,nearby,Bk_isgrp_000621-013,interesting
23,owner_window,31,Ul'dah,All Saints/Halloween city decor,hw3,time_bg_hw3,wil_w0_twn01,97196,0x00017BAC,97297,0x00017C11,101,other_isgrp,isgrp_004300,scheduler_group
23,owner_window,32,Ul'dah,All Saints/Halloween city decor,hw3,time_bg_hw3,wil_w0_twn01,97196,0x00017BAC,97310,0x00017C1E,114,other_isgrp,isgrp_004308,scheduler_group
23,owner_window,33,Ul'dah,All Saints/Halloween city decor,hw3,time_bg_hw3,wil_w0_twn01,97196,0x00017BAC,97323,0x00017C2B,127,other_sgrp,sgrp_tutrl02,scheduler_group
23,owner_window,34,Ul'dah,All Saints/Halloween city decor,hw3,time_bg_hw3,wil_w0_twn01,97196,0x00017BAC,97345,0x00017C41,149,other_isgrp,isgrp_004311,scheduler_group
23,owner_window,35,Ul'dah,All Saints/Halloween city decor,hw3,time_bg_hw3,wil_w0_twn01,97196,0x00017BAC,97358,0x00017C4E,162,other_isgrp,isgrp_004312,scheduler_group
23,owner_window,36,Ul'dah,All Saints/Halloween city decor,hw3,time_bg_hw3,wil_w0_twn01,97196,0x00017BAC,97371,0x00017C5B,175,other_isgrp,isgrp_004313,scheduler_group
23,owner_window,37,Ul'dah,All Saints/Halloween city decor,hw3,time_bg_hw3,wil_w0_twn01,97196,0x00017BAC,97384,0x00017C68,188,other_sgrp,sgrp_w0t0_h0_hlw1s_h,scheduler_group
23,owner_window,38,Ul'dah,All Saints/Halloween city decor,hw3,time_bg_hw3,wil_w0_twn01,97196,0x00017BAC,97405,0x00017C7D,209,nearby,w0t0_h0_hlw1s_h_001,interesting
23,owner_window,39,Ul'dah,All Saints/Halloween city decor,hw3,time_bg_hw3,wil_w0_twn01,97196,0x00017BAC,97425,0x00017C91,229,other_sgrp,sgrp_w0t0_h0_hlw2m_h,scheduler_group
23,owner_window,40,Ul'dah,All Saints/Halloween city decor,hw3,time_bg_hw3,wil_w0_twn01,97196,0x00017BAC,97446,0x00017CA6,250,nearby,w0t0_h0_hlw2m_h_001,interesting
23,owner_window,41,Ul'dah,All Saints/Halloween city decor,hw3,time_bg_hw3,wil_w0_twn01,97196,0x00017BAC,97466,0x00017CBA,270,matched_group,sgrp_w0t0_h0_hlw3l_h,scheduler_group
23,owner_window,42,Ul'dah,All Saints/Halloween city decor,hw3,time_bg_hw3,wil_w0_twn01,97196,0x00017BAC,97487,0x00017CCF,291,nearby,w0t0_h0_hlw3l_h_001,interesting
23,owner_window,43,Ul'dah,All Saints/Halloween city decor,hw3,time_bg_hw3,wil_w0_twn01,97196,0x00017BAC,97507,0x00017CE3,311,other_sgrp,sgrp_w0t0_h0_hlw4l_h,scheduler_group
23,owner_window,44,Ul'dah,All Saints/Halloween city decor,hw3,time_bg_hw3,wil_w0_twn01,97196,0x00017BAC,97528,0x00017CF8,332,nearby,w0t0_h0_hlw4l_h_001,interesting
23,owner_window,45,Ul'dah,All Saints/Halloween city decor,hw3,time_bg_hw3,wil_w0_twn01,97196,0x00017BAC,97548,0x00017D0C,352,other_sgrp,sgrp_w0t0_h0_hlw5bg_h,scheduler_group
23,owner_window,46,Ul'dah,All Saints/Halloween city decor,hw3,time_bg_hw3,wil_w0_twn01,97196,0x00017BAC,97570,0x00017D22,374,nearby,w0t0_h0_hlw5bg_h_001,interesting
23,owner_window,47,Ul'dah,All Saints/Halloween city decor,hw3,time_bg_hw3,wil_w0_twn01,97196,0x00017BAC,97591,0x00017D37,395,other_sgrp,sgrp_w0t0_h0_hlw6k_h,scheduler_group
23,owner_window,48,Ul'dah,All Saints/Halloween city decor,hw3,time_bg_hw3,wil_w0_twn01,97196,0x00017BAC,97612,0x00017D4C,416,nearby,w0t0_h0_hlw6k_h_001,interesting
23,owner_window,49,Ul'dah,All Saints/Halloween city decor,hw3,time_bg_hw3,wil_w0_twn01,97196,0x00017BAC,97632,0x00017D60,436,other_sgrp,sgrp_w0t0_h0_hlw7t_h,scheduler_group
23,owner_window,50,Ul'dah,All Saints/Halloween city decor,hw3,time_bg_hw3,wil_w0_twn01,97196,0x00017BAC,97653,0x00017D75,457,nearby,w0t0_h0_hlw7t_h_001,interesting
23,owner_window,51,Ul'dah,All Saints/Halloween city decor,hw3,time_bg_hw3,wil_w0_twn01,97196,0x00017BAC,97673,0x00017D89,477,other_sgrp,sgrp_w0t0_h0_hlw8_sp,scheduler_group
23,owner_window,52,Ul'dah,All Saints/Halloween city decor,hw3,time_bg_hw3,wil_w0_twn01,97196,0x00017BAC,97694,0x00017D9E,498,nearby,w0t0_h0_hlw8_sp_001,interesting
23,owner_window,53,Ul'dah,All Saints/Halloween city decor,hw3,time_bg_hw3,wil_w0_twn01,97196,0x00017BAC,97714,0x00017DB2,518,other_sgrp,sgrp_w0t0_h0_hlw9_sp,scheduler_group
23,owner_window,54,Ul'dah,All Saints/Halloween city decor,hw3,time_bg_hw3,wil_w0_twn01,97196,0x00017BAC,97735,0x00017DC7,539,nearby,w0t0_h0_hlw9_sp_001,interesting
23,owner_window,55,Ul'dah,All Saints/Halloween city decor,hw3,time_bg_hw3,wil_w0_twn01,97196,0x00017BAC,97755,0x00017DDB,559,other_isgrp,isgrp_004315,scheduler_group
23,owner_window,56,Ul'dah,All Saints/Halloween city decor,hw3,time_bg_hw3,wil_w0_twn01,97196,0x00017BAC,97768,0x00017DE8,572,other_isgrp,isgrp_004316,scheduler_group
23,owner_window,57,Ul'dah,All Saints/Halloween city decor,hw3,time_bg_hw3,wil_w0_twn01,97196,0x00017BAC,97781,0x00017DF5,585,other_isgrp,isgrp_004317,scheduler_group
23,owner_window,58,Ul'dah,All Saints/Halloween city decor,hw3,time_bg_hw3,wil_w0_twn01,97196,0x00017BAC,97794,0x00017E02,598,other_isgrp,isgrp_004318,scheduler_group
23,owner_window,59,Ul'dah,All Saints/Halloween city decor,hw3,time_bg_hw3,wil_w0_twn01,97196,0x00017BAC,97807,0x00017E0F,611,other_isgrp,isgrp_004320,scheduler_group
23,owner_window,60,Ul'dah,All Saints/Halloween city decor,hw3,time_bg_hw3,wil_w0_twn01,97196,0x00017BAC,97820,0x00017E1C,624,other_isgrp,isgrp_004321,scheduler_group
23,owner_window,61,Ul'dah,All Saints/Halloween city decor,hw3,time_bg_hw3,wil_w0_twn01,97196,0x00017BAC,97833,0x00017E29,637,other_isgrp,isgrp_004322,scheduler_group
23,owner_window,62,Ul'dah,All Saints/Halloween city decor,hw3,time_bg_hw3,wil_w0_twn01,97196,0x00017BAC,97846,0x00017E36,650,other_isgrp,isgrp_004324,scheduler_group
23,owner_window,63,Ul'dah,All Saints/Halloween city decor,hw3,time_bg_hw3,wil_w0_twn01,97196,0x00017BAC,97859,0x00017E43,663,other_isgrp,isgrp_004325,scheduler_group
23,owner_window,64,Ul'dah,All Saints/Halloween city decor,hw3,time_bg_hw3,wil_w0_twn01,97196,0x00017BAC,97872,0x00017E50,676,other_isgrp,isgrp_004326,scheduler_group
23,owner_window,65,Ul'dah,All Saints/Halloween city decor,hw3,time_bg_hw3,wil_w0_twn01,97196,0x00017BAC,97885,0x00017E5D,689,other_sgrp,sgrp_w0t0_h0_hlw0p_h,scheduler_group
23,owner_window,66,Ul'dah,All Saints/Halloween city decor,hw3,time_bg_hw3,wil_w0_twn01,97196,0x00017BAC,97906,0x00017E72,710,nearby,w0t0_h0_hlw0p_h_001,interesting
23,owner_window,67,Ul'dah,All Saints/Halloween city decor,hw3,time_bg_hw3,wil_w0_twn01,97196,0x00017BAC,97926,0x00017E86,730,other_isgrp,isgrp_004328,scheduler_group
23,owner_window,68,Ul'dah,All Saints/Halloween city decor,hw3,time_bg_hw3,wil_w0_twn01,97196,0x00017BAC,97939,0x00017E93,743,other_isgrp,isgrp_004329,scheduler_group
23,owner_window,69,Ul'dah,All Saints/Halloween city decor,hw3,time_bg_hw3,wil_w0_twn01,97196,0x00017BAC,97952,0x00017EA0,756,other_isgrp,isgrp_004330,scheduler_group
24,family_window,1,Ul'dah,All Saints/Halloween city decor,hw4,time_bg_hw4,wil_w0_twn01,97507,0x00017CE3,96781,0x00017A0D,-726,nearby,vfx_lamp01c_018_1,vfx_or_scene_def
24,family_window,2,Ul'dah,All Saints/Halloween city decor,hw4,time_bg_hw4,wil_w0_twn01,97507,0x00017CE3,96799,0x00017A1F,-708,nearby,vfx_lamp01c_018_2,vfx_or_scene_def
24,family_window,3,Ul'dah,All Saints/Halloween city decor,hw4,time_bg_hw4,wil_w0_twn01,97507,0x00017CE3,96817,0x00017A31,-690,nearby,vfx_lamp01c_018_3,vfx_or_scene_def
24,family_window,4,Ul'dah,All Saints/Halloween city decor,hw4,time_bg_hw4,wil_w0_twn01,97507,0x00017CE3,96835,0x00017A43,-672,nearby,vfx_lamp01c_018_4,vfx_or_scene_def
24,family_window,5,Ul'dah,All Saints/Halloween city decor,hw4,time_bg_hw4,wil_w0_twn01,97507,0x00017CE3,96920,0x00017A98,-587,other_isgrp,isgrp_004275,scheduler_group
24,family_window,6,Ul'dah,All Saints/Halloween city decor,hw4,time_bg_hw4,wil_w0_twn01,97507,0x00017CE3,96933,0x00017AA5,-574,other_isgrp,isgrp_004277,scheduler_group
24,family_window,7,Ul'dah,All Saints/Halloween city decor,hw4,time_bg_hw4,wil_w0_twn01,97507,0x00017CE3,96946,0x00017AB2,-561,other_isgrp,isgrp_004279,scheduler_group
24,family_window,8,Ul'dah,All Saints/Halloween city decor,hw4,time_bg_hw4,wil_w0_twn01,97507,0x00017CE3,96959,0x00017ABF,-548,nearby,Bk_isgrp_000745-012,interesting
24,family_window,9,Ul'dah,All Saints/Halloween city decor,hw4,time_bg_hw4,wil_w0_twn01,97507,0x00017CE3,96979,0x00017AD3,-528,other_isgrp,isgrp_004280,scheduler_group
24,family_window,10,Ul'dah,All Saints/Halloween city decor,hw4,time_bg_hw4,wil_w0_twn01,97507,0x00017CE3,96992,0x00017AE0,-515,other_isgrp,isgrp_004281,scheduler_group
24,family_window,11,Ul'dah,All Saints/Halloween city decor,hw4,time_bg_hw4,wil_w0_twn01,97507,0x00017CE3,97005,0x00017AED,-502,nearby,Bk_isgrp_000745-013,interesting
24,family_window,12,Ul'dah,All Saints/Halloween city decor,hw4,time_bg_hw4,wil_w0_twn01,97507,0x00017CE3,97025,0x00017B01,-482,other_isgrp,isgrp_004282,scheduler_group
24,family_window,13,Ul'dah,All Saints/Halloween city decor,hw4,time_bg_hw4,wil_w0_twn01,97507,0x00017CE3,97038,0x00017B0E,-469,other_isgrp,isgrp_004283,scheduler_group
24,family_window,14,Ul'dah,All Saints/Halloween city decor,hw4,time_bg_hw4,wil_w0_twn01,97507,0x00017CE3,97051,0x00017B1B,-456,other_sgrp,sgrp_tutrl01,scheduler_group
24,family_window,15,Ul'dah,All Saints/Halloween city decor,hw4,time_bg_hw4,wil_w0_twn01,97507,0x00017CE3,97183,0x00017B9F,-324,other_isgrp,isgrp_004287,scheduler_group
24,family_window,16,Ul'dah,All Saints/Halloween city decor,hw4,time_bg_hw4,wil_w0_twn01,97507,0x00017CE3,97196,0x00017BAC,-311,owner_isgrp,isgrp_004289,scheduler_group
24,family_window,17,Ul'dah,All Saints/Halloween city decor,hw4,time_bg_hw4,wil_w0_twn01,97507,0x00017CE3,97209,0x00017BB9,-298,other_sgrp,sgrp_0569,scheduler_group
24,family_window,18,Ul'dah,All Saints/Halloween city decor,hw4,time_bg_hw4,wil_w0_twn01,97507,0x00017CE3,97264,0x00017BF0,-243,other_isgrp,isgrp_004296,scheduler_group
24,family_window,19,Ul'dah,All Saints/Halloween city decor,hw4,time_bg_hw4,wil_w0_twn01,97507,0x00017CE3,97277,0x00017BFD,-230,nearby,Bk_isgrp_000621-013,interesting
24,family_window,20,Ul'dah,All Saints/Halloween city decor,hw4,time_bg_hw4,wil_w0_twn01,97507,0x00017CE3,97297,0x00017C11,-210,other_isgrp,isgrp_004300,scheduler_group
24,family_window,21,Ul'dah,All Saints/Halloween city decor,hw4,time_bg_hw4,wil_w0_twn01,97507,0x00017CE3,97310,0x00017C1E,-197,other_isgrp,isgrp_004308,scheduler_group
24,family_window,22,Ul'dah,All Saints/Halloween city decor,hw4,time_bg_hw4,wil_w0_twn01,97507,0x00017CE3,97323,0x00017C2B,-184,other_sgrp,sgrp_tutrl02,scheduler_group
24,family_window,23,Ul'dah,All Saints/Halloween city decor,hw4,time_bg_hw4,wil_w0_twn01,97507,0x00017CE3,97345,0x00017C41,-162,other_isgrp,isgrp_004311,scheduler_group
24,family_window,24,Ul'dah,All Saints/Halloween city decor,hw4,time_bg_hw4,wil_w0_twn01,97507,0x00017CE3,97358,0x00017C4E,-149,other_isgrp,isgrp_004312,scheduler_group
24,family_window,25,Ul'dah,All Saints/Halloween city decor,hw4,time_bg_hw4,wil_w0_twn01,97507,0x00017CE3,97371,0x00017C5B,-136,other_isgrp,isgrp_004313,scheduler_group
24,family_window,26,Ul'dah,All Saints/Halloween city decor,hw4,time_bg_hw4,wil_w0_twn01,97507,0x00017CE3,97384,0x00017C68,-123,other_sgrp,sgrp_w0t0_h0_hlw1s_h,scheduler_group
24,family_window,27,Ul'dah,All Saints/Halloween city decor,hw4,time_bg_hw4,wil_w0_twn01,97507,0x00017CE3,97405,0x00017C7D,-102,nearby,w0t0_h0_hlw1s_h_001,interesting
24,family_window,28,Ul'dah,All Saints/Halloween city decor,hw4,time_bg_hw4,wil_w0_twn01,97507,0x00017CE3,97425,0x00017C91,-82,other_sgrp,sgrp_w0t0_h0_hlw2m_h,scheduler_group
24,family_window,29,Ul'dah,All Saints/Halloween city decor,hw4,time_bg_hw4,wil_w0_twn01,97507,0x00017CE3,97446,0x00017CA6,-61,nearby,w0t0_h0_hlw2m_h_001,interesting
24,family_window,30,Ul'dah,All Saints/Halloween city decor,hw4,time_bg_hw4,wil_w0_twn01,97507,0x00017CE3,97466,0x00017CBA,-41,other_sgrp,sgrp_w0t0_h0_hlw3l_h,scheduler_group
24,family_window,31,Ul'dah,All Saints/Halloween city decor,hw4,time_bg_hw4,wil_w0_twn01,97507,0x00017CE3,97487,0x00017CCF,-20,center_neighbor,w0t0_h0_hlw3l_h_001,interesting
24,family_window,32,Ul'dah,All Saints/Halloween city decor,hw4,time_bg_hw4,wil_w0_twn01,97507,0x00017CE3,97507,0x00017CE3,0,matched_group,sgrp_w0t0_h0_hlw4l_h,scheduler_group
24,family_window,33,Ul'dah,All Saints/Halloween city decor,hw4,time_bg_hw4,wil_w0_twn01,97507,0x00017CE3,97528,0x00017CF8,21,center_neighbor,w0t0_h0_hlw4l_h_001,interesting
24,family_window,34,Ul'dah,All Saints/Halloween city decor,hw4,time_bg_hw4,wil_w0_twn01,97507,0x00017CE3,97548,0x00017D0C,41,other_sgrp,sgrp_w0t0_h0_hlw5bg_h,scheduler_group
24,family_window,35,Ul'dah,All Saints/Halloween city decor,hw4,time_bg_hw4,wil_w0_twn01,97507,0x00017CE3,97570,0x00017D22,63,nearby,w0t0_h0_hlw5bg_h_001,interesting
24,family_window,36,Ul'dah,All Saints/Halloween city decor,hw4,time_bg_hw4,wil_w0_twn01,97507,0x00017CE3,97591,0x00017D37,84,other_sgrp,sgrp_w0t0_h0_hlw6k_h,scheduler_group
24,family_window,37,Ul'dah,All Saints/Halloween city decor,hw4,time_bg_hw4,wil_w0_twn01,97507,0x00017CE3,97612,0x00017D4C,105,nearby,w0t0_h0_hlw6k_h_001,interesting
24,family_window,38,Ul'dah,All Saints/Halloween city decor,hw4,time_bg_hw4,wil_w0_twn01,97507,0x00017CE3,97632,0x00017D60,125,other_sgrp,sgrp_w0t0_h0_hlw7t_h,scheduler_group
24,family_window,39,Ul'dah,All Saints/Halloween city decor,hw4,time_bg_hw4,wil_w0_twn01,97507,0x00017CE3,97653,0x00017D75,146,nearby,w0t0_h0_hlw7t_h_001,interesting
24,family_window,40,Ul'dah,All Saints/Halloween city decor,hw4,time_bg_hw4,wil_w0_twn01,97507,0x00017CE3,97673,0x00017D89,166,other_sgrp,sgrp_w0t0_h0_hlw8_sp,scheduler_group
24,family_window,41,Ul'dah,All Saints/Halloween city decor,hw4,time_bg_hw4,wil_w0_twn01,97507,0x00017CE3,97694,0x00017D9E,187,nearby,w0t0_h0_hlw8_sp_001,interesting
24,family_window,42,Ul'dah,All Saints/Halloween city decor,hw4,time_bg_hw4,wil_w0_twn01,97507,0x00017CE3,97714,0x00017DB2,207,other_sgrp,sgrp_w0t0_h0_hlw9_sp,scheduler_group
24,family_window,43,Ul'dah,All Saints/Halloween city decor,hw4,time_bg_hw4,wil_w0_twn01,97507,0x00017CE3,97735,0x00017DC7,228,nearby,w0t0_h0_hlw9_sp_001,interesting
24,family_window,44,Ul'dah,All Saints/Halloween city decor,hw4,time_bg_hw4,wil_w0_twn01,97507,0x00017CE3,97755,0x00017DDB,248,other_isgrp,isgrp_004315,scheduler_group
24,family_window,45,Ul'dah,All Saints/Halloween city decor,hw4,time_bg_hw4,wil_w0_twn01,97507,0x00017CE3,97768,0x00017DE8,261,other_isgrp,isgrp_004316,scheduler_group
24,family_window,46,Ul'dah,All Saints/Halloween city decor,hw4,time_bg_hw4,wil_w0_twn01,97507,0x00017CE3,97781,0x00017DF5,274,other_isgrp,isgrp_004317,scheduler_group
24,family_window,47,Ul'dah,All Saints/Halloween city decor,hw4,time_bg_hw4,wil_w0_twn01,97507,0x00017CE3,97794,0x00017E02,287,other_isgrp,isgrp_004318,scheduler_group
24,family_window,48,Ul'dah,All Saints/Halloween city decor,hw4,time_bg_hw4,wil_w0_twn01,97507,0x00017CE3,97807,0x00017E0F,300,other_isgrp,isgrp_004320,scheduler_group
24,family_window,49,Ul'dah,All Saints/Halloween city decor,hw4,time_bg_hw4,wil_w0_twn01,97507,0x00017CE3,97820,0x00017E1C,313,other_isgrp,isgrp_004321,scheduler_group
24,family_window,50,Ul'dah,All Saints/Halloween city decor,hw4,time_bg_hw4,wil_w0_twn01,97507,0x00017CE3,97833,0x00017E29,326,other_isgrp,isgrp_004322,scheduler_group
24,family_window,51,Ul'dah,All Saints/Halloween city decor,hw4,time_bg_hw4,wil_w0_twn01,97507,0x00017CE3,97846,0x00017E36,339,other_isgrp,isgrp_004324,scheduler_group
24,family_window,52,Ul'dah,All Saints/Halloween city decor,hw4,time_bg_hw4,wil_w0_twn01,97507,0x00017CE3,97859,0x00017E43,352,other_isgrp,isgrp_004325,scheduler_group
24,family_window,53,Ul'dah,All Saints/Halloween city decor,hw4,time_bg_hw4,wil_w0_twn01,97507,0x00017CE3,97872,0x00017E50,365,other_isgrp,isgrp_004326,scheduler_group
24,family_window,54,Ul'dah,All Saints/Halloween city decor,hw4,time_bg_hw4,wil_w0_twn01,97507,0x00017CE3,97885,0x00017E5D,378,other_sgrp,sgrp_w0t0_h0_hlw0p_h,scheduler_group
24,family_window,55,Ul'dah,All Saints/Halloween city decor,hw4,time_bg_hw4,wil_w0_twn01,97507,0x00017CE3,97906,0x00017E72,399,nearby,w0t0_h0_hlw0p_h_001,interesting
24,family_window,56,Ul'dah,All Saints/Halloween city decor,hw4,time_bg_hw4,wil_w0_twn01,97507,0x00017CE3,97926,0x00017E86,419,other_isgrp,isgrp_004328,scheduler_group
24,family_window,57,Ul'dah,All Saints/Halloween city decor,hw4,time_bg_hw4,wil_w0_twn01,97507,0x00017CE3,97939,0x00017E93,432,other_isgrp,isgrp_004329,scheduler_group
24,family_window,58,Ul'dah,All Saints/Halloween city decor,hw4,time_bg_hw4,wil_w0_twn01,97507,0x00017CE3,97952,0x00017EA0,445,other_isgrp,isgrp_004330,scheduler_group
24,family_window,59,Ul'dah,All Saints/Halloween city decor,hw4,time_bg_hw4,wil_w0_twn01,97507,0x00017CE3,97965,0x00017EAD,458,other_isgrp,isgrp_004331,scheduler_group
24,family_window,60,Ul'dah,All Saints/Halloween city decor,hw4,time_bg_hw4,wil_w0_twn01,97507,0x00017CE3,97978,0x00017EBA,471,other_isgrp,isgrp_004332,scheduler_group
24,family_window,61,Ul'dah,All Saints/Halloween city decor,hw4,time_bg_hw4,wil_w0_twn01,97507,0x00017CE3,97991,0x00017EC7,484,other_isgrp,isgrp_004333,scheduler_group
24,family_window,62,Ul'dah,All Saints/Halloween city decor,hw4,time_bg_hw4,wil_w0_twn01,97507,0x00017CE3,98004,0x00017ED4,497,other_isgrp,isgrp_004334,scheduler_group
24,family_window,63,Ul'dah,All Saints/Halloween city decor,hw4,time_bg_hw4,wil_w0_twn01,97507,0x00017CE3,98017,0x00017EE1,510,other_isgrp,isgrp_004335,scheduler_group
24,family_window,64,Ul'dah,All Saints/Halloween city decor,hw4,time_bg_hw4,wil_w0_twn01,97507,0x00017CE3,98030,0x00017EEE,523,other_isgrp,isgrp_004336,scheduler_group
24,family_window,65,Ul'dah,All Saints/Halloween city decor,hw4,time_bg_hw4,wil_w0_twn01,97507,0x00017CE3,98043,0x00017EFB,536,other_isgrp,isgrp_004337,scheduler_group
24,family_window,66,Ul'dah,All Saints/Halloween city decor,hw4,time_bg_hw4,wil_w0_twn01,97507,0x00017CE3,98056,0x00017F08,549,other_isgrp,isgrp_004338,scheduler_group
24,family_window,67,Ul'dah,All Saints/Halloween city decor,hw4,time_bg_hw4,wil_w0_twn01,97507,0x00017CE3,98069,0x00017F15,562,other_isgrp,isgrp_004339,scheduler_group
24,family_window,68,Ul'dah,All Saints/Halloween city decor,hw4,time_bg_hw4,wil_w0_twn01,97507,0x00017CE3,98082,0x00017F22,575,other_isgrp,isgrp_004340,scheduler_group
24,family_window,69,Ul'dah,All Saints/Halloween city decor,hw4,time_bg_hw4,wil_w0_twn01,97507,0x00017CE3,98095,0x00017F2F,588,other_isgrp,isgrp_004341,scheduler_group
24,family_window,70,Ul'dah,All Saints/Halloween city decor,hw4,time_bg_hw4,wil_w0_twn01,97507,0x00017CE3,98108,0x00017F3C,601,other_isgrp,isgrp_004342,scheduler_group
24,family_window,71,Ul'dah,All Saints/Halloween city decor,hw4,time_bg_hw4,wil_w0_twn01,97507,0x00017CE3,98121,0x00017F49,614,other_isgrp,isgrp_004345,scheduler_group
24,family_window,72,Ul'dah,All Saints/Halloween city decor,hw4,time_bg_hw4,wil_w0_twn01,97507,0x00017CE3,98134,0x00017F56,627,other_isgrp,isgrp_004346,scheduler_group
24,family_window,73,Ul'dah,All Saints/Halloween city decor,hw4,time_bg_hw4,wil_w0_twn01,97507,0x00017CE3,98147,0x00017F63,640,other_isgrp,isgrp_004347,scheduler_group
24,family_window,74,Ul'dah,All Saints/Halloween city decor,hw4,time_bg_hw4,wil_w0_twn01,97507,0x00017CE3,98160,0x00017F70,653,other_isgrp,isgrp_004348,scheduler_group
24,family_window,75,Ul'dah,All Saints/Halloween city decor,hw4,time_bg_hw4,wil_w0_twn01,97507,0x00017CE3,98173,0x00017F7D,666,other_isgrp,isgrp_004349,scheduler_group
24,family_window,76,Ul'dah,All Saints/Halloween city decor,hw4,time_bg_hw4,wil_w0_twn01,97507,0x00017CE3,98186,0x00017F8A,679,other_isgrp,isgrp_004350,scheduler_group
24,family_window,77,Ul'dah,All Saints/Halloween city decor,hw4,time_bg_hw4,wil_w0_twn01,97507,0x00017CE3,98199,0x00017F97,692,other_isgrp,isgrp_004351,scheduler_group
24,family_window,78,Ul'dah,All Saints/Halloween city decor,hw4,time_bg_hw4,wil_w0_twn01,97507,0x00017CE3,98212,0x00017FA4,705,other_isgrp,isgrp_004353,scheduler_group
24,family_window,79,Ul'dah,All Saints/Halloween city decor,hw4,time_bg_hw4,wil_w0_twn01,97507,0x00017CE3,98225,0x00017FB1,718,other_isgrp,isgrp_004354,scheduler_group
24,family_window,80,Ul'dah,All Saints/Halloween city decor,hw4,time_bg_hw4,wil_w0_twn01,97507,0x00017CE3,98238,0x00017FBE,731,other_isgrp,isgrp_004355,scheduler_group
24,family_window,81,Ul'dah,All Saints/Halloween city decor,hw4,time_bg_hw4,wil_w0_twn01,97507,0x00017CE3,98251,0x00017FCB,744,other_isgrp,isgrp_004356,scheduler_group
24,family_window,82,Ul'dah,All Saints/Halloween city decor,hw4,time_bg_hw4,wil_w0_twn01,97507,0x00017CE3,98264,0x00017FD8,757,other_isgrp,isgrp_004357,scheduler_group
24,owner_window,1,Ul'dah,All Saints/Halloween city decor,hw4,time_bg_hw4,wil_w0_twn01,97196,0x00017BAC,96428,0x000178AC,-768,other_sgrp,sgrp_0566,scheduler_group
24,owner_window,2,Ul'dah,All Saints/Halloween city decor,hw4,time_bg_hw4,wil_w0_twn01,97196,0x00017BAC,96457,0x000178C9,-739,other_isgrp,isgrp_004271,scheduler_group
24,owner_window,3,Ul'dah,All Saints/Halloween city decor,hw4,time_bg_hw4,wil_w0_twn01,97196,0x00017BAC,96470,0x000178D6,-726,other_isgrp,isgrp_004272,scheduler_group
24,owner_window,4,Ul'dah,All Saints/Halloween city decor,hw4,time_bg_hw4,wil_w0_twn01,97196,0x00017BAC,96483,0x000178E3,-713,other_isgrp,isgrp_004273,scheduler_group
24,owner_window,5,Ul'dah,All Saints/Halloween city decor,hw4,time_bg_hw4,wil_w0_twn01,97196,0x00017BAC,96496,0x000178F0,-700,other_isgrp,isgrp_004274,scheduler_group
24,owner_window,6,Ul'dah,All Saints/Halloween city decor,hw4,time_bg_hw4,wil_w0_twn01,97196,0x00017BAC,96509,0x000178FD,-687,other_sgrp,sgrp_bg_flag1,scheduler_group
24,owner_window,7,Ul'dah,All Saints/Halloween city decor,hw4,time_bg_hw4,wil_w0_twn01,97196,0x00017BAC,96523,0x0001790B,-673,nearby,grp_flag1,flag_or_decor_group
24,owner_window,8,Ul'dah,All Saints/Halloween city decor,hw4,time_bg_hw4,wil_w0_twn01,97196,0x00017BAC,96609,0x00017961,-587,nearby,w0t0_g0_flg3s_h_1_007,flag_or_decor_group
24,owner_window,9,Ul'dah,All Saints/Halloween city decor,hw4,time_bg_hw4,wil_w0_twn01,97196,0x00017BAC,96631,0x00017977,-565,nearby,w0t0_g0_flg3s_h_1_008,flag_or_decor_group
24,owner_window,10,Ul'dah,All Saints/Halloween city decor,hw4,time_bg_hw4,wil_w0_twn01,97196,0x00017BAC,96653,0x0001798D,-543,nearby,w0t0_g0_flg3s_h_1_009,flag_or_decor_group
24,owner_window,11,Ul'dah,All Saints/Halloween city decor,hw4,time_bg_hw4,wil_w0_twn01,97196,0x00017BAC,96675,0x000179A3,-521,nearby,w0t0_g0_flg3s_h_1_010,flag_or_decor_group
24,owner_window,12,Ul'dah,All Saints/Halloween city decor,hw4,time_bg_hw4,wil_w0_twn01,97196,0x00017BAC,96781,0x00017A0D,-415,nearby,vfx_lamp01c_018_1,vfx_or_scene_def
24,owner_window,13,Ul'dah,All Saints/Halloween city decor,hw4,time_bg_hw4,wil_w0_twn01,97196,0x00017BAC,96799,0x00017A1F,-397,nearby,vfx_lamp01c_018_2,vfx_or_scene_def
24,owner_window,14,Ul'dah,All Saints/Halloween city decor,hw4,time_bg_hw4,wil_w0_twn01,97196,0x00017BAC,96817,0x00017A31,-379,nearby,vfx_lamp01c_018_3,vfx_or_scene_def
24,owner_window,15,Ul'dah,All Saints/Halloween city decor,hw4,time_bg_hw4,wil_w0_twn01,97196,0x00017BAC,96835,0x00017A43,-361,nearby,vfx_lamp01c_018_4,vfx_or_scene_def
24,owner_window,16,Ul'dah,All Saints/Halloween city decor,hw4,time_bg_hw4,wil_w0_twn01,97196,0x00017BAC,96920,0x00017A98,-276,other_isgrp,isgrp_004275,scheduler_group
24,owner_window,17,Ul'dah,All Saints/Halloween city decor,hw4,time_bg_hw4,wil_w0_twn01,97196,0x00017BAC,96933,0x00017AA5,-263,other_isgrp,isgrp_004277,scheduler_group
24,owner_window,18,Ul'dah,All Saints/Halloween city decor,hw4,time_bg_hw4,wil_w0_twn01,97196,0x00017BAC,96946,0x00017AB2,-250,other_isgrp,isgrp_004279,scheduler_group
24,owner_window,19,Ul'dah,All Saints/Halloween city decor,hw4,time_bg_hw4,wil_w0_twn01,97196,0x00017BAC,96959,0x00017ABF,-237,nearby,Bk_isgrp_000745-012,interesting
24,owner_window,20,Ul'dah,All Saints/Halloween city decor,hw4,time_bg_hw4,wil_w0_twn01,97196,0x00017BAC,96979,0x00017AD3,-217,other_isgrp,isgrp_004280,scheduler_group
24,owner_window,21,Ul'dah,All Saints/Halloween city decor,hw4,time_bg_hw4,wil_w0_twn01,97196,0x00017BAC,96992,0x00017AE0,-204,other_isgrp,isgrp_004281,scheduler_group
24,owner_window,22,Ul'dah,All Saints/Halloween city decor,hw4,time_bg_hw4,wil_w0_twn01,97196,0x00017BAC,97005,0x00017AED,-191,nearby,Bk_isgrp_000745-013,interesting
24,owner_window,23,Ul'dah,All Saints/Halloween city decor,hw4,time_bg_hw4,wil_w0_twn01,97196,0x00017BAC,97025,0x00017B01,-171,other_isgrp,isgrp_004282,scheduler_group
24,owner_window,24,Ul'dah,All Saints/Halloween city decor,hw4,time_bg_hw4,wil_w0_twn01,97196,0x00017BAC,97038,0x00017B0E,-158,other_isgrp,isgrp_004283,scheduler_group
24,owner_window,25,Ul'dah,All Saints/Halloween city decor,hw4,time_bg_hw4,wil_w0_twn01,97196,0x00017BAC,97051,0x00017B1B,-145,other_sgrp,sgrp_tutrl01,scheduler_group
24,owner_window,26,Ul'dah,All Saints/Halloween city decor,hw4,time_bg_hw4,wil_w0_twn01,97196,0x00017BAC,97183,0x00017B9F,-13,other_isgrp,isgrp_004287,scheduler_group
24,owner_window,27,Ul'dah,All Saints/Halloween city decor,hw4,time_bg_hw4,wil_w0_twn01,97196,0x00017BAC,97196,0x00017BAC,0,owner_isgrp,isgrp_004289,scheduler_group
24,owner_window,28,Ul'dah,All Saints/Halloween city decor,hw4,time_bg_hw4,wil_w0_twn01,97196,0x00017BAC,97209,0x00017BB9,13,other_sgrp,sgrp_0569,scheduler_group
24,owner_window,29,Ul'dah,All Saints/Halloween city decor,hw4,time_bg_hw4,wil_w0_twn01,97196,0x00017BAC,97264,0x00017BF0,68,other_isgrp,isgrp_004296,scheduler_group
24,owner_window,30,Ul'dah,All Saints/Halloween city decor,hw4,time_bg_hw4,wil_w0_twn01,97196,0x00017BAC,97277,0x00017BFD,81,nearby,Bk_isgrp_000621-013,interesting
24,owner_window,31,Ul'dah,All Saints/Halloween city decor,hw4,time_bg_hw4,wil_w0_twn01,97196,0x00017BAC,97297,0x00017C11,101,other_isgrp,isgrp_004300,scheduler_group
24,owner_window,32,Ul'dah,All Saints/Halloween city decor,hw4,time_bg_hw4,wil_w0_twn01,97196,0x00017BAC,97310,0x00017C1E,114,other_isgrp,isgrp_004308,scheduler_group
24,owner_window,33,Ul'dah,All Saints/Halloween city decor,hw4,time_bg_hw4,wil_w0_twn01,97196,0x00017BAC,97323,0x00017C2B,127,other_sgrp,sgrp_tutrl02,scheduler_group
24,owner_window,34,Ul'dah,All Saints/Halloween city decor,hw4,time_bg_hw4,wil_w0_twn01,97196,0x00017BAC,97345,0x00017C41,149,other_isgrp,isgrp_004311,scheduler_group
24,owner_window,35,Ul'dah,All Saints/Halloween city decor,hw4,time_bg_hw4,wil_w0_twn01,97196,0x00017BAC,97358,0x00017C4E,162,other_isgrp,isgrp_004312,scheduler_group
24,owner_window,36,Ul'dah,All Saints/Halloween city decor,hw4,time_bg_hw4,wil_w0_twn01,97196,0x00017BAC,97371,0x00017C5B,175,other_isgrp,isgrp_004313,scheduler_group
24,owner_window,37,Ul'dah,All Saints/Halloween city decor,hw4,time_bg_hw4,wil_w0_twn01,97196,0x00017BAC,97384,0x00017C68,188,other_sgrp,sgrp_w0t0_h0_hlw1s_h,scheduler_group
24,owner_window,38,Ul'dah,All Saints/Halloween city decor,hw4,time_bg_hw4,wil_w0_twn01,97196,0x00017BAC,97405,0x00017C7D,209,nearby,w0t0_h0_hlw1s_h_001,interesting
24,owner_window,39,Ul'dah,All Saints/Halloween city decor,hw4,time_bg_hw4,wil_w0_twn01,97196,0x00017BAC,97425,0x00017C91,229,other_sgrp,sgrp_w0t0_h0_hlw2m_h,scheduler_group
24,owner_window,40,Ul'dah,All Saints/Halloween city decor,hw4,time_bg_hw4,wil_w0_twn01,97196,0x00017BAC,97446,0x00017CA6,250,nearby,w0t0_h0_hlw2m_h_001,interesting
24,owner_window,41,Ul'dah,All Saints/Halloween city decor,hw4,time_bg_hw4,wil_w0_twn01,97196,0x00017BAC,97466,0x00017CBA,270,other_sgrp,sgrp_w0t0_h0_hlw3l_h,scheduler_group
24,owner_window,42,Ul'dah,All Saints/Halloween city decor,hw4,time_bg_hw4,wil_w0_twn01,97196,0x00017BAC,97487,0x00017CCF,291,nearby,w0t0_h0_hlw3l_h_001,interesting
24,owner_window,43,Ul'dah,All Saints/Halloween city decor,hw4,time_bg_hw4,wil_w0_twn01,97196,0x00017BAC,97507,0x00017CE3,311,matched_group,sgrp_w0t0_h0_hlw4l_h,scheduler_group
24,owner_window,44,Ul'dah,All Saints/Halloween city decor,hw4,time_bg_hw4,wil_w0_twn01,97196,0x00017BAC,97528,0x00017CF8,332,nearby,w0t0_h0_hlw4l_h_001,interesting
24,owner_window,45,Ul'dah,All Saints/Halloween city decor,hw4,time_bg_hw4,wil_w0_twn01,97196,0x00017BAC,97548,0x00017D0C,352,other_sgrp,sgrp_w0t0_h0_hlw5bg_h,scheduler_group
24,owner_window,46,Ul'dah,All Saints/Halloween city decor,hw4,time_bg_hw4,wil_w0_twn01,97196,0x00017BAC,97570,0x00017D22,374,nearby,w0t0_h0_hlw5bg_h_001,interesting
24,owner_window,47,Ul'dah,All Saints/Halloween city decor,hw4,time_bg_hw4,wil_w0_twn01,97196,0x00017BAC,97591,0x00017D37,395,other_sgrp,sgrp_w0t0_h0_hlw6k_h,scheduler_group
24,owner_window,48,Ul'dah,All Saints/Halloween city decor,hw4,time_bg_hw4,wil_w0_twn01,97196,0x00017BAC,97612,0x00017D4C,416,nearby,w0t0_h0_hlw6k_h_001,interesting
24,owner_window,49,Ul'dah,All Saints/Halloween city decor,hw4,time_bg_hw4,wil_w0_twn01,97196,0x00017BAC,97632,0x00017D60,436,other_sgrp,sgrp_w0t0_h0_hlw7t_h,scheduler_group
24,owner_window,50,Ul'dah,All Saints/Halloween city decor,hw4,time_bg_hw4,wil_w0_twn01,97196,0x00017BAC,97653,0x00017D75,457,nearby,w0t0_h0_hlw7t_h_001,interesting
24,owner_window,51,Ul'dah,All Saints/Halloween city decor,hw4,time_bg_hw4,wil_w0_twn01,97196,0x00017BAC,97673,0x00017D89,477,other_sgrp,sgrp_w0t0_h0_hlw8_sp,scheduler_group
24,owner_window,52,Ul'dah,All Saints/Halloween city decor,hw4,time_bg_hw4,wil_w0_twn01,97196,0x00017BAC,97694,0x00017D9E,498,nearby,w0t0_h0_hlw8_sp_001,interesting
24,owner_window,53,Ul'dah,All Saints/Halloween city decor,hw4,time_bg_hw4,wil_w0_twn01,97196,0x00017BAC,97714,0x00017DB2,518,other_sgrp,sgrp_w0t0_h0_hlw9_sp,scheduler_group
24,owner_window,54,Ul'dah,All Saints/Halloween city decor,hw4,time_bg_hw4,wil_w0_twn01,97196,0x00017BAC,97735,0x00017DC7,539,nearby,w0t0_h0_hlw9_sp_001,interesting
24,owner_window,55,Ul'dah,All Saints/Halloween city decor,hw4,time_bg_hw4,wil_w0_twn01,97196,0x00017BAC,97755,0x00017DDB,559,other_isgrp,isgrp_004315,scheduler_group
24,owner_window,56,Ul'dah,All Saints/Halloween city decor,hw4,time_bg_hw4,wil_w0_twn01,97196,0x00017BAC,97768,0x00017DE8,572,other_isgrp,isgrp_004316,scheduler_group
24,owner_window,57,Ul'dah,All Saints/Halloween city decor,hw4,time_bg_hw4,wil_w0_twn01,97196,0x00017BAC,97781,0x00017DF5,585,other_isgrp,isgrp_004317,scheduler_group
24,owner_window,58,Ul'dah,All Saints/Halloween city decor,hw4,time_bg_hw4,wil_w0_twn01,97196,0x00017BAC,97794,0x00017E02,598,other_isgrp,isgrp_004318,scheduler_group
24,owner_window,59,Ul'dah,All Saints/Halloween city decor,hw4,time_bg_hw4,wil_w0_twn01,97196,0x00017BAC,97807,0x00017E0F,611,other_isgrp,isgrp_004320,scheduler_group
24,owner_window,60,Ul'dah,All Saints/Halloween city decor,hw4,time_bg_hw4,wil_w0_twn01,97196,0x00017BAC,97820,0x00017E1C,624,other_isgrp,isgrp_004321,scheduler_group
24,owner_window,61,Ul'dah,All Saints/Halloween city decor,hw4,time_bg_hw4,wil_w0_twn01,97196,0x00017BAC,97833,0x00017E29,637,other_isgrp,isgrp_004322,scheduler_group
24,owner_window,62,Ul'dah,All Saints/Halloween city decor,hw4,time_bg_hw4,wil_w0_twn01,97196,0x00017BAC,97846,0x00017E36,650,other_isgrp,isgrp_004324,scheduler_group
24,owner_window,63,Ul'dah,All Saints/Halloween city decor,hw4,time_bg_hw4,wil_w0_twn01,97196,0x00017BAC,97859,0x00017E43,663,other_isgrp,isgrp_004325,scheduler_group
24,owner_window,64,Ul'dah,All Saints/Halloween city decor,hw4,time_bg_hw4,wil_w0_twn01,97196,0x00017BAC,97872,0x00017E50,676,other_isgrp,isgrp_004326,scheduler_group
24,owner_window,65,Ul'dah,All Saints/Halloween city decor,hw4,time_bg_hw4,wil_w0_twn01,97196,0x00017BAC,97885,0x00017E5D,689,other_sgrp,sgrp_w0t0_h0_hlw0p_h,scheduler_group
24,owner_window,66,Ul'dah,All Saints/Halloween city decor,hw4,time_bg_hw4,wil_w0_twn01,97196,0x00017BAC,97906,0x00017E72,710,nearby,w0t0_h0_hlw0p_h_001,interesting
24,owner_window,67,Ul'dah,All Saints/Halloween city decor,hw4,time_bg_hw4,wil_w0_twn01,97196,0x00017BAC,97926,0x00017E86,730,other_isgrp,isgrp_004328,scheduler_group
24,owner_window,68,Ul'dah,All Saints/Halloween city decor,hw4,time_bg_hw4,wil_w0_twn01,97196,0x00017BAC,97939,0x00017E93,743,other_isgrp,isgrp_004329,scheduler_group
24,owner_window,69,Ul'dah,All Saints/Halloween city decor,hw4,time_bg_hw4,wil_w0_twn01,97196,0x00017BAC,97952,0x00017EA0,756,other_isgrp,isgrp_004330,scheduler_group
25,family_window,1,Ul'dah,All Saints/Halloween city decor,hw5,time_bg_hw5,wil_w0_twn01,97548,0x00017D0C,96781,0x00017A0D,-767,nearby,vfx_lamp01c_018_1,vfx_or_scene_def
25,family_window,2,Ul'dah,All Saints/Halloween city decor,hw5,time_bg_hw5,wil_w0_twn01,97548,0x00017D0C,96799,0x00017A1F,-749,nearby,vfx_lamp01c_018_2,vfx_or_scene_def
25,family_window,3,Ul'dah,All Saints/Halloween city decor,hw5,time_bg_hw5,wil_w0_twn01,97548,0x00017D0C,96817,0x00017A31,-731,nearby,vfx_lamp01c_018_3,vfx_or_scene_def
25,family_window,4,Ul'dah,All Saints/Halloween city decor,hw5,time_bg_hw5,wil_w0_twn01,97548,0x00017D0C,96835,0x00017A43,-713,nearby,vfx_lamp01c_018_4,vfx_or_scene_def
25,family_window,5,Ul'dah,All Saints/Halloween city decor,hw5,time_bg_hw5,wil_w0_twn01,97548,0x00017D0C,96920,0x00017A98,-628,other_isgrp,isgrp_004275,scheduler_group
25,family_window,6,Ul'dah,All Saints/Halloween city decor,hw5,time_bg_hw5,wil_w0_twn01,97548,0x00017D0C,96933,0x00017AA5,-615,other_isgrp,isgrp_004277,scheduler_group
25,family_window,7,Ul'dah,All Saints/Halloween city decor,hw5,time_bg_hw5,wil_w0_twn01,97548,0x00017D0C,96946,0x00017AB2,-602,other_isgrp,isgrp_004279,scheduler_group
25,family_window,8,Ul'dah,All Saints/Halloween city decor,hw5,time_bg_hw5,wil_w0_twn01,97548,0x00017D0C,96959,0x00017ABF,-589,nearby,Bk_isgrp_000745-012,interesting
25,family_window,9,Ul'dah,All Saints/Halloween city decor,hw5,time_bg_hw5,wil_w0_twn01,97548,0x00017D0C,96979,0x00017AD3,-569,other_isgrp,isgrp_004280,scheduler_group
25,family_window,10,Ul'dah,All Saints/Halloween city decor,hw5,time_bg_hw5,wil_w0_twn01,97548,0x00017D0C,96992,0x00017AE0,-556,other_isgrp,isgrp_004281,scheduler_group
25,family_window,11,Ul'dah,All Saints/Halloween city decor,hw5,time_bg_hw5,wil_w0_twn01,97548,0x00017D0C,97005,0x00017AED,-543,nearby,Bk_isgrp_000745-013,interesting
25,family_window,12,Ul'dah,All Saints/Halloween city decor,hw5,time_bg_hw5,wil_w0_twn01,97548,0x00017D0C,97025,0x00017B01,-523,other_isgrp,isgrp_004282,scheduler_group
25,family_window,13,Ul'dah,All Saints/Halloween city decor,hw5,time_bg_hw5,wil_w0_twn01,97548,0x00017D0C,97038,0x00017B0E,-510,other_isgrp,isgrp_004283,scheduler_group
25,family_window,14,Ul'dah,All Saints/Halloween city decor,hw5,time_bg_hw5,wil_w0_twn01,97548,0x00017D0C,97051,0x00017B1B,-497,other_sgrp,sgrp_tutrl01,scheduler_group
25,family_window,15,Ul'dah,All Saints/Halloween city decor,hw5,time_bg_hw5,wil_w0_twn01,97548,0x00017D0C,97183,0x00017B9F,-365,other_isgrp,isgrp_004287,scheduler_group
25,family_window,16,Ul'dah,All Saints/Halloween city decor,hw5,time_bg_hw5,wil_w0_twn01,97548,0x00017D0C,97196,0x00017BAC,-352,owner_isgrp,isgrp_004289,scheduler_group
25,family_window,17,Ul'dah,All Saints/Halloween city decor,hw5,time_bg_hw5,wil_w0_twn01,97548,0x00017D0C,97209,0x00017BB9,-339,other_sgrp,sgrp_0569,scheduler_group
25,family_window,18,Ul'dah,All Saints/Halloween city decor,hw5,time_bg_hw5,wil_w0_twn01,97548,0x00017D0C,97264,0x00017BF0,-284,other_isgrp,isgrp_004296,scheduler_group
25,family_window,19,Ul'dah,All Saints/Halloween city decor,hw5,time_bg_hw5,wil_w0_twn01,97548,0x00017D0C,97277,0x00017BFD,-271,nearby,Bk_isgrp_000621-013,interesting
25,family_window,20,Ul'dah,All Saints/Halloween city decor,hw5,time_bg_hw5,wil_w0_twn01,97548,0x00017D0C,97297,0x00017C11,-251,other_isgrp,isgrp_004300,scheduler_group
25,family_window,21,Ul'dah,All Saints/Halloween city decor,hw5,time_bg_hw5,wil_w0_twn01,97548,0x00017D0C,97310,0x00017C1E,-238,other_isgrp,isgrp_004308,scheduler_group
25,family_window,22,Ul'dah,All Saints/Halloween city decor,hw5,time_bg_hw5,wil_w0_twn01,97548,0x00017D0C,97323,0x00017C2B,-225,other_sgrp,sgrp_tutrl02,scheduler_group
25,family_window,23,Ul'dah,All Saints/Halloween city decor,hw5,time_bg_hw5,wil_w0_twn01,97548,0x00017D0C,97345,0x00017C41,-203,other_isgrp,isgrp_004311,scheduler_group
25,family_window,24,Ul'dah,All Saints/Halloween city decor,hw5,time_bg_hw5,wil_w0_twn01,97548,0x00017D0C,97358,0x00017C4E,-190,other_isgrp,isgrp_004312,scheduler_group
25,family_window,25,Ul'dah,All Saints/Halloween city decor,hw5,time_bg_hw5,wil_w0_twn01,97548,0x00017D0C,97371,0x00017C5B,-177,other_isgrp,isgrp_004313,scheduler_group
25,family_window,26,Ul'dah,All Saints/Halloween city decor,hw5,time_bg_hw5,wil_w0_twn01,97548,0x00017D0C,97384,0x00017C68,-164,other_sgrp,sgrp_w0t0_h0_hlw1s_h,scheduler_group
25,family_window,27,Ul'dah,All Saints/Halloween city decor,hw5,time_bg_hw5,wil_w0_twn01,97548,0x00017D0C,97405,0x00017C7D,-143,nearby,w0t0_h0_hlw1s_h_001,interesting
25,family_window,28,Ul'dah,All Saints/Halloween city decor,hw5,time_bg_hw5,wil_w0_twn01,97548,0x00017D0C,97425,0x00017C91,-123,other_sgrp,sgrp_w0t0_h0_hlw2m_h,scheduler_group
25,family_window,29,Ul'dah,All Saints/Halloween city decor,hw5,time_bg_hw5,wil_w0_twn01,97548,0x00017D0C,97446,0x00017CA6,-102,nearby,w0t0_h0_hlw2m_h_001,interesting
25,family_window,30,Ul'dah,All Saints/Halloween city decor,hw5,time_bg_hw5,wil_w0_twn01,97548,0x00017D0C,97466,0x00017CBA,-82,other_sgrp,sgrp_w0t0_h0_hlw3l_h,scheduler_group
25,family_window,31,Ul'dah,All Saints/Halloween city decor,hw5,time_bg_hw5,wil_w0_twn01,97548,0x00017D0C,97487,0x00017CCF,-61,nearby,w0t0_h0_hlw3l_h_001,interesting
25,family_window,32,Ul'dah,All Saints/Halloween city decor,hw5,time_bg_hw5,wil_w0_twn01,97548,0x00017D0C,97507,0x00017CE3,-41,other_sgrp,sgrp_w0t0_h0_hlw4l_h,scheduler_group
25,family_window,33,Ul'dah,All Saints/Halloween city decor,hw5,time_bg_hw5,wil_w0_twn01,97548,0x00017D0C,97528,0x00017CF8,-20,center_neighbor,w0t0_h0_hlw4l_h_001,interesting
25,family_window,34,Ul'dah,All Saints/Halloween city decor,hw5,time_bg_hw5,wil_w0_twn01,97548,0x00017D0C,97548,0x00017D0C,0,matched_group,sgrp_w0t0_h0_hlw5bg_h,scheduler_group
25,family_window,35,Ul'dah,All Saints/Halloween city decor,hw5,time_bg_hw5,wil_w0_twn01,97548,0x00017D0C,97570,0x00017D22,22,center_neighbor,w0t0_h0_hlw5bg_h_001,interesting
25,family_window,36,Ul'dah,All Saints/Halloween city decor,hw5,time_bg_hw5,wil_w0_twn01,97548,0x00017D0C,97591,0x00017D37,43,other_sgrp,sgrp_w0t0_h0_hlw6k_h,scheduler_group
25,family_window,37,Ul'dah,All Saints/Halloween city decor,hw5,time_bg_hw5,wil_w0_twn01,97548,0x00017D0C,97612,0x00017D4C,64,nearby,w0t0_h0_hlw6k_h_001,interesting
25,family_window,38,Ul'dah,All Saints/Halloween city decor,hw5,time_bg_hw5,wil_w0_twn01,97548,0x00017D0C,97632,0x00017D60,84,other_sgrp,sgrp_w0t0_h0_hlw7t_h,scheduler_group
25,family_window,39,Ul'dah,All Saints/Halloween city decor,hw5,time_bg_hw5,wil_w0_twn01,97548,0x00017D0C,97653,0x00017D75,105,nearby,w0t0_h0_hlw7t_h_001,interesting
25,family_window,40,Ul'dah,All Saints/Halloween city decor,hw5,time_bg_hw5,wil_w0_twn01,97548,0x00017D0C,97673,0x00017D89,125,other_sgrp,sgrp_w0t0_h0_hlw8_sp,scheduler_group
25,family_window,41,Ul'dah,All Saints/Halloween city decor,hw5,time_bg_hw5,wil_w0_twn01,97548,0x00017D0C,97694,0x00017D9E,146,nearby,w0t0_h0_hlw8_sp_001,interesting
25,family_window,42,Ul'dah,All Saints/Halloween city decor,hw5,time_bg_hw5,wil_w0_twn01,97548,0x00017D0C,97714,0x00017DB2,166,other_sgrp,sgrp_w0t0_h0_hlw9_sp,scheduler_group
25,family_window,43,Ul'dah,All Saints/Halloween city decor,hw5,time_bg_hw5,wil_w0_twn01,97548,0x00017D0C,97735,0x00017DC7,187,nearby,w0t0_h0_hlw9_sp_001,interesting
25,family_window,44,Ul'dah,All Saints/Halloween city decor,hw5,time_bg_hw5,wil_w0_twn01,97548,0x00017D0C,97755,0x00017DDB,207,other_isgrp,isgrp_004315,scheduler_group
25,family_window,45,Ul'dah,All Saints/Halloween city decor,hw5,time_bg_hw5,wil_w0_twn01,97548,0x00017D0C,97768,0x00017DE8,220,other_isgrp,isgrp_004316,scheduler_group
25,family_window,46,Ul'dah,All Saints/Halloween city decor,hw5,time_bg_hw5,wil_w0_twn01,97548,0x00017D0C,97781,0x00017DF5,233,other_isgrp,isgrp_004317,scheduler_group
25,family_window,47,Ul'dah,All Saints/Halloween city decor,hw5,time_bg_hw5,wil_w0_twn01,97548,0x00017D0C,97794,0x00017E02,246,other_isgrp,isgrp_004318,scheduler_group
25,family_window,48,Ul'dah,All Saints/Halloween city decor,hw5,time_bg_hw5,wil_w0_twn01,97548,0x00017D0C,97807,0x00017E0F,259,other_isgrp,isgrp_004320,scheduler_group
25,family_window,49,Ul'dah,All Saints/Halloween city decor,hw5,time_bg_hw5,wil_w0_twn01,97548,0x00017D0C,97820,0x00017E1C,272,other_isgrp,isgrp_004321,scheduler_group
25,family_window,50,Ul'dah,All Saints/Halloween city decor,hw5,time_bg_hw5,wil_w0_twn01,97548,0x00017D0C,97833,0x00017E29,285,other_isgrp,isgrp_004322,scheduler_group
25,family_window,51,Ul'dah,All Saints/Halloween city decor,hw5,time_bg_hw5,wil_w0_twn01,97548,0x00017D0C,97846,0x00017E36,298,other_isgrp,isgrp_004324,scheduler_group
25,family_window,52,Ul'dah,All Saints/Halloween city decor,hw5,time_bg_hw5,wil_w0_twn01,97548,0x00017D0C,97859,0x00017E43,311,other_isgrp,isgrp_004325,scheduler_group
25,family_window,53,Ul'dah,All Saints/Halloween city decor,hw5,time_bg_hw5,wil_w0_twn01,97548,0x00017D0C,97872,0x00017E50,324,other_isgrp,isgrp_004326,scheduler_group
25,family_window,54,Ul'dah,All Saints/Halloween city decor,hw5,time_bg_hw5,wil_w0_twn01,97548,0x00017D0C,97885,0x00017E5D,337,other_sgrp,sgrp_w0t0_h0_hlw0p_h,scheduler_group
25,family_window,55,Ul'dah,All Saints/Halloween city decor,hw5,time_bg_hw5,wil_w0_twn01,97548,0x00017D0C,97906,0x00017E72,358,nearby,w0t0_h0_hlw0p_h_001,interesting
25,family_window,56,Ul'dah,All Saints/Halloween city decor,hw5,time_bg_hw5,wil_w0_twn01,97548,0x00017D0C,97926,0x00017E86,378,other_isgrp,isgrp_004328,scheduler_group
25,family_window,57,Ul'dah,All Saints/Halloween city decor,hw5,time_bg_hw5,wil_w0_twn01,97548,0x00017D0C,97939,0x00017E93,391,other_isgrp,isgrp_004329,scheduler_group
25,family_window,58,Ul'dah,All Saints/Halloween city decor,hw5,time_bg_hw5,wil_w0_twn01,97548,0x00017D0C,97952,0x00017EA0,404,other_isgrp,isgrp_004330,scheduler_group
25,family_window,59,Ul'dah,All Saints/Halloween city decor,hw5,time_bg_hw5,wil_w0_twn01,97548,0x00017D0C,97965,0x00017EAD,417,other_isgrp,isgrp_004331,scheduler_group
25,family_window,60,Ul'dah,All Saints/Halloween city decor,hw5,time_bg_hw5,wil_w0_twn01,97548,0x00017D0C,97978,0x00017EBA,430,other_isgrp,isgrp_004332,scheduler_group
25,family_window,61,Ul'dah,All Saints/Halloween city decor,hw5,time_bg_hw5,wil_w0_twn01,97548,0x00017D0C,97991,0x00017EC7,443,other_isgrp,isgrp_004333,scheduler_group
25,family_window,62,Ul'dah,All Saints/Halloween city decor,hw5,time_bg_hw5,wil_w0_twn01,97548,0x00017D0C,98004,0x00017ED4,456,other_isgrp,isgrp_004334,scheduler_group
25,family_window,63,Ul'dah,All Saints/Halloween city decor,hw5,time_bg_hw5,wil_w0_twn01,97548,0x00017D0C,98017,0x00017EE1,469,other_isgrp,isgrp_004335,scheduler_group
25,family_window,64,Ul'dah,All Saints/Halloween city decor,hw5,time_bg_hw5,wil_w0_twn01,97548,0x00017D0C,98030,0x00017EEE,482,other_isgrp,isgrp_004336,scheduler_group
25,family_window,65,Ul'dah,All Saints/Halloween city decor,hw5,time_bg_hw5,wil_w0_twn01,97548,0x00017D0C,98043,0x00017EFB,495,other_isgrp,isgrp_004337,scheduler_group
25,family_window,66,Ul'dah,All Saints/Halloween city decor,hw5,time_bg_hw5,wil_w0_twn01,97548,0x00017D0C,98056,0x00017F08,508,other_isgrp,isgrp_004338,scheduler_group
25,family_window,67,Ul'dah,All Saints/Halloween city decor,hw5,time_bg_hw5,wil_w0_twn01,97548,0x00017D0C,98069,0x00017F15,521,other_isgrp,isgrp_004339,scheduler_group
25,family_window,68,Ul'dah,All Saints/Halloween city decor,hw5,time_bg_hw5,wil_w0_twn01,97548,0x00017D0C,98082,0x00017F22,534,other_isgrp,isgrp_004340,scheduler_group
25,family_window,69,Ul'dah,All Saints/Halloween city decor,hw5,time_bg_hw5,wil_w0_twn01,97548,0x00017D0C,98095,0x00017F2F,547,other_isgrp,isgrp_004341,scheduler_group
25,family_window,70,Ul'dah,All Saints/Halloween city decor,hw5,time_bg_hw5,wil_w0_twn01,97548,0x00017D0C,98108,0x00017F3C,560,other_isgrp,isgrp_004342,scheduler_group
25,family_window,71,Ul'dah,All Saints/Halloween city decor,hw5,time_bg_hw5,wil_w0_twn01,97548,0x00017D0C,98121,0x00017F49,573,other_isgrp,isgrp_004345,scheduler_group
25,family_window,72,Ul'dah,All Saints/Halloween city decor,hw5,time_bg_hw5,wil_w0_twn01,97548,0x00017D0C,98134,0x00017F56,586,other_isgrp,isgrp_004346,scheduler_group
25,family_window,73,Ul'dah,All Saints/Halloween city decor,hw5,time_bg_hw5,wil_w0_twn01,97548,0x00017D0C,98147,0x00017F63,599,other_isgrp,isgrp_004347,scheduler_group
25,family_window,74,Ul'dah,All Saints/Halloween city decor,hw5,time_bg_hw5,wil_w0_twn01,97548,0x00017D0C,98160,0x00017F70,612,other_isgrp,isgrp_004348,scheduler_group
25,family_window,75,Ul'dah,All Saints/Halloween city decor,hw5,time_bg_hw5,wil_w0_twn01,97548,0x00017D0C,98173,0x00017F7D,625,other_isgrp,isgrp_004349,scheduler_group
25,family_window,76,Ul'dah,All Saints/Halloween city decor,hw5,time_bg_hw5,wil_w0_twn01,97548,0x00017D0C,98186,0x00017F8A,638,other_isgrp,isgrp_004350,scheduler_group
25,family_window,77,Ul'dah,All Saints/Halloween city decor,hw5,time_bg_hw5,wil_w0_twn01,97548,0x00017D0C,98199,0x00017F97,651,other_isgrp,isgrp_004351,scheduler_group
25,family_window,78,Ul'dah,All Saints/Halloween city decor,hw5,time_bg_hw5,wil_w0_twn01,97548,0x00017D0C,98212,0x00017FA4,664,other_isgrp,isgrp_004353,scheduler_group
25,family_window,79,Ul'dah,All Saints/Halloween city decor,hw5,time_bg_hw5,wil_w0_twn01,97548,0x00017D0C,98225,0x00017FB1,677,other_isgrp,isgrp_004354,scheduler_group
25,family_window,80,Ul'dah,All Saints/Halloween city decor,hw5,time_bg_hw5,wil_w0_twn01,97548,0x00017D0C,98238,0x00017FBE,690,other_isgrp,isgrp_004355,scheduler_group
25,family_window,81,Ul'dah,All Saints/Halloween city decor,hw5,time_bg_hw5,wil_w0_twn01,97548,0x00017D0C,98251,0x00017FCB,703,other_isgrp,isgrp_004356,scheduler_group
25,family_window,82,Ul'dah,All Saints/Halloween city decor,hw5,time_bg_hw5,wil_w0_twn01,97548,0x00017D0C,98264,0x00017FD8,716,other_isgrp,isgrp_004357,scheduler_group
25,family_window,83,Ul'dah,All Saints/Halloween city decor,hw5,time_bg_hw5,wil_w0_twn01,97548,0x00017D0C,98277,0x00017FE5,729,other_isgrp,isgrp_004358,scheduler_group
25,family_window,84,Ul'dah,All Saints/Halloween city decor,hw5,time_bg_hw5,wil_w0_twn01,97548,0x00017D0C,98290,0x00017FF2,742,other_isgrp,isgrp_004359,scheduler_group
25,family_window,85,Ul'dah,All Saints/Halloween city decor,hw5,time_bg_hw5,wil_w0_twn01,97548,0x00017D0C,98303,0x00017FFF,755,other_sgrp,sgrp_new_yadoya,scheduler_group
25,owner_window,1,Ul'dah,All Saints/Halloween city decor,hw5,time_bg_hw5,wil_w0_twn01,97196,0x00017BAC,96428,0x000178AC,-768,other_sgrp,sgrp_0566,scheduler_group
25,owner_window,2,Ul'dah,All Saints/Halloween city decor,hw5,time_bg_hw5,wil_w0_twn01,97196,0x00017BAC,96457,0x000178C9,-739,other_isgrp,isgrp_004271,scheduler_group
25,owner_window,3,Ul'dah,All Saints/Halloween city decor,hw5,time_bg_hw5,wil_w0_twn01,97196,0x00017BAC,96470,0x000178D6,-726,other_isgrp,isgrp_004272,scheduler_group
25,owner_window,4,Ul'dah,All Saints/Halloween city decor,hw5,time_bg_hw5,wil_w0_twn01,97196,0x00017BAC,96483,0x000178E3,-713,other_isgrp,isgrp_004273,scheduler_group
25,owner_window,5,Ul'dah,All Saints/Halloween city decor,hw5,time_bg_hw5,wil_w0_twn01,97196,0x00017BAC,96496,0x000178F0,-700,other_isgrp,isgrp_004274,scheduler_group
25,owner_window,6,Ul'dah,All Saints/Halloween city decor,hw5,time_bg_hw5,wil_w0_twn01,97196,0x00017BAC,96509,0x000178FD,-687,other_sgrp,sgrp_bg_flag1,scheduler_group
25,owner_window,7,Ul'dah,All Saints/Halloween city decor,hw5,time_bg_hw5,wil_w0_twn01,97196,0x00017BAC,96523,0x0001790B,-673,nearby,grp_flag1,flag_or_decor_group
25,owner_window,8,Ul'dah,All Saints/Halloween city decor,hw5,time_bg_hw5,wil_w0_twn01,97196,0x00017BAC,96609,0x00017961,-587,nearby,w0t0_g0_flg3s_h_1_007,flag_or_decor_group
25,owner_window,9,Ul'dah,All Saints/Halloween city decor,hw5,time_bg_hw5,wil_w0_twn01,97196,0x00017BAC,96631,0x00017977,-565,nearby,w0t0_g0_flg3s_h_1_008,flag_or_decor_group
25,owner_window,10,Ul'dah,All Saints/Halloween city decor,hw5,time_bg_hw5,wil_w0_twn01,97196,0x00017BAC,96653,0x0001798D,-543,nearby,w0t0_g0_flg3s_h_1_009,flag_or_decor_group
25,owner_window,11,Ul'dah,All Saints/Halloween city decor,hw5,time_bg_hw5,wil_w0_twn01,97196,0x00017BAC,96675,0x000179A3,-521,nearby,w0t0_g0_flg3s_h_1_010,flag_or_decor_group
25,owner_window,12,Ul'dah,All Saints/Halloween city decor,hw5,time_bg_hw5,wil_w0_twn01,97196,0x00017BAC,96781,0x00017A0D,-415,nearby,vfx_lamp01c_018_1,vfx_or_scene_def
25,owner_window,13,Ul'dah,All Saints/Halloween city decor,hw5,time_bg_hw5,wil_w0_twn01,97196,0x00017BAC,96799,0x00017A1F,-397,nearby,vfx_lamp01c_018_2,vfx_or_scene_def
25,owner_window,14,Ul'dah,All Saints/Halloween city decor,hw5,time_bg_hw5,wil_w0_twn01,97196,0x00017BAC,96817,0x00017A31,-379,nearby,vfx_lamp01c_018_3,vfx_or_scene_def
25,owner_window,15,Ul'dah,All Saints/Halloween city decor,hw5,time_bg_hw5,wil_w0_twn01,97196,0x00017BAC,96835,0x00017A43,-361,nearby,vfx_lamp01c_018_4,vfx_or_scene_def
25,owner_window,16,Ul'dah,All Saints/Halloween city decor,hw5,time_bg_hw5,wil_w0_twn01,97196,0x00017BAC,96920,0x00017A98,-276,other_isgrp,isgrp_004275,scheduler_group
25,owner_window,17,Ul'dah,All Saints/Halloween city decor,hw5,time_bg_hw5,wil_w0_twn01,97196,0x00017BAC,96933,0x00017AA5,-263,other_isgrp,isgrp_004277,scheduler_group
25,owner_window,18,Ul'dah,All Saints/Halloween city decor,hw5,time_bg_hw5,wil_w0_twn01,97196,0x00017BAC,96946,0x00017AB2,-250,other_isgrp,isgrp_004279,scheduler_group
25,owner_window,19,Ul'dah,All Saints/Halloween city decor,hw5,time_bg_hw5,wil_w0_twn01,97196,0x00017BAC,96959,0x00017ABF,-237,nearby,Bk_isgrp_000745-012,interesting
25,owner_window,20,Ul'dah,All Saints/Halloween city decor,hw5,time_bg_hw5,wil_w0_twn01,97196,0x00017BAC,96979,0x00017AD3,-217,other_isgrp,isgrp_004280,scheduler_group
25,owner_window,21,Ul'dah,All Saints/Halloween city decor,hw5,time_bg_hw5,wil_w0_twn01,97196,0x00017BAC,96992,0x00017AE0,-204,other_isgrp,isgrp_004281,scheduler_group
25,owner_window,22,Ul'dah,All Saints/Halloween city decor,hw5,time_bg_hw5,wil_w0_twn01,97196,0x00017BAC,97005,0x00017AED,-191,nearby,Bk_isgrp_000745-013,interesting
25,owner_window,23,Ul'dah,All Saints/Halloween city decor,hw5,time_bg_hw5,wil_w0_twn01,97196,0x00017BAC,97025,0x00017B01,-171,other_isgrp,isgrp_004282,scheduler_group
25,owner_window,24,Ul'dah,All Saints/Halloween city decor,hw5,time_bg_hw5,wil_w0_twn01,97196,0x00017BAC,97038,0x00017B0E,-158,other_isgrp,isgrp_004283,scheduler_group
25,owner_window,25,Ul'dah,All Saints/Halloween city decor,hw5,time_bg_hw5,wil_w0_twn01,97196,0x00017BAC,97051,0x00017B1B,-145,other_sgrp,sgrp_tutrl01,scheduler_group
25,owner_window,26,Ul'dah,All Saints/Halloween city decor,hw5,time_bg_hw5,wil_w0_twn01,97196,0x00017BAC,97183,0x00017B9F,-13,other_isgrp,isgrp_004287,scheduler_group
25,owner_window,27,Ul'dah,All Saints/Halloween city decor,hw5,time_bg_hw5,wil_w0_twn01,97196,0x00017BAC,97196,0x00017BAC,0,owner_isgrp,isgrp_004289,scheduler_group
25,owner_window,28,Ul'dah,All Saints/Halloween city decor,hw5,time_bg_hw5,wil_w0_twn01,97196,0x00017BAC,97209,0x00017BB9,13,other_sgrp,sgrp_0569,scheduler_group
25,owner_window,29,Ul'dah,All Saints/Halloween city decor,hw5,time_bg_hw5,wil_w0_twn01,97196,0x00017BAC,97264,0x00017BF0,68,other_isgrp,isgrp_004296,scheduler_group
25,owner_window,30,Ul'dah,All Saints/Halloween city decor,hw5,time_bg_hw5,wil_w0_twn01,97196,0x00017BAC,97277,0x00017BFD,81,nearby,Bk_isgrp_000621-013,interesting
25,owner_window,31,Ul'dah,All Saints/Halloween city decor,hw5,time_bg_hw5,wil_w0_twn01,97196,0x00017BAC,97297,0x00017C11,101,other_isgrp,isgrp_004300,scheduler_group
25,owner_window,32,Ul'dah,All Saints/Halloween city decor,hw5,time_bg_hw5,wil_w0_twn01,97196,0x00017BAC,97310,0x00017C1E,114,other_isgrp,isgrp_004308,scheduler_group
25,owner_window,33,Ul'dah,All Saints/Halloween city decor,hw5,time_bg_hw5,wil_w0_twn01,97196,0x00017BAC,97323,0x00017C2B,127,other_sgrp,sgrp_tutrl02,scheduler_group
25,owner_window,34,Ul'dah,All Saints/Halloween city decor,hw5,time_bg_hw5,wil_w0_twn01,97196,0x00017BAC,97345,0x00017C41,149,other_isgrp,isgrp_004311,scheduler_group
25,owner_window,35,Ul'dah,All Saints/Halloween city decor,hw5,time_bg_hw5,wil_w0_twn01,97196,0x00017BAC,97358,0x00017C4E,162,other_isgrp,isgrp_004312,scheduler_group
25,owner_window,36,Ul'dah,All Saints/Halloween city decor,hw5,time_bg_hw5,wil_w0_twn01,97196,0x00017BAC,97371,0x00017C5B,175,other_isgrp,isgrp_004313,scheduler_group
25,owner_window,37,Ul'dah,All Saints/Halloween city decor,hw5,time_bg_hw5,wil_w0_twn01,97196,0x00017BAC,97384,0x00017C68,188,other_sgrp,sgrp_w0t0_h0_hlw1s_h,scheduler_group
25,owner_window,38,Ul'dah,All Saints/Halloween city decor,hw5,time_bg_hw5,wil_w0_twn01,97196,0x00017BAC,97405,0x00017C7D,209,nearby,w0t0_h0_hlw1s_h_001,interesting
25,owner_window,39,Ul'dah,All Saints/Halloween city decor,hw5,time_bg_hw5,wil_w0_twn01,97196,0x00017BAC,97425,0x00017C91,229,other_sgrp,sgrp_w0t0_h0_hlw2m_h,scheduler_group
25,owner_window,40,Ul'dah,All Saints/Halloween city decor,hw5,time_bg_hw5,wil_w0_twn01,97196,0x00017BAC,97446,0x00017CA6,250,nearby,w0t0_h0_hlw2m_h_001,interesting
25,owner_window,41,Ul'dah,All Saints/Halloween city decor,hw5,time_bg_hw5,wil_w0_twn01,97196,0x00017BAC,97466,0x00017CBA,270,other_sgrp,sgrp_w0t0_h0_hlw3l_h,scheduler_group
25,owner_window,42,Ul'dah,All Saints/Halloween city decor,hw5,time_bg_hw5,wil_w0_twn01,97196,0x00017BAC,97487,0x00017CCF,291,nearby,w0t0_h0_hlw3l_h_001,interesting
25,owner_window,43,Ul'dah,All Saints/Halloween city decor,hw5,time_bg_hw5,wil_w0_twn01,97196,0x00017BAC,97507,0x00017CE3,311,other_sgrp,sgrp_w0t0_h0_hlw4l_h,scheduler_group
25,owner_window,44,Ul'dah,All Saints/Halloween city decor,hw5,time_bg_hw5,wil_w0_twn01,97196,0x00017BAC,97528,0x00017CF8,332,nearby,w0t0_h0_hlw4l_h_001,interesting
25,owner_window,45,Ul'dah,All Saints/Halloween city decor,hw5,time_bg_hw5,wil_w0_twn01,97196,0x00017BAC,97548,0x00017D0C,352,matched_group,sgrp_w0t0_h0_hlw5bg_h,scheduler_group
25,owner_window,46,Ul'dah,All Saints/Halloween city decor,hw5,time_bg_hw5,wil_w0_twn01,97196,0x00017BAC,97570,0x00017D22,374,nearby,w0t0_h0_hlw5bg_h_001,interesting
25,owner_window,47,Ul'dah,All Saints/Halloween city decor,hw5,time_bg_hw5,wil_w0_twn01,97196,0x00017BAC,97591,0x00017D37,395,other_sgrp,sgrp_w0t0_h0_hlw6k_h,scheduler_group
25,owner_window,48,Ul'dah,All Saints/Halloween city decor,hw5,time_bg_hw5,wil_w0_twn01,97196,0x00017BAC,97612,0x00017D4C,416,nearby,w0t0_h0_hlw6k_h_001,interesting
25,owner_window,49,Ul'dah,All Saints/Halloween city decor,hw5,time_bg_hw5,wil_w0_twn01,97196,0x00017BAC,97632,0x00017D60,436,other_sgrp,sgrp_w0t0_h0_hlw7t_h,scheduler_group
25,owner_window,50,Ul'dah,All Saints/Halloween city decor,hw5,time_bg_hw5,wil_w0_twn01,97196,0x00017BAC,97653,0x00017D75,457,nearby,w0t0_h0_hlw7t_h_001,interesting
25,owner_window,51,Ul'dah,All Saints/Halloween city decor,hw5,time_bg_hw5,wil_w0_twn01,97196,0x00017BAC,97673,0x00017D89,477,other_sgrp,sgrp_w0t0_h0_hlw8_sp,scheduler_group
25,owner_window,52,Ul'dah,All Saints/Halloween city decor,hw5,time_bg_hw5,wil_w0_twn01,97196,0x00017BAC,97694,0x00017D9E,498,nearby,w0t0_h0_hlw8_sp_001,interesting
25,owner_window,53,Ul'dah,All Saints/Halloween city decor,hw5,time_bg_hw5,wil_w0_twn01,97196,0x00017BAC,97714,0x00017DB2,518,other_sgrp,sgrp_w0t0_h0_hlw9_sp,scheduler_group
25,owner_window,54,Ul'dah,All Saints/Halloween city decor,hw5,time_bg_hw5,wil_w0_twn01,97196,0x00017BAC,97735,0x00017DC7,539,nearby,w0t0_h0_hlw9_sp_001,interesting
25,owner_window,55,Ul'dah,All Saints/Halloween city decor,hw5,time_bg_hw5,wil_w0_twn01,97196,0x00017BAC,97755,0x00017DDB,559,other_isgrp,isgrp_004315,scheduler_group
25,owner_window,56,Ul'dah,All Saints/Halloween city decor,hw5,time_bg_hw5,wil_w0_twn01,97196,0x00017BAC,97768,0x00017DE8,572,other_isgrp,isgrp_004316,scheduler_group
25,owner_window,57,Ul'dah,All Saints/Halloween city decor,hw5,time_bg_hw5,wil_w0_twn01,97196,0x00017BAC,97781,0x00017DF5,585,other_isgrp,isgrp_004317,scheduler_group
25,owner_window,58,Ul'dah,All Saints/Halloween city decor,hw5,time_bg_hw5,wil_w0_twn01,97196,0x00017BAC,97794,0x00017E02,598,other_isgrp,isgrp_004318,scheduler_group
25,owner_window,59,Ul'dah,All Saints/Halloween city decor,hw5,time_bg_hw5,wil_w0_twn01,97196,0x00017BAC,97807,0x00017E0F,611,other_isgrp,isgrp_004320,scheduler_group
25,owner_window,60,Ul'dah,All Saints/Halloween city decor,hw5,time_bg_hw5,wil_w0_twn01,97196,0x00017BAC,97820,0x00017E1C,624,other_isgrp,isgrp_004321,scheduler_group
25,owner_window,61,Ul'dah,All Saints/Halloween city decor,hw5,time_bg_hw5,wil_w0_twn01,97196,0x00017BAC,97833,0x00017E29,637,other_isgrp,isgrp_004322,scheduler_group
25,owner_window,62,Ul'dah,All Saints/Halloween city decor,hw5,time_bg_hw5,wil_w0_twn01,97196,0x00017BAC,97846,0x00017E36,650,other_isgrp,isgrp_004324,scheduler_group
25,owner_window,63,Ul'dah,All Saints/Halloween city decor,hw5,time_bg_hw5,wil_w0_twn01,97196,0x00017BAC,97859,0x00017E43,663,other_isgrp,isgrp_004325,scheduler_group
25,owner_window,64,Ul'dah,All Saints/Halloween city decor,hw5,time_bg_hw5,wil_w0_twn01,97196,0x00017BAC,97872,0x00017E50,676,other_isgrp,isgrp_004326,scheduler_group
25,owner_window,65,Ul'dah,All Saints/Halloween city decor,hw5,time_bg_hw5,wil_w0_twn01,97196,0x00017BAC,97885,0x00017E5D,689,other_sgrp,sgrp_w0t0_h0_hlw0p_h,scheduler_group
25,owner_window,66,Ul'dah,All Saints/Halloween city decor,hw5,time_bg_hw5,wil_w0_twn01,97196,0x00017BAC,97906,0x00017E72,710,nearby,w0t0_h0_hlw0p_h_001,interesting
25,owner_window,67,Ul'dah,All Saints/Halloween city decor,hw5,time_bg_hw5,wil_w0_twn01,97196,0x00017BAC,97926,0x00017E86,730,other_isgrp,isgrp_004328,scheduler_group
25,owner_window,68,Ul'dah,All Saints/Halloween city decor,hw5,time_bg_hw5,wil_w0_twn01,97196,0x00017BAC,97939,0x00017E93,743,other_isgrp,isgrp_004329,scheduler_group
25,owner_window,69,Ul'dah,All Saints/Halloween city decor,hw5,time_bg_hw5,wil_w0_twn01,97196,0x00017BAC,97952,0x00017EA0,756,other_isgrp,isgrp_004330,scheduler_group
26,family_window,1,Ul'dah,All Saints/Halloween city decor,hw6,time_bg_hw6,wil_w0_twn01,97591,0x00017D37,96835,0x00017A43,-756,nearby,vfx_lamp01c_018_4,vfx_or_scene_def
26,family_window,2,Ul'dah,All Saints/Halloween city decor,hw6,time_bg_hw6,wil_w0_twn01,97591,0x00017D37,96920,0x00017A98,-671,other_isgrp,isgrp_004275,scheduler_group
26,family_window,3,Ul'dah,All Saints/Halloween city decor,hw6,time_bg_hw6,wil_w0_twn01,97591,0x00017D37,96933,0x00017AA5,-658,other_isgrp,isgrp_004277,scheduler_group
26,family_window,4,Ul'dah,All Saints/Halloween city decor,hw6,time_bg_hw6,wil_w0_twn01,97591,0x00017D37,96946,0x00017AB2,-645,other_isgrp,isgrp_004279,scheduler_group
26,family_window,5,Ul'dah,All Saints/Halloween city decor,hw6,time_bg_hw6,wil_w0_twn01,97591,0x00017D37,96959,0x00017ABF,-632,nearby,Bk_isgrp_000745-012,interesting
26,family_window,6,Ul'dah,All Saints/Halloween city decor,hw6,time_bg_hw6,wil_w0_twn01,97591,0x00017D37,96979,0x00017AD3,-612,other_isgrp,isgrp_004280,scheduler_group
26,family_window,7,Ul'dah,All Saints/Halloween city decor,hw6,time_bg_hw6,wil_w0_twn01,97591,0x00017D37,96992,0x00017AE0,-599,other_isgrp,isgrp_004281,scheduler_group
26,family_window,8,Ul'dah,All Saints/Halloween city decor,hw6,time_bg_hw6,wil_w0_twn01,97591,0x00017D37,97005,0x00017AED,-586,nearby,Bk_isgrp_000745-013,interesting
26,family_window,9,Ul'dah,All Saints/Halloween city decor,hw6,time_bg_hw6,wil_w0_twn01,97591,0x00017D37,97025,0x00017B01,-566,other_isgrp,isgrp_004282,scheduler_group
26,family_window,10,Ul'dah,All Saints/Halloween city decor,hw6,time_bg_hw6,wil_w0_twn01,97591,0x00017D37,97038,0x00017B0E,-553,other_isgrp,isgrp_004283,scheduler_group
26,family_window,11,Ul'dah,All Saints/Halloween city decor,hw6,time_bg_hw6,wil_w0_twn01,97591,0x00017D37,97051,0x00017B1B,-540,other_sgrp,sgrp_tutrl01,scheduler_group
26,family_window,12,Ul'dah,All Saints/Halloween city decor,hw6,time_bg_hw6,wil_w0_twn01,97591,0x00017D37,97183,0x00017B9F,-408,other_isgrp,isgrp_004287,scheduler_group
26,family_window,13,Ul'dah,All Saints/Halloween city decor,hw6,time_bg_hw6,wil_w0_twn01,97591,0x00017D37,97196,0x00017BAC,-395,owner_isgrp,isgrp_004289,scheduler_group
26,family_window,14,Ul'dah,All Saints/Halloween city decor,hw6,time_bg_hw6,wil_w0_twn01,97591,0x00017D37,97209,0x00017BB9,-382,other_sgrp,sgrp_0569,scheduler_group
26,family_window,15,Ul'dah,All Saints/Halloween city decor,hw6,time_bg_hw6,wil_w0_twn01,97591,0x00017D37,97264,0x00017BF0,-327,other_isgrp,isgrp_004296,scheduler_group
26,family_window,16,Ul'dah,All Saints/Halloween city decor,hw6,time_bg_hw6,wil_w0_twn01,97591,0x00017D37,97277,0x00017BFD,-314,nearby,Bk_isgrp_000621-013,interesting
26,family_window,17,Ul'dah,All Saints/Halloween city decor,hw6,time_bg_hw6,wil_w0_twn01,97591,0x00017D37,97297,0x00017C11,-294,other_isgrp,isgrp_004300,scheduler_group
26,family_window,18,Ul'dah,All Saints/Halloween city decor,hw6,time_bg_hw6,wil_w0_twn01,97591,0x00017D37,97310,0x00017C1E,-281,other_isgrp,isgrp_004308,scheduler_group
26,family_window,19,Ul'dah,All Saints/Halloween city decor,hw6,time_bg_hw6,wil_w0_twn01,97591,0x00017D37,97323,0x00017C2B,-268,other_sgrp,sgrp_tutrl02,scheduler_group
26,family_window,20,Ul'dah,All Saints/Halloween city decor,hw6,time_bg_hw6,wil_w0_twn01,97591,0x00017D37,97345,0x00017C41,-246,other_isgrp,isgrp_004311,scheduler_group
26,family_window,21,Ul'dah,All Saints/Halloween city decor,hw6,time_bg_hw6,wil_w0_twn01,97591,0x00017D37,97358,0x00017C4E,-233,other_isgrp,isgrp_004312,scheduler_group
26,family_window,22,Ul'dah,All Saints/Halloween city decor,hw6,time_bg_hw6,wil_w0_twn01,97591,0x00017D37,97371,0x00017C5B,-220,other_isgrp,isgrp_004313,scheduler_group
26,family_window,23,Ul'dah,All Saints/Halloween city decor,hw6,time_bg_hw6,wil_w0_twn01,97591,0x00017D37,97384,0x00017C68,-207,other_sgrp,sgrp_w0t0_h0_hlw1s_h,scheduler_group
26,family_window,24,Ul'dah,All Saints/Halloween city decor,hw6,time_bg_hw6,wil_w0_twn01,97591,0x00017D37,97405,0x00017C7D,-186,nearby,w0t0_h0_hlw1s_h_001,interesting
26,family_window,25,Ul'dah,All Saints/Halloween city decor,hw6,time_bg_hw6,wil_w0_twn01,97591,0x00017D37,97425,0x00017C91,-166,other_sgrp,sgrp_w0t0_h0_hlw2m_h,scheduler_group
26,family_window,26,Ul'dah,All Saints/Halloween city decor,hw6,time_bg_hw6,wil_w0_twn01,97591,0x00017D37,97446,0x00017CA6,-145,nearby,w0t0_h0_hlw2m_h_001,interesting
26,family_window,27,Ul'dah,All Saints/Halloween city decor,hw6,time_bg_hw6,wil_w0_twn01,97591,0x00017D37,97466,0x00017CBA,-125,other_sgrp,sgrp_w0t0_h0_hlw3l_h,scheduler_group
26,family_window,28,Ul'dah,All Saints/Halloween city decor,hw6,time_bg_hw6,wil_w0_twn01,97591,0x00017D37,97487,0x00017CCF,-104,nearby,w0t0_h0_hlw3l_h_001,interesting
26,family_window,29,Ul'dah,All Saints/Halloween city decor,hw6,time_bg_hw6,wil_w0_twn01,97591,0x00017D37,97507,0x00017CE3,-84,other_sgrp,sgrp_w0t0_h0_hlw4l_h,scheduler_group
26,family_window,30,Ul'dah,All Saints/Halloween city decor,hw6,time_bg_hw6,wil_w0_twn01,97591,0x00017D37,97528,0x00017CF8,-63,nearby,w0t0_h0_hlw4l_h_001,interesting
26,family_window,31,Ul'dah,All Saints/Halloween city decor,hw6,time_bg_hw6,wil_w0_twn01,97591,0x00017D37,97548,0x00017D0C,-43,other_sgrp,sgrp_w0t0_h0_hlw5bg_h,scheduler_group
26,family_window,32,Ul'dah,All Saints/Halloween city decor,hw6,time_bg_hw6,wil_w0_twn01,97591,0x00017D37,97570,0x00017D22,-21,center_neighbor,w0t0_h0_hlw5bg_h_001,interesting
26,family_window,33,Ul'dah,All Saints/Halloween city decor,hw6,time_bg_hw6,wil_w0_twn01,97591,0x00017D37,97591,0x00017D37,0,matched_group,sgrp_w0t0_h0_hlw6k_h,scheduler_group
26,family_window,34,Ul'dah,All Saints/Halloween city decor,hw6,time_bg_hw6,wil_w0_twn01,97591,0x00017D37,97612,0x00017D4C,21,center_neighbor,w0t0_h0_hlw6k_h_001,interesting
26,family_window,35,Ul'dah,All Saints/Halloween city decor,hw6,time_bg_hw6,wil_w0_twn01,97591,0x00017D37,97632,0x00017D60,41,other_sgrp,sgrp_w0t0_h0_hlw7t_h,scheduler_group
26,family_window,36,Ul'dah,All Saints/Halloween city decor,hw6,time_bg_hw6,wil_w0_twn01,97591,0x00017D37,97653,0x00017D75,62,nearby,w0t0_h0_hlw7t_h_001,interesting
26,family_window,37,Ul'dah,All Saints/Halloween city decor,hw6,time_bg_hw6,wil_w0_twn01,97591,0x00017D37,97673,0x00017D89,82,other_sgrp,sgrp_w0t0_h0_hlw8_sp,scheduler_group
26,family_window,38,Ul'dah,All Saints/Halloween city decor,hw6,time_bg_hw6,wil_w0_twn01,97591,0x00017D37,97694,0x00017D9E,103,nearby,w0t0_h0_hlw8_sp_001,interesting
26,family_window,39,Ul'dah,All Saints/Halloween city decor,hw6,time_bg_hw6,wil_w0_twn01,97591,0x00017D37,97714,0x00017DB2,123,other_sgrp,sgrp_w0t0_h0_hlw9_sp,scheduler_group
26,family_window,40,Ul'dah,All Saints/Halloween city decor,hw6,time_bg_hw6,wil_w0_twn01,97591,0x00017D37,97735,0x00017DC7,144,nearby,w0t0_h0_hlw9_sp_001,interesting
26,family_window,41,Ul'dah,All Saints/Halloween city decor,hw6,time_bg_hw6,wil_w0_twn01,97591,0x00017D37,97755,0x00017DDB,164,other_isgrp,isgrp_004315,scheduler_group
26,family_window,42,Ul'dah,All Saints/Halloween city decor,hw6,time_bg_hw6,wil_w0_twn01,97591,0x00017D37,97768,0x00017DE8,177,other_isgrp,isgrp_004316,scheduler_group
26,family_window,43,Ul'dah,All Saints/Halloween city decor,hw6,time_bg_hw6,wil_w0_twn01,97591,0x00017D37,97781,0x00017DF5,190,other_isgrp,isgrp_004317,scheduler_group
26,family_window,44,Ul'dah,All Saints/Halloween city decor,hw6,time_bg_hw6,wil_w0_twn01,97591,0x00017D37,97794,0x00017E02,203,other_isgrp,isgrp_004318,scheduler_group
26,family_window,45,Ul'dah,All Saints/Halloween city decor,hw6,time_bg_hw6,wil_w0_twn01,97591,0x00017D37,97807,0x00017E0F,216,other_isgrp,isgrp_004320,scheduler_group
26,family_window,46,Ul'dah,All Saints/Halloween city decor,hw6,time_bg_hw6,wil_w0_twn01,97591,0x00017D37,97820,0x00017E1C,229,other_isgrp,isgrp_004321,scheduler_group
26,family_window,47,Ul'dah,All Saints/Halloween city decor,hw6,time_bg_hw6,wil_w0_twn01,97591,0x00017D37,97833,0x00017E29,242,other_isgrp,isgrp_004322,scheduler_group
26,family_window,48,Ul'dah,All Saints/Halloween city decor,hw6,time_bg_hw6,wil_w0_twn01,97591,0x00017D37,97846,0x00017E36,255,other_isgrp,isgrp_004324,scheduler_group
26,family_window,49,Ul'dah,All Saints/Halloween city decor,hw6,time_bg_hw6,wil_w0_twn01,97591,0x00017D37,97859,0x00017E43,268,other_isgrp,isgrp_004325,scheduler_group
26,family_window,50,Ul'dah,All Saints/Halloween city decor,hw6,time_bg_hw6,wil_w0_twn01,97591,0x00017D37,97872,0x00017E50,281,other_isgrp,isgrp_004326,scheduler_group
26,family_window,51,Ul'dah,All Saints/Halloween city decor,hw6,time_bg_hw6,wil_w0_twn01,97591,0x00017D37,97885,0x00017E5D,294,other_sgrp,sgrp_w0t0_h0_hlw0p_h,scheduler_group
26,family_window,52,Ul'dah,All Saints/Halloween city decor,hw6,time_bg_hw6,wil_w0_twn01,97591,0x00017D37,97906,0x00017E72,315,nearby,w0t0_h0_hlw0p_h_001,interesting
26,family_window,53,Ul'dah,All Saints/Halloween city decor,hw6,time_bg_hw6,wil_w0_twn01,97591,0x00017D37,97926,0x00017E86,335,other_isgrp,isgrp_004328,scheduler_group
26,family_window,54,Ul'dah,All Saints/Halloween city decor,hw6,time_bg_hw6,wil_w0_twn01,97591,0x00017D37,97939,0x00017E93,348,other_isgrp,isgrp_004329,scheduler_group
26,family_window,55,Ul'dah,All Saints/Halloween city decor,hw6,time_bg_hw6,wil_w0_twn01,97591,0x00017D37,97952,0x00017EA0,361,other_isgrp,isgrp_004330,scheduler_group
26,family_window,56,Ul'dah,All Saints/Halloween city decor,hw6,time_bg_hw6,wil_w0_twn01,97591,0x00017D37,97965,0x00017EAD,374,other_isgrp,isgrp_004331,scheduler_group
26,family_window,57,Ul'dah,All Saints/Halloween city decor,hw6,time_bg_hw6,wil_w0_twn01,97591,0x00017D37,97978,0x00017EBA,387,other_isgrp,isgrp_004332,scheduler_group
26,family_window,58,Ul'dah,All Saints/Halloween city decor,hw6,time_bg_hw6,wil_w0_twn01,97591,0x00017D37,97991,0x00017EC7,400,other_isgrp,isgrp_004333,scheduler_group
26,family_window,59,Ul'dah,All Saints/Halloween city decor,hw6,time_bg_hw6,wil_w0_twn01,97591,0x00017D37,98004,0x00017ED4,413,other_isgrp,isgrp_004334,scheduler_group
26,family_window,60,Ul'dah,All Saints/Halloween city decor,hw6,time_bg_hw6,wil_w0_twn01,97591,0x00017D37,98017,0x00017EE1,426,other_isgrp,isgrp_004335,scheduler_group
26,family_window,61,Ul'dah,All Saints/Halloween city decor,hw6,time_bg_hw6,wil_w0_twn01,97591,0x00017D37,98030,0x00017EEE,439,other_isgrp,isgrp_004336,scheduler_group
26,family_window,62,Ul'dah,All Saints/Halloween city decor,hw6,time_bg_hw6,wil_w0_twn01,97591,0x00017D37,98043,0x00017EFB,452,other_isgrp,isgrp_004337,scheduler_group
26,family_window,63,Ul'dah,All Saints/Halloween city decor,hw6,time_bg_hw6,wil_w0_twn01,97591,0x00017D37,98056,0x00017F08,465,other_isgrp,isgrp_004338,scheduler_group
26,family_window,64,Ul'dah,All Saints/Halloween city decor,hw6,time_bg_hw6,wil_w0_twn01,97591,0x00017D37,98069,0x00017F15,478,other_isgrp,isgrp_004339,scheduler_group
26,family_window,65,Ul'dah,All Saints/Halloween city decor,hw6,time_bg_hw6,wil_w0_twn01,97591,0x00017D37,98082,0x00017F22,491,other_isgrp,isgrp_004340,scheduler_group
26,family_window,66,Ul'dah,All Saints/Halloween city decor,hw6,time_bg_hw6,wil_w0_twn01,97591,0x00017D37,98095,0x00017F2F,504,other_isgrp,isgrp_004341,scheduler_group
26,family_window,67,Ul'dah,All Saints/Halloween city decor,hw6,time_bg_hw6,wil_w0_twn01,97591,0x00017D37,98108,0x00017F3C,517,other_isgrp,isgrp_004342,scheduler_group
26,family_window,68,Ul'dah,All Saints/Halloween city decor,hw6,time_bg_hw6,wil_w0_twn01,97591,0x00017D37,98121,0x00017F49,530,other_isgrp,isgrp_004345,scheduler_group
26,family_window,69,Ul'dah,All Saints/Halloween city decor,hw6,time_bg_hw6,wil_w0_twn01,97591,0x00017D37,98134,0x00017F56,543,other_isgrp,isgrp_004346,scheduler_group
26,family_window,70,Ul'dah,All Saints/Halloween city decor,hw6,time_bg_hw6,wil_w0_twn01,97591,0x00017D37,98147,0x00017F63,556,other_isgrp,isgrp_004347,scheduler_group
26,family_window,71,Ul'dah,All Saints/Halloween city decor,hw6,time_bg_hw6,wil_w0_twn01,97591,0x00017D37,98160,0x00017F70,569,other_isgrp,isgrp_004348,scheduler_group
26,family_window,72,Ul'dah,All Saints/Halloween city decor,hw6,time_bg_hw6,wil_w0_twn01,97591,0x00017D37,98173,0x00017F7D,582,other_isgrp,isgrp_004349,scheduler_group
26,family_window,73,Ul'dah,All Saints/Halloween city decor,hw6,time_bg_hw6,wil_w0_twn01,97591,0x00017D37,98186,0x00017F8A,595,other_isgrp,isgrp_004350,scheduler_group
26,family_window,74,Ul'dah,All Saints/Halloween city decor,hw6,time_bg_hw6,wil_w0_twn01,97591,0x00017D37,98199,0x00017F97,608,other_isgrp,isgrp_004351,scheduler_group
26,family_window,75,Ul'dah,All Saints/Halloween city decor,hw6,time_bg_hw6,wil_w0_twn01,97591,0x00017D37,98212,0x00017FA4,621,other_isgrp,isgrp_004353,scheduler_group
26,family_window,76,Ul'dah,All Saints/Halloween city decor,hw6,time_bg_hw6,wil_w0_twn01,97591,0x00017D37,98225,0x00017FB1,634,other_isgrp,isgrp_004354,scheduler_group
26,family_window,77,Ul'dah,All Saints/Halloween city decor,hw6,time_bg_hw6,wil_w0_twn01,97591,0x00017D37,98238,0x00017FBE,647,other_isgrp,isgrp_004355,scheduler_group
26,family_window,78,Ul'dah,All Saints/Halloween city decor,hw6,time_bg_hw6,wil_w0_twn01,97591,0x00017D37,98251,0x00017FCB,660,other_isgrp,isgrp_004356,scheduler_group
26,family_window,79,Ul'dah,All Saints/Halloween city decor,hw6,time_bg_hw6,wil_w0_twn01,97591,0x00017D37,98264,0x00017FD8,673,other_isgrp,isgrp_004357,scheduler_group
26,family_window,80,Ul'dah,All Saints/Halloween city decor,hw6,time_bg_hw6,wil_w0_twn01,97591,0x00017D37,98277,0x00017FE5,686,other_isgrp,isgrp_004358,scheduler_group
26,family_window,81,Ul'dah,All Saints/Halloween city decor,hw6,time_bg_hw6,wil_w0_twn01,97591,0x00017D37,98290,0x00017FF2,699,other_isgrp,isgrp_004359,scheduler_group
26,family_window,82,Ul'dah,All Saints/Halloween city decor,hw6,time_bg_hw6,wil_w0_twn01,97591,0x00017D37,98303,0x00017FFF,712,other_sgrp,sgrp_new_yadoya,scheduler_group
26,owner_window,1,Ul'dah,All Saints/Halloween city decor,hw6,time_bg_hw6,wil_w0_twn01,97196,0x00017BAC,96428,0x000178AC,-768,other_sgrp,sgrp_0566,scheduler_group
26,owner_window,2,Ul'dah,All Saints/Halloween city decor,hw6,time_bg_hw6,wil_w0_twn01,97196,0x00017BAC,96457,0x000178C9,-739,other_isgrp,isgrp_004271,scheduler_group
26,owner_window,3,Ul'dah,All Saints/Halloween city decor,hw6,time_bg_hw6,wil_w0_twn01,97196,0x00017BAC,96470,0x000178D6,-726,other_isgrp,isgrp_004272,scheduler_group
26,owner_window,4,Ul'dah,All Saints/Halloween city decor,hw6,time_bg_hw6,wil_w0_twn01,97196,0x00017BAC,96483,0x000178E3,-713,other_isgrp,isgrp_004273,scheduler_group
26,owner_window,5,Ul'dah,All Saints/Halloween city decor,hw6,time_bg_hw6,wil_w0_twn01,97196,0x00017BAC,96496,0x000178F0,-700,other_isgrp,isgrp_004274,scheduler_group
26,owner_window,6,Ul'dah,All Saints/Halloween city decor,hw6,time_bg_hw6,wil_w0_twn01,97196,0x00017BAC,96509,0x000178FD,-687,other_sgrp,sgrp_bg_flag1,scheduler_group
26,owner_window,7,Ul'dah,All Saints/Halloween city decor,hw6,time_bg_hw6,wil_w0_twn01,97196,0x00017BAC,96523,0x0001790B,-673,nearby,grp_flag1,flag_or_decor_group
26,owner_window,8,Ul'dah,All Saints/Halloween city decor,hw6,time_bg_hw6,wil_w0_twn01,97196,0x00017BAC,96609,0x00017961,-587,nearby,w0t0_g0_flg3s_h_1_007,flag_or_decor_group
26,owner_window,9,Ul'dah,All Saints/Halloween city decor,hw6,time_bg_hw6,wil_w0_twn01,97196,0x00017BAC,96631,0x00017977,-565,nearby,w0t0_g0_flg3s_h_1_008,flag_or_decor_group
26,owner_window,10,Ul'dah,All Saints/Halloween city decor,hw6,time_bg_hw6,wil_w0_twn01,97196,0x00017BAC,96653,0x0001798D,-543,nearby,w0t0_g0_flg3s_h_1_009,flag_or_decor_group
26,owner_window,11,Ul'dah,All Saints/Halloween city decor,hw6,time_bg_hw6,wil_w0_twn01,97196,0x00017BAC,96675,0x000179A3,-521,nearby,w0t0_g0_flg3s_h_1_010,flag_or_decor_group
26,owner_window,12,Ul'dah,All Saints/Halloween city decor,hw6,time_bg_hw6,wil_w0_twn01,97196,0x00017BAC,96781,0x00017A0D,-415,nearby,vfx_lamp01c_018_1,vfx_or_scene_def
26,owner_window,13,Ul'dah,All Saints/Halloween city decor,hw6,time_bg_hw6,wil_w0_twn01,97196,0x00017BAC,96799,0x00017A1F,-397,nearby,vfx_lamp01c_018_2,vfx_or_scene_def
26,owner_window,14,Ul'dah,All Saints/Halloween city decor,hw6,time_bg_hw6,wil_w0_twn01,97196,0x00017BAC,96817,0x00017A31,-379,nearby,vfx_lamp01c_018_3,vfx_or_scene_def
26,owner_window,15,Ul'dah,All Saints/Halloween city decor,hw6,time_bg_hw6,wil_w0_twn01,97196,0x00017BAC,96835,0x00017A43,-361,nearby,vfx_lamp01c_018_4,vfx_or_scene_def
26,owner_window,16,Ul'dah,All Saints/Halloween city decor,hw6,time_bg_hw6,wil_w0_twn01,97196,0x00017BAC,96920,0x00017A98,-276,other_isgrp,isgrp_004275,scheduler_group
26,owner_window,17,Ul'dah,All Saints/Halloween city decor,hw6,time_bg_hw6,wil_w0_twn01,97196,0x00017BAC,96933,0x00017AA5,-263,other_isgrp,isgrp_004277,scheduler_group
26,owner_window,18,Ul'dah,All Saints/Halloween city decor,hw6,time_bg_hw6,wil_w0_twn01,97196,0x00017BAC,96946,0x00017AB2,-250,other_isgrp,isgrp_004279,scheduler_group
26,owner_window,19,Ul'dah,All Saints/Halloween city decor,hw6,time_bg_hw6,wil_w0_twn01,97196,0x00017BAC,96959,0x00017ABF,-237,nearby,Bk_isgrp_000745-012,interesting
26,owner_window,20,Ul'dah,All Saints/Halloween city decor,hw6,time_bg_hw6,wil_w0_twn01,97196,0x00017BAC,96979,0x00017AD3,-217,other_isgrp,isgrp_004280,scheduler_group
26,owner_window,21,Ul'dah,All Saints/Halloween city decor,hw6,time_bg_hw6,wil_w0_twn01,97196,0x00017BAC,96992,0x00017AE0,-204,other_isgrp,isgrp_004281,scheduler_group
26,owner_window,22,Ul'dah,All Saints/Halloween city decor,hw6,time_bg_hw6,wil_w0_twn01,97196,0x00017BAC,97005,0x00017AED,-191,nearby,Bk_isgrp_000745-013,interesting
26,owner_window,23,Ul'dah,All Saints/Halloween city decor,hw6,time_bg_hw6,wil_w0_twn01,97196,0x00017BAC,97025,0x00017B01,-171,other_isgrp,isgrp_004282,scheduler_group
26,owner_window,24,Ul'dah,All Saints/Halloween city decor,hw6,time_bg_hw6,wil_w0_twn01,97196,0x00017BAC,97038,0x00017B0E,-158,other_isgrp,isgrp_004283,scheduler_group
26,owner_window,25,Ul'dah,All Saints/Halloween city decor,hw6,time_bg_hw6,wil_w0_twn01,97196,0x00017BAC,97051,0x00017B1B,-145,other_sgrp,sgrp_tutrl01,scheduler_group
26,owner_window,26,Ul'dah,All Saints/Halloween city decor,hw6,time_bg_hw6,wil_w0_twn01,97196,0x00017BAC,97183,0x00017B9F,-13,other_isgrp,isgrp_004287,scheduler_group
26,owner_window,27,Ul'dah,All Saints/Halloween city decor,hw6,time_bg_hw6,wil_w0_twn01,97196,0x00017BAC,97196,0x00017BAC,0,owner_isgrp,isgrp_004289,scheduler_group
26,owner_window,28,Ul'dah,All Saints/Halloween city decor,hw6,time_bg_hw6,wil_w0_twn01,97196,0x00017BAC,97209,0x00017BB9,13,other_sgrp,sgrp_0569,scheduler_group
26,owner_window,29,Ul'dah,All Saints/Halloween city decor,hw6,time_bg_hw6,wil_w0_twn01,97196,0x00017BAC,97264,0x00017BF0,68,other_isgrp,isgrp_004296,scheduler_group
26,owner_window,30,Ul'dah,All Saints/Halloween city decor,hw6,time_bg_hw6,wil_w0_twn01,97196,0x00017BAC,97277,0x00017BFD,81,nearby,Bk_isgrp_000621-013,interesting
26,owner_window,31,Ul'dah,All Saints/Halloween city decor,hw6,time_bg_hw6,wil_w0_twn01,97196,0x00017BAC,97297,0x00017C11,101,other_isgrp,isgrp_004300,scheduler_group
26,owner_window,32,Ul'dah,All Saints/Halloween city decor,hw6,time_bg_hw6,wil_w0_twn01,97196,0x00017BAC,97310,0x00017C1E,114,other_isgrp,isgrp_004308,scheduler_group
26,owner_window,33,Ul'dah,All Saints/Halloween city decor,hw6,time_bg_hw6,wil_w0_twn01,97196,0x00017BAC,97323,0x00017C2B,127,other_sgrp,sgrp_tutrl02,scheduler_group
26,owner_window,34,Ul'dah,All Saints/Halloween city decor,hw6,time_bg_hw6,wil_w0_twn01,97196,0x00017BAC,97345,0x00017C41,149,other_isgrp,isgrp_004311,scheduler_group
26,owner_window,35,Ul'dah,All Saints/Halloween city decor,hw6,time_bg_hw6,wil_w0_twn01,97196,0x00017BAC,97358,0x00017C4E,162,other_isgrp,isgrp_004312,scheduler_group
26,owner_window,36,Ul'dah,All Saints/Halloween city decor,hw6,time_bg_hw6,wil_w0_twn01,97196,0x00017BAC,97371,0x00017C5B,175,other_isgrp,isgrp_004313,scheduler_group
26,owner_window,37,Ul'dah,All Saints/Halloween city decor,hw6,time_bg_hw6,wil_w0_twn01,97196,0x00017BAC,97384,0x00017C68,188,other_sgrp,sgrp_w0t0_h0_hlw1s_h,scheduler_group
26,owner_window,38,Ul'dah,All Saints/Halloween city decor,hw6,time_bg_hw6,wil_w0_twn01,97196,0x00017BAC,97405,0x00017C7D,209,nearby,w0t0_h0_hlw1s_h_001,interesting
26,owner_window,39,Ul'dah,All Saints/Halloween city decor,hw6,time_bg_hw6,wil_w0_twn01,97196,0x00017BAC,97425,0x00017C91,229,other_sgrp,sgrp_w0t0_h0_hlw2m_h,scheduler_group
26,owner_window,40,Ul'dah,All Saints/Halloween city decor,hw6,time_bg_hw6,wil_w0_twn01,97196,0x00017BAC,97446,0x00017CA6,250,nearby,w0t0_h0_hlw2m_h_001,interesting
26,owner_window,41,Ul'dah,All Saints/Halloween city decor,hw6,time_bg_hw6,wil_w0_twn01,97196,0x00017BAC,97466,0x00017CBA,270,other_sgrp,sgrp_w0t0_h0_hlw3l_h,scheduler_group
26,owner_window,42,Ul'dah,All Saints/Halloween city decor,hw6,time_bg_hw6,wil_w0_twn01,97196,0x00017BAC,97487,0x00017CCF,291,nearby,w0t0_h0_hlw3l_h_001,interesting
26,owner_window,43,Ul'dah,All Saints/Halloween city decor,hw6,time_bg_hw6,wil_w0_twn01,97196,0x00017BAC,97507,0x00017CE3,311,other_sgrp,sgrp_w0t0_h0_hlw4l_h,scheduler_group
26,owner_window,44,Ul'dah,All Saints/Halloween city decor,hw6,time_bg_hw6,wil_w0_twn01,97196,0x00017BAC,97528,0x00017CF8,332,nearby,w0t0_h0_hlw4l_h_001,interesting
26,owner_window,45,Ul'dah,All Saints/Halloween city decor,hw6,time_bg_hw6,wil_w0_twn01,97196,0x00017BAC,97548,0x00017D0C,352,other_sgrp,sgrp_w0t0_h0_hlw5bg_h,scheduler_group
26,owner_window,46,Ul'dah,All Saints/Halloween city decor,hw6,time_bg_hw6,wil_w0_twn01,97196,0x00017BAC,97570,0x00017D22,374,nearby,w0t0_h0_hlw5bg_h_001,interesting
26,owner_window,47,Ul'dah,All Saints/Halloween city decor,hw6,time_bg_hw6,wil_w0_twn01,97196,0x00017BAC,97591,0x00017D37,395,matched_group,sgrp_w0t0_h0_hlw6k_h,scheduler_group
26,owner_window,48,Ul'dah,All Saints/Halloween city decor,hw6,time_bg_hw6,wil_w0_twn01,97196,0x00017BAC,97612,0x00017D4C,416,nearby,w0t0_h0_hlw6k_h_001,interesting
26,owner_window,49,Ul'dah,All Saints/Halloween city decor,hw6,time_bg_hw6,wil_w0_twn01,97196,0x00017BAC,97632,0x00017D60,436,other_sgrp,sgrp_w0t0_h0_hlw7t_h,scheduler_group
26,owner_window,50,Ul'dah,All Saints/Halloween city decor,hw6,time_bg_hw6,wil_w0_twn01,97196,0x00017BAC,97653,0x00017D75,457,nearby,w0t0_h0_hlw7t_h_001,interesting
26,owner_window,51,Ul'dah,All Saints/Halloween city decor,hw6,time_bg_hw6,wil_w0_twn01,97196,0x00017BAC,97673,0x00017D89,477,other_sgrp,sgrp_w0t0_h0_hlw8_sp,scheduler_group
26,owner_window,52,Ul'dah,All Saints/Halloween city decor,hw6,time_bg_hw6,wil_w0_twn01,97196,0x00017BAC,97694,0x00017D9E,498,nearby,w0t0_h0_hlw8_sp_001,interesting
26,owner_window,53,Ul'dah,All Saints/Halloween city decor,hw6,time_bg_hw6,wil_w0_twn01,97196,0x00017BAC,97714,0x00017DB2,518,other_sgrp,sgrp_w0t0_h0_hlw9_sp,scheduler_group
26,owner_window,54,Ul'dah,All Saints/Halloween city decor,hw6,time_bg_hw6,wil_w0_twn01,97196,0x00017BAC,97735,0x00017DC7,539,nearby,w0t0_h0_hlw9_sp_001,interesting
26,owner_window,55,Ul'dah,All Saints/Halloween city decor,hw6,time_bg_hw6,wil_w0_twn01,97196,0x00017BAC,97755,0x00017DDB,559,other_isgrp,isgrp_004315,scheduler_group
26,owner_window,56,Ul'dah,All Saints/Halloween city decor,hw6,time_bg_hw6,wil_w0_twn01,97196,0x00017BAC,97768,0x00017DE8,572,other_isgrp,isgrp_004316,scheduler_group
26,owner_window,57,Ul'dah,All Saints/Halloween city decor,hw6,time_bg_hw6,wil_w0_twn01,97196,0x00017BAC,97781,0x00017DF5,585,other_isgrp,isgrp_004317,scheduler_group
26,owner_window,58,Ul'dah,All Saints/Halloween city decor,hw6,time_bg_hw6,wil_w0_twn01,97196,0x00017BAC,97794,0x00017E02,598,other_isgrp,isgrp_004318,scheduler_group
26,owner_window,59,Ul'dah,All Saints/Halloween city decor,hw6,time_bg_hw6,wil_w0_twn01,97196,0x00017BAC,97807,0x00017E0F,611,other_isgrp,isgrp_004320,scheduler_group
26,owner_window,60,Ul'dah,All Saints/Halloween city decor,hw6,time_bg_hw6,wil_w0_twn01,97196,0x00017BAC,97820,0x00017E1C,624,other_isgrp,isgrp_004321,scheduler_group
26,owner_window,61,Ul'dah,All Saints/Halloween city decor,hw6,time_bg_hw6,wil_w0_twn01,97196,0x00017BAC,97833,0x00017E29,637,other_isgrp,isgrp_004322,scheduler_group
26,owner_window,62,Ul'dah,All Saints/Halloween city decor,hw6,time_bg_hw6,wil_w0_twn01,97196,0x00017BAC,97846,0x00017E36,650,other_isgrp,isgrp_004324,scheduler_group
26,owner_window,63,Ul'dah,All Saints/Halloween city decor,hw6,time_bg_hw6,wil_w0_twn01,97196,0x00017BAC,97859,0x00017E43,663,other_isgrp,isgrp_004325,scheduler_group
26,owner_window,64,Ul'dah,All Saints/Halloween city decor,hw6,time_bg_hw6,wil_w0_twn01,97196,0x00017BAC,97872,0x00017E50,676,other_isgrp,isgrp_004326,scheduler_group
26,owner_window,65,Ul'dah,All Saints/Halloween city decor,hw6,time_bg_hw6,wil_w0_twn01,97196,0x00017BAC,97885,0x00017E5D,689,other_sgrp,sgrp_w0t0_h0_hlw0p_h,scheduler_group
26,owner_window,66,Ul'dah,All Saints/Halloween city decor,hw6,time_bg_hw6,wil_w0_twn01,97196,0x00017BAC,97906,0x00017E72,710,nearby,w0t0_h0_hlw0p_h_001,interesting
26,owner_window,67,Ul'dah,All Saints/Halloween city decor,hw6,time_bg_hw6,wil_w0_twn01,97196,0x00017BAC,97926,0x00017E86,730,other_isgrp,isgrp_004328,scheduler_group
26,owner_window,68,Ul'dah,All Saints/Halloween city decor,hw6,time_bg_hw6,wil_w0_twn01,97196,0x00017BAC,97939,0x00017E93,743,other_isgrp,isgrp_004329,scheduler_group
26,owner_window,69,Ul'dah,All Saints/Halloween city decor,hw6,time_bg_hw6,wil_w0_twn01,97196,0x00017BAC,97952,0x00017EA0,756,other_isgrp,isgrp_004330,scheduler_group
27,family_window,1,Ul'dah,All Saints/Halloween city decor,hw7,time_bg_hw7,wil_w0_twn01,97632,0x00017D60,96920,0x00017A98,-712,other_isgrp,isgrp_004275,scheduler_group
27,family_window,2,Ul'dah,All Saints/Halloween city decor,hw7,time_bg_hw7,wil_w0_twn01,97632,0x00017D60,96933,0x00017AA5,-699,other_isgrp,isgrp_004277,scheduler_group
27,family_window,3,Ul'dah,All Saints/Halloween city decor,hw7,time_bg_hw7,wil_w0_twn01,97632,0x00017D60,96946,0x00017AB2,-686,other_isgrp,isgrp_004279,scheduler_group
27,family_window,4,Ul'dah,All Saints/Halloween city decor,hw7,time_bg_hw7,wil_w0_twn01,97632,0x00017D60,96959,0x00017ABF,-673,nearby,Bk_isgrp_000745-012,interesting
27,family_window,5,Ul'dah,All Saints/Halloween city decor,hw7,time_bg_hw7,wil_w0_twn01,97632,0x00017D60,96979,0x00017AD3,-653,other_isgrp,isgrp_004280,scheduler_group
27,family_window,6,Ul'dah,All Saints/Halloween city decor,hw7,time_bg_hw7,wil_w0_twn01,97632,0x00017D60,96992,0x00017AE0,-640,other_isgrp,isgrp_004281,scheduler_group
27,family_window,7,Ul'dah,All Saints/Halloween city decor,hw7,time_bg_hw7,wil_w0_twn01,97632,0x00017D60,97005,0x00017AED,-627,nearby,Bk_isgrp_000745-013,interesting
27,family_window,8,Ul'dah,All Saints/Halloween city decor,hw7,time_bg_hw7,wil_w0_twn01,97632,0x00017D60,97025,0x00017B01,-607,other_isgrp,isgrp_004282,scheduler_group
27,family_window,9,Ul'dah,All Saints/Halloween city decor,hw7,time_bg_hw7,wil_w0_twn01,97632,0x00017D60,97038,0x00017B0E,-594,other_isgrp,isgrp_004283,scheduler_group
27,family_window,10,Ul'dah,All Saints/Halloween city decor,hw7,time_bg_hw7,wil_w0_twn01,97632,0x00017D60,97051,0x00017B1B,-581,other_sgrp,sgrp_tutrl01,scheduler_group
27,family_window,11,Ul'dah,All Saints/Halloween city decor,hw7,time_bg_hw7,wil_w0_twn01,97632,0x00017D60,97183,0x00017B9F,-449,other_isgrp,isgrp_004287,scheduler_group
27,family_window,12,Ul'dah,All Saints/Halloween city decor,hw7,time_bg_hw7,wil_w0_twn01,97632,0x00017D60,97196,0x00017BAC,-436,owner_isgrp,isgrp_004289,scheduler_group
27,family_window,13,Ul'dah,All Saints/Halloween city decor,hw7,time_bg_hw7,wil_w0_twn01,97632,0x00017D60,97209,0x00017BB9,-423,other_sgrp,sgrp_0569,scheduler_group
27,family_window,14,Ul'dah,All Saints/Halloween city decor,hw7,time_bg_hw7,wil_w0_twn01,97632,0x00017D60,97264,0x00017BF0,-368,other_isgrp,isgrp_004296,scheduler_group
27,family_window,15,Ul'dah,All Saints/Halloween city decor,hw7,time_bg_hw7,wil_w0_twn01,97632,0x00017D60,97277,0x00017BFD,-355,nearby,Bk_isgrp_000621-013,interesting
27,family_window,16,Ul'dah,All Saints/Halloween city decor,hw7,time_bg_hw7,wil_w0_twn01,97632,0x00017D60,97297,0x00017C11,-335,other_isgrp,isgrp_004300,scheduler_group
27,family_window,17,Ul'dah,All Saints/Halloween city decor,hw7,time_bg_hw7,wil_w0_twn01,97632,0x00017D60,97310,0x00017C1E,-322,other_isgrp,isgrp_004308,scheduler_group
27,family_window,18,Ul'dah,All Saints/Halloween city decor,hw7,time_bg_hw7,wil_w0_twn01,97632,0x00017D60,97323,0x00017C2B,-309,other_sgrp,sgrp_tutrl02,scheduler_group
27,family_window,19,Ul'dah,All Saints/Halloween city decor,hw7,time_bg_hw7,wil_w0_twn01,97632,0x00017D60,97345,0x00017C41,-287,other_isgrp,isgrp_004311,scheduler_group
27,family_window,20,Ul'dah,All Saints/Halloween city decor,hw7,time_bg_hw7,wil_w0_twn01,97632,0x00017D60,97358,0x00017C4E,-274,other_isgrp,isgrp_004312,scheduler_group
27,family_window,21,Ul'dah,All Saints/Halloween city decor,hw7,time_bg_hw7,wil_w0_twn01,97632,0x00017D60,97371,0x00017C5B,-261,other_isgrp,isgrp_004313,scheduler_group
27,family_window,22,Ul'dah,All Saints/Halloween city decor,hw7,time_bg_hw7,wil_w0_twn01,97632,0x00017D60,97384,0x00017C68,-248,other_sgrp,sgrp_w0t0_h0_hlw1s_h,scheduler_group
27,family_window,23,Ul'dah,All Saints/Halloween city decor,hw7,time_bg_hw7,wil_w0_twn01,97632,0x00017D60,97405,0x00017C7D,-227,nearby,w0t0_h0_hlw1s_h_001,interesting
27,family_window,24,Ul'dah,All Saints/Halloween city decor,hw7,time_bg_hw7,wil_w0_twn01,97632,0x00017D60,97425,0x00017C91,-207,other_sgrp,sgrp_w0t0_h0_hlw2m_h,scheduler_group
27,family_window,25,Ul'dah,All Saints/Halloween city decor,hw7,time_bg_hw7,wil_w0_twn01,97632,0x00017D60,97446,0x00017CA6,-186,nearby,w0t0_h0_hlw2m_h_001,interesting
27,family_window,26,Ul'dah,All Saints/Halloween city decor,hw7,time_bg_hw7,wil_w0_twn01,97632,0x00017D60,97466,0x00017CBA,-166,other_sgrp,sgrp_w0t0_h0_hlw3l_h,scheduler_group
27,family_window,27,Ul'dah,All Saints/Halloween city decor,hw7,time_bg_hw7,wil_w0_twn01,97632,0x00017D60,97487,0x00017CCF,-145,nearby,w0t0_h0_hlw3l_h_001,interesting
27,family_window,28,Ul'dah,All Saints/Halloween city decor,hw7,time_bg_hw7,wil_w0_twn01,97632,0x00017D60,97507,0x00017CE3,-125,other_sgrp,sgrp_w0t0_h0_hlw4l_h,scheduler_group
27,family_window,29,Ul'dah,All Saints/Halloween city decor,hw7,time_bg_hw7,wil_w0_twn01,97632,0x00017D60,97528,0x00017CF8,-104,nearby,w0t0_h0_hlw4l_h_001,interesting
27,family_window,30,Ul'dah,All Saints/Halloween city decor,hw7,time_bg_hw7,wil_w0_twn01,97632,0x00017D60,97548,0x00017D0C,-84,other_sgrp,sgrp_w0t0_h0_hlw5bg_h,scheduler_group
27,family_window,31,Ul'dah,All Saints/Halloween city decor,hw7,time_bg_hw7,wil_w0_twn01,97632,0x00017D60,97570,0x00017D22,-62,nearby,w0t0_h0_hlw5bg_h_001,interesting
27,family_window,32,Ul'dah,All Saints/Halloween city decor,hw7,time_bg_hw7,wil_w0_twn01,97632,0x00017D60,97591,0x00017D37,-41,other_sgrp,sgrp_w0t0_h0_hlw6k_h,scheduler_group
27,family_window,33,Ul'dah,All Saints/Halloween city decor,hw7,time_bg_hw7,wil_w0_twn01,97632,0x00017D60,97612,0x00017D4C,-20,center_neighbor,w0t0_h0_hlw6k_h_001,interesting
27,family_window,34,Ul'dah,All Saints/Halloween city decor,hw7,time_bg_hw7,wil_w0_twn01,97632,0x00017D60,97632,0x00017D60,0,matched_group,sgrp_w0t0_h0_hlw7t_h,scheduler_group
27,family_window,35,Ul'dah,All Saints/Halloween city decor,hw7,time_bg_hw7,wil_w0_twn01,97632,0x00017D60,97653,0x00017D75,21,center_neighbor,w0t0_h0_hlw7t_h_001,interesting
27,family_window,36,Ul'dah,All Saints/Halloween city decor,hw7,time_bg_hw7,wil_w0_twn01,97632,0x00017D60,97673,0x00017D89,41,other_sgrp,sgrp_w0t0_h0_hlw8_sp,scheduler_group
27,family_window,37,Ul'dah,All Saints/Halloween city decor,hw7,time_bg_hw7,wil_w0_twn01,97632,0x00017D60,97694,0x00017D9E,62,nearby,w0t0_h0_hlw8_sp_001,interesting
27,family_window,38,Ul'dah,All Saints/Halloween city decor,hw7,time_bg_hw7,wil_w0_twn01,97632,0x00017D60,97714,0x00017DB2,82,other_sgrp,sgrp_w0t0_h0_hlw9_sp,scheduler_group
27,family_window,39,Ul'dah,All Saints/Halloween city decor,hw7,time_bg_hw7,wil_w0_twn01,97632,0x00017D60,97735,0x00017DC7,103,nearby,w0t0_h0_hlw9_sp_001,interesting
27,family_window,40,Ul'dah,All Saints/Halloween city decor,hw7,time_bg_hw7,wil_w0_twn01,97632,0x00017D60,97755,0x00017DDB,123,other_isgrp,isgrp_004315,scheduler_group
27,family_window,41,Ul'dah,All Saints/Halloween city decor,hw7,time_bg_hw7,wil_w0_twn01,97632,0x00017D60,97768,0x00017DE8,136,other_isgrp,isgrp_004316,scheduler_group
27,family_window,42,Ul'dah,All Saints/Halloween city decor,hw7,time_bg_hw7,wil_w0_twn01,97632,0x00017D60,97781,0x00017DF5,149,other_isgrp,isgrp_004317,scheduler_group
27,family_window,43,Ul'dah,All Saints/Halloween city decor,hw7,time_bg_hw7,wil_w0_twn01,97632,0x00017D60,97794,0x00017E02,162,other_isgrp,isgrp_004318,scheduler_group
27,family_window,44,Ul'dah,All Saints/Halloween city decor,hw7,time_bg_hw7,wil_w0_twn01,97632,0x00017D60,97807,0x00017E0F,175,other_isgrp,isgrp_004320,scheduler_group
27,family_window,45,Ul'dah,All Saints/Halloween city decor,hw7,time_bg_hw7,wil_w0_twn01,97632,0x00017D60,97820,0x00017E1C,188,other_isgrp,isgrp_004321,scheduler_group
27,family_window,46,Ul'dah,All Saints/Halloween city decor,hw7,time_bg_hw7,wil_w0_twn01,97632,0x00017D60,97833,0x00017E29,201,other_isgrp,isgrp_004322,scheduler_group
27,family_window,47,Ul'dah,All Saints/Halloween city decor,hw7,time_bg_hw7,wil_w0_twn01,97632,0x00017D60,97846,0x00017E36,214,other_isgrp,isgrp_004324,scheduler_group
27,family_window,48,Ul'dah,All Saints/Halloween city decor,hw7,time_bg_hw7,wil_w0_twn01,97632,0x00017D60,97859,0x00017E43,227,other_isgrp,isgrp_004325,scheduler_group
27,family_window,49,Ul'dah,All Saints/Halloween city decor,hw7,time_bg_hw7,wil_w0_twn01,97632,0x00017D60,97872,0x00017E50,240,other_isgrp,isgrp_004326,scheduler_group
27,family_window,50,Ul'dah,All Saints/Halloween city decor,hw7,time_bg_hw7,wil_w0_twn01,97632,0x00017D60,97885,0x00017E5D,253,other_sgrp,sgrp_w0t0_h0_hlw0p_h,scheduler_group
27,family_window,51,Ul'dah,All Saints/Halloween city decor,hw7,time_bg_hw7,wil_w0_twn01,97632,0x00017D60,97906,0x00017E72,274,nearby,w0t0_h0_hlw0p_h_001,interesting
27,family_window,52,Ul'dah,All Saints/Halloween city decor,hw7,time_bg_hw7,wil_w0_twn01,97632,0x00017D60,97926,0x00017E86,294,other_isgrp,isgrp_004328,scheduler_group
27,family_window,53,Ul'dah,All Saints/Halloween city decor,hw7,time_bg_hw7,wil_w0_twn01,97632,0x00017D60,97939,0x00017E93,307,other_isgrp,isgrp_004329,scheduler_group
27,family_window,54,Ul'dah,All Saints/Halloween city decor,hw7,time_bg_hw7,wil_w0_twn01,97632,0x00017D60,97952,0x00017EA0,320,other_isgrp,isgrp_004330,scheduler_group
27,family_window,55,Ul'dah,All Saints/Halloween city decor,hw7,time_bg_hw7,wil_w0_twn01,97632,0x00017D60,97965,0x00017EAD,333,other_isgrp,isgrp_004331,scheduler_group
27,family_window,56,Ul'dah,All Saints/Halloween city decor,hw7,time_bg_hw7,wil_w0_twn01,97632,0x00017D60,97978,0x00017EBA,346,other_isgrp,isgrp_004332,scheduler_group
27,family_window,57,Ul'dah,All Saints/Halloween city decor,hw7,time_bg_hw7,wil_w0_twn01,97632,0x00017D60,97991,0x00017EC7,359,other_isgrp,isgrp_004333,scheduler_group
27,family_window,58,Ul'dah,All Saints/Halloween city decor,hw7,time_bg_hw7,wil_w0_twn01,97632,0x00017D60,98004,0x00017ED4,372,other_isgrp,isgrp_004334,scheduler_group
27,family_window,59,Ul'dah,All Saints/Halloween city decor,hw7,time_bg_hw7,wil_w0_twn01,97632,0x00017D60,98017,0x00017EE1,385,other_isgrp,isgrp_004335,scheduler_group
27,family_window,60,Ul'dah,All Saints/Halloween city decor,hw7,time_bg_hw7,wil_w0_twn01,97632,0x00017D60,98030,0x00017EEE,398,other_isgrp,isgrp_004336,scheduler_group
27,family_window,61,Ul'dah,All Saints/Halloween city decor,hw7,time_bg_hw7,wil_w0_twn01,97632,0x00017D60,98043,0x00017EFB,411,other_isgrp,isgrp_004337,scheduler_group
27,family_window,62,Ul'dah,All Saints/Halloween city decor,hw7,time_bg_hw7,wil_w0_twn01,97632,0x00017D60,98056,0x00017F08,424,other_isgrp,isgrp_004338,scheduler_group
27,family_window,63,Ul'dah,All Saints/Halloween city decor,hw7,time_bg_hw7,wil_w0_twn01,97632,0x00017D60,98069,0x00017F15,437,other_isgrp,isgrp_004339,scheduler_group
27,family_window,64,Ul'dah,All Saints/Halloween city decor,hw7,time_bg_hw7,wil_w0_twn01,97632,0x00017D60,98082,0x00017F22,450,other_isgrp,isgrp_004340,scheduler_group
27,family_window,65,Ul'dah,All Saints/Halloween city decor,hw7,time_bg_hw7,wil_w0_twn01,97632,0x00017D60,98095,0x00017F2F,463,other_isgrp,isgrp_004341,scheduler_group
27,family_window,66,Ul'dah,All Saints/Halloween city decor,hw7,time_bg_hw7,wil_w0_twn01,97632,0x00017D60,98108,0x00017F3C,476,other_isgrp,isgrp_004342,scheduler_group
27,family_window,67,Ul'dah,All Saints/Halloween city decor,hw7,time_bg_hw7,wil_w0_twn01,97632,0x00017D60,98121,0x00017F49,489,other_isgrp,isgrp_004345,scheduler_group
27,family_window,68,Ul'dah,All Saints/Halloween city decor,hw7,time_bg_hw7,wil_w0_twn01,97632,0x00017D60,98134,0x00017F56,502,other_isgrp,isgrp_004346,scheduler_group
27,family_window,69,Ul'dah,All Saints/Halloween city decor,hw7,time_bg_hw7,wil_w0_twn01,97632,0x00017D60,98147,0x00017F63,515,other_isgrp,isgrp_004347,scheduler_group
27,family_window,70,Ul'dah,All Saints/Halloween city decor,hw7,time_bg_hw7,wil_w0_twn01,97632,0x00017D60,98160,0x00017F70,528,other_isgrp,isgrp_004348,scheduler_group
27,family_window,71,Ul'dah,All Saints/Halloween city decor,hw7,time_bg_hw7,wil_w0_twn01,97632,0x00017D60,98173,0x00017F7D,541,other_isgrp,isgrp_004349,scheduler_group
27,family_window,72,Ul'dah,All Saints/Halloween city decor,hw7,time_bg_hw7,wil_w0_twn01,97632,0x00017D60,98186,0x00017F8A,554,other_isgrp,isgrp_004350,scheduler_group
27,family_window,73,Ul'dah,All Saints/Halloween city decor,hw7,time_bg_hw7,wil_w0_twn01,97632,0x00017D60,98199,0x00017F97,567,other_isgrp,isgrp_004351,scheduler_group
27,family_window,74,Ul'dah,All Saints/Halloween city decor,hw7,time_bg_hw7,wil_w0_twn01,97632,0x00017D60,98212,0x00017FA4,580,other_isgrp,isgrp_004353,scheduler_group
27,family_window,75,Ul'dah,All Saints/Halloween city decor,hw7,time_bg_hw7,wil_w0_twn01,97632,0x00017D60,98225,0x00017FB1,593,other_isgrp,isgrp_004354,scheduler_group
27,family_window,76,Ul'dah,All Saints/Halloween city decor,hw7,time_bg_hw7,wil_w0_twn01,97632,0x00017D60,98238,0x00017FBE,606,other_isgrp,isgrp_004355,scheduler_group
27,family_window,77,Ul'dah,All Saints/Halloween city decor,hw7,time_bg_hw7,wil_w0_twn01,97632,0x00017D60,98251,0x00017FCB,619,other_isgrp,isgrp_004356,scheduler_group
27,family_window,78,Ul'dah,All Saints/Halloween city decor,hw7,time_bg_hw7,wil_w0_twn01,97632,0x00017D60,98264,0x00017FD8,632,other_isgrp,isgrp_004357,scheduler_group
27,family_window,79,Ul'dah,All Saints/Halloween city decor,hw7,time_bg_hw7,wil_w0_twn01,97632,0x00017D60,98277,0x00017FE5,645,other_isgrp,isgrp_004358,scheduler_group
27,family_window,80,Ul'dah,All Saints/Halloween city decor,hw7,time_bg_hw7,wil_w0_twn01,97632,0x00017D60,98290,0x00017FF2,658,other_isgrp,isgrp_004359,scheduler_group
27,family_window,81,Ul'dah,All Saints/Halloween city decor,hw7,time_bg_hw7,wil_w0_twn01,97632,0x00017D60,98303,0x00017FFF,671,other_sgrp,sgrp_new_yadoya,scheduler_group
27,owner_window,1,Ul'dah,All Saints/Halloween city decor,hw7,time_bg_hw7,wil_w0_twn01,97196,0x00017BAC,96428,0x000178AC,-768,other_sgrp,sgrp_0566,scheduler_group
27,owner_window,2,Ul'dah,All Saints/Halloween city decor,hw7,time_bg_hw7,wil_w0_twn01,97196,0x00017BAC,96457,0x000178C9,-739,other_isgrp,isgrp_004271,scheduler_group
27,owner_window,3,Ul'dah,All Saints/Halloween city decor,hw7,time_bg_hw7,wil_w0_twn01,97196,0x00017BAC,96470,0x000178D6,-726,other_isgrp,isgrp_004272,scheduler_group
27,owner_window,4,Ul'dah,All Saints/Halloween city decor,hw7,time_bg_hw7,wil_w0_twn01,97196,0x00017BAC,96483,0x000178E3,-713,other_isgrp,isgrp_004273,scheduler_group
27,owner_window,5,Ul'dah,All Saints/Halloween city decor,hw7,time_bg_hw7,wil_w0_twn01,97196,0x00017BAC,96496,0x000178F0,-700,other_isgrp,isgrp_004274,scheduler_group
27,owner_window,6,Ul'dah,All Saints/Halloween city decor,hw7,time_bg_hw7,wil_w0_twn01,97196,0x00017BAC,96509,0x000178FD,-687,other_sgrp,sgrp_bg_flag1,scheduler_group
27,owner_window,7,Ul'dah,All Saints/Halloween city decor,hw7,time_bg_hw7,wil_w0_twn01,97196,0x00017BAC,96523,0x0001790B,-673,nearby,grp_flag1,flag_or_decor_group
27,owner_window,8,Ul'dah,All Saints/Halloween city decor,hw7,time_bg_hw7,wil_w0_twn01,97196,0x00017BAC,96609,0x00017961,-587,nearby,w0t0_g0_flg3s_h_1_007,flag_or_decor_group
27,owner_window,9,Ul'dah,All Saints/Halloween city decor,hw7,time_bg_hw7,wil_w0_twn01,97196,0x00017BAC,96631,0x00017977,-565,nearby,w0t0_g0_flg3s_h_1_008,flag_or_decor_group
27,owner_window,10,Ul'dah,All Saints/Halloween city decor,hw7,time_bg_hw7,wil_w0_twn01,97196,0x00017BAC,96653,0x0001798D,-543,nearby,w0t0_g0_flg3s_h_1_009,flag_or_decor_group
27,owner_window,11,Ul'dah,All Saints/Halloween city decor,hw7,time_bg_hw7,wil_w0_twn01,97196,0x00017BAC,96675,0x000179A3,-521,nearby,w0t0_g0_flg3s_h_1_010,flag_or_decor_group
27,owner_window,12,Ul'dah,All Saints/Halloween city decor,hw7,time_bg_hw7,wil_w0_twn01,97196,0x00017BAC,96781,0x00017A0D,-415,nearby,vfx_lamp01c_018_1,vfx_or_scene_def
27,owner_window,13,Ul'dah,All Saints/Halloween city decor,hw7,time_bg_hw7,wil_w0_twn01,97196,0x00017BAC,96799,0x00017A1F,-397,nearby,vfx_lamp01c_018_2,vfx_or_scene_def
27,owner_window,14,Ul'dah,All Saints/Halloween city decor,hw7,time_bg_hw7,wil_w0_twn01,97196,0x00017BAC,96817,0x00017A31,-379,nearby,vfx_lamp01c_018_3,vfx_or_scene_def
27,owner_window,15,Ul'dah,All Saints/Halloween city decor,hw7,time_bg_hw7,wil_w0_twn01,97196,0x00017BAC,96835,0x00017A43,-361,nearby,vfx_lamp01c_018_4,vfx_or_scene_def
27,owner_window,16,Ul'dah,All Saints/Halloween city decor,hw7,time_bg_hw7,wil_w0_twn01,97196,0x00017BAC,96920,0x00017A98,-276,other_isgrp,isgrp_004275,scheduler_group
27,owner_window,17,Ul'dah,All Saints/Halloween city decor,hw7,time_bg_hw7,wil_w0_twn01,97196,0x00017BAC,96933,0x00017AA5,-263,other_isgrp,isgrp_004277,scheduler_group
27,owner_window,18,Ul'dah,All Saints/Halloween city decor,hw7,time_bg_hw7,wil_w0_twn01,97196,0x00017BAC,96946,0x00017AB2,-250,other_isgrp,isgrp_004279,scheduler_group
27,owner_window,19,Ul'dah,All Saints/Halloween city decor,hw7,time_bg_hw7,wil_w0_twn01,97196,0x00017BAC,96959,0x00017ABF,-237,nearby,Bk_isgrp_000745-012,interesting
27,owner_window,20,Ul'dah,All Saints/Halloween city decor,hw7,time_bg_hw7,wil_w0_twn01,97196,0x00017BAC,96979,0x00017AD3,-217,other_isgrp,isgrp_004280,scheduler_group
27,owner_window,21,Ul'dah,All Saints/Halloween city decor,hw7,time_bg_hw7,wil_w0_twn01,97196,0x00017BAC,96992,0x00017AE0,-204,other_isgrp,isgrp_004281,scheduler_group
27,owner_window,22,Ul'dah,All Saints/Halloween city decor,hw7,time_bg_hw7,wil_w0_twn01,97196,0x00017BAC,97005,0x00017AED,-191,nearby,Bk_isgrp_000745-013,interesting
27,owner_window,23,Ul'dah,All Saints/Halloween city decor,hw7,time_bg_hw7,wil_w0_twn01,97196,0x00017BAC,97025,0x00017B01,-171,other_isgrp,isgrp_004282,scheduler_group
27,owner_window,24,Ul'dah,All Saints/Halloween city decor,hw7,time_bg_hw7,wil_w0_twn01,97196,0x00017BAC,97038,0x00017B0E,-158,other_isgrp,isgrp_004283,scheduler_group
27,owner_window,25,Ul'dah,All Saints/Halloween city decor,hw7,time_bg_hw7,wil_w0_twn01,97196,0x00017BAC,97051,0x00017B1B,-145,other_sgrp,sgrp_tutrl01,scheduler_group
27,owner_window,26,Ul'dah,All Saints/Halloween city decor,hw7,time_bg_hw7,wil_w0_twn01,97196,0x00017BAC,97183,0x00017B9F,-13,other_isgrp,isgrp_004287,scheduler_group
27,owner_window,27,Ul'dah,All Saints/Halloween city decor,hw7,time_bg_hw7,wil_w0_twn01,97196,0x00017BAC,97196,0x00017BAC,0,owner_isgrp,isgrp_004289,scheduler_group
27,owner_window,28,Ul'dah,All Saints/Halloween city decor,hw7,time_bg_hw7,wil_w0_twn01,97196,0x00017BAC,97209,0x00017BB9,13,other_sgrp,sgrp_0569,scheduler_group
27,owner_window,29,Ul'dah,All Saints/Halloween city decor,hw7,time_bg_hw7,wil_w0_twn01,97196,0x00017BAC,97264,0x00017BF0,68,other_isgrp,isgrp_004296,scheduler_group
27,owner_window,30,Ul'dah,All Saints/Halloween city decor,hw7,time_bg_hw7,wil_w0_twn01,97196,0x00017BAC,97277,0x00017BFD,81,nearby,Bk_isgrp_000621-013,interesting
27,owner_window,31,Ul'dah,All Saints/Halloween city decor,hw7,time_bg_hw7,wil_w0_twn01,97196,0x00017BAC,97297,0x00017C11,101,other_isgrp,isgrp_004300,scheduler_group
27,owner_window,32,Ul'dah,All Saints/Halloween city decor,hw7,time_bg_hw7,wil_w0_twn01,97196,0x00017BAC,97310,0x00017C1E,114,other_isgrp,isgrp_004308,scheduler_group
27,owner_window,33,Ul'dah,All Saints/Halloween city decor,hw7,time_bg_hw7,wil_w0_twn01,97196,0x00017BAC,97323,0x00017C2B,127,other_sgrp,sgrp_tutrl02,scheduler_group
27,owner_window,34,Ul'dah,All Saints/Halloween city decor,hw7,time_bg_hw7,wil_w0_twn01,97196,0x00017BAC,97345,0x00017C41,149,other_isgrp,isgrp_004311,scheduler_group
27,owner_window,35,Ul'dah,All Saints/Halloween city decor,hw7,time_bg_hw7,wil_w0_twn01,97196,0x00017BAC,97358,0x00017C4E,162,other_isgrp,isgrp_004312,scheduler_group
27,owner_window,36,Ul'dah,All Saints/Halloween city decor,hw7,time_bg_hw7,wil_w0_twn01,97196,0x00017BAC,97371,0x00017C5B,175,other_isgrp,isgrp_004313,scheduler_group
27,owner_window,37,Ul'dah,All Saints/Halloween city decor,hw7,time_bg_hw7,wil_w0_twn01,97196,0x00017BAC,97384,0x00017C68,188,other_sgrp,sgrp_w0t0_h0_hlw1s_h,scheduler_group
27,owner_window,38,Ul'dah,All Saints/Halloween city decor,hw7,time_bg_hw7,wil_w0_twn01,97196,0x00017BAC,97405,0x00017C7D,209,nearby,w0t0_h0_hlw1s_h_001,interesting
27,owner_window,39,Ul'dah,All Saints/Halloween city decor,hw7,time_bg_hw7,wil_w0_twn01,97196,0x00017BAC,97425,0x00017C91,229,other_sgrp,sgrp_w0t0_h0_hlw2m_h,scheduler_group
27,owner_window,40,Ul'dah,All Saints/Halloween city decor,hw7,time_bg_hw7,wil_w0_twn01,97196,0x00017BAC,97446,0x00017CA6,250,nearby,w0t0_h0_hlw2m_h_001,interesting
27,owner_window,41,Ul'dah,All Saints/Halloween city decor,hw7,time_bg_hw7,wil_w0_twn01,97196,0x00017BAC,97466,0x00017CBA,270,other_sgrp,sgrp_w0t0_h0_hlw3l_h,scheduler_group
27,owner_window,42,Ul'dah,All Saints/Halloween city decor,hw7,time_bg_hw7,wil_w0_twn01,97196,0x00017BAC,97487,0x00017CCF,291,nearby,w0t0_h0_hlw3l_h_001,interesting
27,owner_window,43,Ul'dah,All Saints/Halloween city decor,hw7,time_bg_hw7,wil_w0_twn01,97196,0x00017BAC,97507,0x00017CE3,311,other_sgrp,sgrp_w0t0_h0_hlw4l_h,scheduler_group
27,owner_window,44,Ul'dah,All Saints/Halloween city decor,hw7,time_bg_hw7,wil_w0_twn01,97196,0x00017BAC,97528,0x00017CF8,332,nearby,w0t0_h0_hlw4l_h_001,interesting
27,owner_window,45,Ul'dah,All Saints/Halloween city decor,hw7,time_bg_hw7,wil_w0_twn01,97196,0x00017BAC,97548,0x00017D0C,352,other_sgrp,sgrp_w0t0_h0_hlw5bg_h,scheduler_group
27,owner_window,46,Ul'dah,All Saints/Halloween city decor,hw7,time_bg_hw7,wil_w0_twn01,97196,0x00017BAC,97570,0x00017D22,374,nearby,w0t0_h0_hlw5bg_h_001,interesting
27,owner_window,47,Ul'dah,All Saints/Halloween city decor,hw7,time_bg_hw7,wil_w0_twn01,97196,0x00017BAC,97591,0x00017D37,395,other_sgrp,sgrp_w0t0_h0_hlw6k_h,scheduler_group
27,owner_window,48,Ul'dah,All Saints/Halloween city decor,hw7,time_bg_hw7,wil_w0_twn01,97196,0x00017BAC,97612,0x00017D4C,416,nearby,w0t0_h0_hlw6k_h_001,interesting
27,owner_window,49,Ul'dah,All Saints/Halloween city decor,hw7,time_bg_hw7,wil_w0_twn01,97196,0x00017BAC,97632,0x00017D60,436,matched_group,sgrp_w0t0_h0_hlw7t_h,scheduler_group
27,owner_window,50,Ul'dah,All Saints/Halloween city decor,hw7,time_bg_hw7,wil_w0_twn01,97196,0x00017BAC,97653,0x00017D75,457,nearby,w0t0_h0_hlw7t_h_001,interesting
27,owner_window,51,Ul'dah,All Saints/Halloween city decor,hw7,time_bg_hw7,wil_w0_twn01,97196,0x00017BAC,97673,0x00017D89,477,other_sgrp,sgrp_w0t0_h0_hlw8_sp,scheduler_group
27,owner_window,52,Ul'dah,All Saints/Halloween city decor,hw7,time_bg_hw7,wil_w0_twn01,97196,0x00017BAC,97694,0x00017D9E,498,nearby,w0t0_h0_hlw8_sp_001,interesting
27,owner_window,53,Ul'dah,All Saints/Halloween city decor,hw7,time_bg_hw7,wil_w0_twn01,97196,0x00017BAC,97714,0x00017DB2,518,other_sgrp,sgrp_w0t0_h0_hlw9_sp,scheduler_group
27,owner_window,54,Ul'dah,All Saints/Halloween city decor,hw7,time_bg_hw7,wil_w0_twn01,97196,0x00017BAC,97735,0x00017DC7,539,nearby,w0t0_h0_hlw9_sp_001,interesting
27,owner_window,55,Ul'dah,All Saints/Halloween city decor,hw7,time_bg_hw7,wil_w0_twn01,97196,0x00017BAC,97755,0x00017DDB,559,other_isgrp,isgrp_004315,scheduler_group
27,owner_window,56,Ul'dah,All Saints/Halloween city decor,hw7,time_bg_hw7,wil_w0_twn01,97196,0x00017BAC,97768,0x00017DE8,572,other_isgrp,isgrp_004316,scheduler_group
27,owner_window,57,Ul'dah,All Saints/Halloween city decor,hw7,time_bg_hw7,wil_w0_twn01,97196,0x00017BAC,97781,0x00017DF5,585,other_isgrp,isgrp_004317,scheduler_group
27,owner_window,58,Ul'dah,All Saints/Halloween city decor,hw7,time_bg_hw7,wil_w0_twn01,97196,0x00017BAC,97794,0x00017E02,598,other_isgrp,isgrp_004318,scheduler_group
27,owner_window,59,Ul'dah,All Saints/Halloween city decor,hw7,time_bg_hw7,wil_w0_twn01,97196,0x00017BAC,97807,0x00017E0F,611,other_isgrp,isgrp_004320,scheduler_group
27,owner_window,60,Ul'dah,All Saints/Halloween city decor,hw7,time_bg_hw7,wil_w0_twn01,97196,0x00017BAC,97820,0x00017E1C,624,other_isgrp,isgrp_004321,scheduler_group
27,owner_window,61,Ul'dah,All Saints/Halloween city decor,hw7,time_bg_hw7,wil_w0_twn01,97196,0x00017BAC,97833,0x00017E29,637,other_isgrp,isgrp_004322,scheduler_group
27,owner_window,62,Ul'dah,All Saints/Halloween city decor,hw7,time_bg_hw7,wil_w0_twn01,97196,0x00017BAC,97846,0x00017E36,650,other_isgrp,isgrp_004324,scheduler_group
27,owner_window,63,Ul'dah,All Saints/Halloween city decor,hw7,time_bg_hw7,wil_w0_twn01,97196,0x00017BAC,97859,0x00017E43,663,other_isgrp,isgrp_004325,scheduler_group
27,owner_window,64,Ul'dah,All Saints/Halloween city decor,hw7,time_bg_hw7,wil_w0_twn01,97196,0x00017BAC,97872,0x00017E50,676,other_isgrp,isgrp_004326,scheduler_group
27,owner_window,65,Ul'dah,All Saints/Halloween city decor,hw7,time_bg_hw7,wil_w0_twn01,97196,0x00017BAC,97885,0x00017E5D,689,other_sgrp,sgrp_w0t0_h0_hlw0p_h,scheduler_group
27,owner_window,66,Ul'dah,All Saints/Halloween city decor,hw7,time_bg_hw7,wil_w0_twn01,97196,0x00017BAC,97906,0x00017E72,710,nearby,w0t0_h0_hlw0p_h_001,interesting
27,owner_window,67,Ul'dah,All Saints/Halloween city decor,hw7,time_bg_hw7,wil_w0_twn01,97196,0x00017BAC,97926,0x00017E86,730,other_isgrp,isgrp_004328,scheduler_group
27,owner_window,68,Ul'dah,All Saints/Halloween city decor,hw7,time_bg_hw7,wil_w0_twn01,97196,0x00017BAC,97939,0x00017E93,743,other_isgrp,isgrp_004329,scheduler_group
27,owner_window,69,Ul'dah,All Saints/Halloween city decor,hw7,time_bg_hw7,wil_w0_twn01,97196,0x00017BAC,97952,0x00017EA0,756,other_isgrp,isgrp_004330,scheduler_group
28,family_window,1,Ul'dah,All Saints/Halloween city decor,hw8,time_bg_hw8,wil_w0_twn01,97673,0x00017D89,96920,0x00017A98,-753,other_isgrp,isgrp_004275,scheduler_group
28,family_window,2,Ul'dah,All Saints/Halloween city decor,hw8,time_bg_hw8,wil_w0_twn01,97673,0x00017D89,96933,0x00017AA5,-740,other_isgrp,isgrp_004277,scheduler_group
28,family_window,3,Ul'dah,All Saints/Halloween city decor,hw8,time_bg_hw8,wil_w0_twn01,97673,0x00017D89,96946,0x00017AB2,-727,other_isgrp,isgrp_004279,scheduler_group
28,family_window,4,Ul'dah,All Saints/Halloween city decor,hw8,time_bg_hw8,wil_w0_twn01,97673,0x00017D89,96959,0x00017ABF,-714,nearby,Bk_isgrp_000745-012,interesting
28,family_window,5,Ul'dah,All Saints/Halloween city decor,hw8,time_bg_hw8,wil_w0_twn01,97673,0x00017D89,96979,0x00017AD3,-694,other_isgrp,isgrp_004280,scheduler_group
28,family_window,6,Ul'dah,All Saints/Halloween city decor,hw8,time_bg_hw8,wil_w0_twn01,97673,0x00017D89,96992,0x00017AE0,-681,other_isgrp,isgrp_004281,scheduler_group
28,family_window,7,Ul'dah,All Saints/Halloween city decor,hw8,time_bg_hw8,wil_w0_twn01,97673,0x00017D89,97005,0x00017AED,-668,nearby,Bk_isgrp_000745-013,interesting
28,family_window,8,Ul'dah,All Saints/Halloween city decor,hw8,time_bg_hw8,wil_w0_twn01,97673,0x00017D89,97025,0x00017B01,-648,other_isgrp,isgrp_004282,scheduler_group
28,family_window,9,Ul'dah,All Saints/Halloween city decor,hw8,time_bg_hw8,wil_w0_twn01,97673,0x00017D89,97038,0x00017B0E,-635,other_isgrp,isgrp_004283,scheduler_group
28,family_window,10,Ul'dah,All Saints/Halloween city decor,hw8,time_bg_hw8,wil_w0_twn01,97673,0x00017D89,97051,0x00017B1B,-622,other_sgrp,sgrp_tutrl01,scheduler_group
28,family_window,11,Ul'dah,All Saints/Halloween city decor,hw8,time_bg_hw8,wil_w0_twn01,97673,0x00017D89,97183,0x00017B9F,-490,other_isgrp,isgrp_004287,scheduler_group
28,family_window,12,Ul'dah,All Saints/Halloween city decor,hw8,time_bg_hw8,wil_w0_twn01,97673,0x00017D89,97196,0x00017BAC,-477,owner_isgrp,isgrp_004289,scheduler_group
28,family_window,13,Ul'dah,All Saints/Halloween city decor,hw8,time_bg_hw8,wil_w0_twn01,97673,0x00017D89,97209,0x00017BB9,-464,other_sgrp,sgrp_0569,scheduler_group
28,family_window,14,Ul'dah,All Saints/Halloween city decor,hw8,time_bg_hw8,wil_w0_twn01,97673,0x00017D89,97264,0x00017BF0,-409,other_isgrp,isgrp_004296,scheduler_group
28,family_window,15,Ul'dah,All Saints/Halloween city decor,hw8,time_bg_hw8,wil_w0_twn01,97673,0x00017D89,97277,0x00017BFD,-396,nearby,Bk_isgrp_000621-013,interesting
28,family_window,16,Ul'dah,All Saints/Halloween city decor,hw8,time_bg_hw8,wil_w0_twn01,97673,0x00017D89,97297,0x00017C11,-376,other_isgrp,isgrp_004300,scheduler_group
28,family_window,17,Ul'dah,All Saints/Halloween city decor,hw8,time_bg_hw8,wil_w0_twn01,97673,0x00017D89,97310,0x00017C1E,-363,other_isgrp,isgrp_004308,scheduler_group
28,family_window,18,Ul'dah,All Saints/Halloween city decor,hw8,time_bg_hw8,wil_w0_twn01,97673,0x00017D89,97323,0x00017C2B,-350,other_sgrp,sgrp_tutrl02,scheduler_group
28,family_window,19,Ul'dah,All Saints/Halloween city decor,hw8,time_bg_hw8,wil_w0_twn01,97673,0x00017D89,97345,0x00017C41,-328,other_isgrp,isgrp_004311,scheduler_group
28,family_window,20,Ul'dah,All Saints/Halloween city decor,hw8,time_bg_hw8,wil_w0_twn01,97673,0x00017D89,97358,0x00017C4E,-315,other_isgrp,isgrp_004312,scheduler_group
28,family_window,21,Ul'dah,All Saints/Halloween city decor,hw8,time_bg_hw8,wil_w0_twn01,97673,0x00017D89,97371,0x00017C5B,-302,other_isgrp,isgrp_004313,scheduler_group
28,family_window,22,Ul'dah,All Saints/Halloween city decor,hw8,time_bg_hw8,wil_w0_twn01,97673,0x00017D89,97384,0x00017C68,-289,other_sgrp,sgrp_w0t0_h0_hlw1s_h,scheduler_group
28,family_window,23,Ul'dah,All Saints/Halloween city decor,hw8,time_bg_hw8,wil_w0_twn01,97673,0x00017D89,97405,0x00017C7D,-268,nearby,w0t0_h0_hlw1s_h_001,interesting
28,family_window,24,Ul'dah,All Saints/Halloween city decor,hw8,time_bg_hw8,wil_w0_twn01,97673,0x00017D89,97425,0x00017C91,-248,other_sgrp,sgrp_w0t0_h0_hlw2m_h,scheduler_group
28,family_window,25,Ul'dah,All Saints/Halloween city decor,hw8,time_bg_hw8,wil_w0_twn01,97673,0x00017D89,97446,0x00017CA6,-227,nearby,w0t0_h0_hlw2m_h_001,interesting
28,family_window,26,Ul'dah,All Saints/Halloween city decor,hw8,time_bg_hw8,wil_w0_twn01,97673,0x00017D89,97466,0x00017CBA,-207,other_sgrp,sgrp_w0t0_h0_hlw3l_h,scheduler_group
28,family_window,27,Ul'dah,All Saints/Halloween city decor,hw8,time_bg_hw8,wil_w0_twn01,97673,0x00017D89,97487,0x00017CCF,-186,nearby,w0t0_h0_hlw3l_h_001,interesting
28,family_window,28,Ul'dah,All Saints/Halloween city decor,hw8,time_bg_hw8,wil_w0_twn01,97673,0x00017D89,97507,0x00017CE3,-166,other_sgrp,sgrp_w0t0_h0_hlw4l_h,scheduler_group
28,family_window,29,Ul'dah,All Saints/Halloween city decor,hw8,time_bg_hw8,wil_w0_twn01,97673,0x00017D89,97528,0x00017CF8,-145,nearby,w0t0_h0_hlw4l_h_001,interesting
28,family_window,30,Ul'dah,All Saints/Halloween city decor,hw8,time_bg_hw8,wil_w0_twn01,97673,0x00017D89,97548,0x00017D0C,-125,other_sgrp,sgrp_w0t0_h0_hlw5bg_h,scheduler_group
28,family_window,31,Ul'dah,All Saints/Halloween city decor,hw8,time_bg_hw8,wil_w0_twn01,97673,0x00017D89,97570,0x00017D22,-103,nearby,w0t0_h0_hlw5bg_h_001,interesting
28,family_window,32,Ul'dah,All Saints/Halloween city decor,hw8,time_bg_hw8,wil_w0_twn01,97673,0x00017D89,97591,0x00017D37,-82,other_sgrp,sgrp_w0t0_h0_hlw6k_h,scheduler_group
28,family_window,33,Ul'dah,All Saints/Halloween city decor,hw8,time_bg_hw8,wil_w0_twn01,97673,0x00017D89,97612,0x00017D4C,-61,nearby,w0t0_h0_hlw6k_h_001,interesting
28,family_window,34,Ul'dah,All Saints/Halloween city decor,hw8,time_bg_hw8,wil_w0_twn01,97673,0x00017D89,97632,0x00017D60,-41,other_sgrp,sgrp_w0t0_h0_hlw7t_h,scheduler_group
28,family_window,35,Ul'dah,All Saints/Halloween city decor,hw8,time_bg_hw8,wil_w0_twn01,97673,0x00017D89,97653,0x00017D75,-20,center_neighbor,w0t0_h0_hlw7t_h_001,interesting
28,family_window,36,Ul'dah,All Saints/Halloween city decor,hw8,time_bg_hw8,wil_w0_twn01,97673,0x00017D89,97673,0x00017D89,0,matched_group,sgrp_w0t0_h0_hlw8_sp,scheduler_group
28,family_window,37,Ul'dah,All Saints/Halloween city decor,hw8,time_bg_hw8,wil_w0_twn01,97673,0x00017D89,97694,0x00017D9E,21,center_neighbor,w0t0_h0_hlw8_sp_001,interesting
28,family_window,38,Ul'dah,All Saints/Halloween city decor,hw8,time_bg_hw8,wil_w0_twn01,97673,0x00017D89,97714,0x00017DB2,41,other_sgrp,sgrp_w0t0_h0_hlw9_sp,scheduler_group
28,family_window,39,Ul'dah,All Saints/Halloween city decor,hw8,time_bg_hw8,wil_w0_twn01,97673,0x00017D89,97735,0x00017DC7,62,nearby,w0t0_h0_hlw9_sp_001,interesting
28,family_window,40,Ul'dah,All Saints/Halloween city decor,hw8,time_bg_hw8,wil_w0_twn01,97673,0x00017D89,97755,0x00017DDB,82,other_isgrp,isgrp_004315,scheduler_group
28,family_window,41,Ul'dah,All Saints/Halloween city decor,hw8,time_bg_hw8,wil_w0_twn01,97673,0x00017D89,97768,0x00017DE8,95,other_isgrp,isgrp_004316,scheduler_group
28,family_window,42,Ul'dah,All Saints/Halloween city decor,hw8,time_bg_hw8,wil_w0_twn01,97673,0x00017D89,97781,0x00017DF5,108,other_isgrp,isgrp_004317,scheduler_group
28,family_window,43,Ul'dah,All Saints/Halloween city decor,hw8,time_bg_hw8,wil_w0_twn01,97673,0x00017D89,97794,0x00017E02,121,other_isgrp,isgrp_004318,scheduler_group
28,family_window,44,Ul'dah,All Saints/Halloween city decor,hw8,time_bg_hw8,wil_w0_twn01,97673,0x00017D89,97807,0x00017E0F,134,other_isgrp,isgrp_004320,scheduler_group
28,family_window,45,Ul'dah,All Saints/Halloween city decor,hw8,time_bg_hw8,wil_w0_twn01,97673,0x00017D89,97820,0x00017E1C,147,other_isgrp,isgrp_004321,scheduler_group
28,family_window,46,Ul'dah,All Saints/Halloween city decor,hw8,time_bg_hw8,wil_w0_twn01,97673,0x00017D89,97833,0x00017E29,160,other_isgrp,isgrp_004322,scheduler_group
28,family_window,47,Ul'dah,All Saints/Halloween city decor,hw8,time_bg_hw8,wil_w0_twn01,97673,0x00017D89,97846,0x00017E36,173,other_isgrp,isgrp_004324,scheduler_group
28,family_window,48,Ul'dah,All Saints/Halloween city decor,hw8,time_bg_hw8,wil_w0_twn01,97673,0x00017D89,97859,0x00017E43,186,other_isgrp,isgrp_004325,scheduler_group
28,family_window,49,Ul'dah,All Saints/Halloween city decor,hw8,time_bg_hw8,wil_w0_twn01,97673,0x00017D89,97872,0x00017E50,199,other_isgrp,isgrp_004326,scheduler_group
28,family_window,50,Ul'dah,All Saints/Halloween city decor,hw8,time_bg_hw8,wil_w0_twn01,97673,0x00017D89,97885,0x00017E5D,212,other_sgrp,sgrp_w0t0_h0_hlw0p_h,scheduler_group
28,family_window,51,Ul'dah,All Saints/Halloween city decor,hw8,time_bg_hw8,wil_w0_twn01,97673,0x00017D89,97906,0x00017E72,233,nearby,w0t0_h0_hlw0p_h_001,interesting
28,family_window,52,Ul'dah,All Saints/Halloween city decor,hw8,time_bg_hw8,wil_w0_twn01,97673,0x00017D89,97926,0x00017E86,253,other_isgrp,isgrp_004328,scheduler_group
28,family_window,53,Ul'dah,All Saints/Halloween city decor,hw8,time_bg_hw8,wil_w0_twn01,97673,0x00017D89,97939,0x00017E93,266,other_isgrp,isgrp_004329,scheduler_group
28,family_window,54,Ul'dah,All Saints/Halloween city decor,hw8,time_bg_hw8,wil_w0_twn01,97673,0x00017D89,97952,0x00017EA0,279,other_isgrp,isgrp_004330,scheduler_group
28,family_window,55,Ul'dah,All Saints/Halloween city decor,hw8,time_bg_hw8,wil_w0_twn01,97673,0x00017D89,97965,0x00017EAD,292,other_isgrp,isgrp_004331,scheduler_group
28,family_window,56,Ul'dah,All Saints/Halloween city decor,hw8,time_bg_hw8,wil_w0_twn01,97673,0x00017D89,97978,0x00017EBA,305,other_isgrp,isgrp_004332,scheduler_group
28,family_window,57,Ul'dah,All Saints/Halloween city decor,hw8,time_bg_hw8,wil_w0_twn01,97673,0x00017D89,97991,0x00017EC7,318,other_isgrp,isgrp_004333,scheduler_group
28,family_window,58,Ul'dah,All Saints/Halloween city decor,hw8,time_bg_hw8,wil_w0_twn01,97673,0x00017D89,98004,0x00017ED4,331,other_isgrp,isgrp_004334,scheduler_group
28,family_window,59,Ul'dah,All Saints/Halloween city decor,hw8,time_bg_hw8,wil_w0_twn01,97673,0x00017D89,98017,0x00017EE1,344,other_isgrp,isgrp_004335,scheduler_group
28,family_window,60,Ul'dah,All Saints/Halloween city decor,hw8,time_bg_hw8,wil_w0_twn01,97673,0x00017D89,98030,0x00017EEE,357,other_isgrp,isgrp_004336,scheduler_group
28,family_window,61,Ul'dah,All Saints/Halloween city decor,hw8,time_bg_hw8,wil_w0_twn01,97673,0x00017D89,98043,0x00017EFB,370,other_isgrp,isgrp_004337,scheduler_group
28,family_window,62,Ul'dah,All Saints/Halloween city decor,hw8,time_bg_hw8,wil_w0_twn01,97673,0x00017D89,98056,0x00017F08,383,other_isgrp,isgrp_004338,scheduler_group
28,family_window,63,Ul'dah,All Saints/Halloween city decor,hw8,time_bg_hw8,wil_w0_twn01,97673,0x00017D89,98069,0x00017F15,396,other_isgrp,isgrp_004339,scheduler_group
28,family_window,64,Ul'dah,All Saints/Halloween city decor,hw8,time_bg_hw8,wil_w0_twn01,97673,0x00017D89,98082,0x00017F22,409,other_isgrp,isgrp_004340,scheduler_group
28,family_window,65,Ul'dah,All Saints/Halloween city decor,hw8,time_bg_hw8,wil_w0_twn01,97673,0x00017D89,98095,0x00017F2F,422,other_isgrp,isgrp_004341,scheduler_group
28,family_window,66,Ul'dah,All Saints/Halloween city decor,hw8,time_bg_hw8,wil_w0_twn01,97673,0x00017D89,98108,0x00017F3C,435,other_isgrp,isgrp_004342,scheduler_group
28,family_window,67,Ul'dah,All Saints/Halloween city decor,hw8,time_bg_hw8,wil_w0_twn01,97673,0x00017D89,98121,0x00017F49,448,other_isgrp,isgrp_004345,scheduler_group
28,family_window,68,Ul'dah,All Saints/Halloween city decor,hw8,time_bg_hw8,wil_w0_twn01,97673,0x00017D89,98134,0x00017F56,461,other_isgrp,isgrp_004346,scheduler_group
28,family_window,69,Ul'dah,All Saints/Halloween city decor,hw8,time_bg_hw8,wil_w0_twn01,97673,0x00017D89,98147,0x00017F63,474,other_isgrp,isgrp_004347,scheduler_group
28,family_window,70,Ul'dah,All Saints/Halloween city decor,hw8,time_bg_hw8,wil_w0_twn01,97673,0x00017D89,98160,0x00017F70,487,other_isgrp,isgrp_004348,scheduler_group
28,family_window,71,Ul'dah,All Saints/Halloween city decor,hw8,time_bg_hw8,wil_w0_twn01,97673,0x00017D89,98173,0x00017F7D,500,other_isgrp,isgrp_004349,scheduler_group
28,family_window,72,Ul'dah,All Saints/Halloween city decor,hw8,time_bg_hw8,wil_w0_twn01,97673,0x00017D89,98186,0x00017F8A,513,other_isgrp,isgrp_004350,scheduler_group
28,family_window,73,Ul'dah,All Saints/Halloween city decor,hw8,time_bg_hw8,wil_w0_twn01,97673,0x00017D89,98199,0x00017F97,526,other_isgrp,isgrp_004351,scheduler_group
28,family_window,74,Ul'dah,All Saints/Halloween city decor,hw8,time_bg_hw8,wil_w0_twn01,97673,0x00017D89,98212,0x00017FA4,539,other_isgrp,isgrp_004353,scheduler_group
28,family_window,75,Ul'dah,All Saints/Halloween city decor,hw8,time_bg_hw8,wil_w0_twn01,97673,0x00017D89,98225,0x00017FB1,552,other_isgrp,isgrp_004354,scheduler_group
28,family_window,76,Ul'dah,All Saints/Halloween city decor,hw8,time_bg_hw8,wil_w0_twn01,97673,0x00017D89,98238,0x00017FBE,565,other_isgrp,isgrp_004355,scheduler_group
28,family_window,77,Ul'dah,All Saints/Halloween city decor,hw8,time_bg_hw8,wil_w0_twn01,97673,0x00017D89,98251,0x00017FCB,578,other_isgrp,isgrp_004356,scheduler_group
28,family_window,78,Ul'dah,All Saints/Halloween city decor,hw8,time_bg_hw8,wil_w0_twn01,97673,0x00017D89,98264,0x00017FD8,591,other_isgrp,isgrp_004357,scheduler_group
28,family_window,79,Ul'dah,All Saints/Halloween city decor,hw8,time_bg_hw8,wil_w0_twn01,97673,0x00017D89,98277,0x00017FE5,604,other_isgrp,isgrp_004358,scheduler_group
28,family_window,80,Ul'dah,All Saints/Halloween city decor,hw8,time_bg_hw8,wil_w0_twn01,97673,0x00017D89,98290,0x00017FF2,617,other_isgrp,isgrp_004359,scheduler_group
28,family_window,81,Ul'dah,All Saints/Halloween city decor,hw8,time_bg_hw8,wil_w0_twn01,97673,0x00017D89,98303,0x00017FFF,630,other_sgrp,sgrp_new_yadoya,scheduler_group
28,owner_window,1,Ul'dah,All Saints/Halloween city decor,hw8,time_bg_hw8,wil_w0_twn01,97196,0x00017BAC,96428,0x000178AC,-768,other_sgrp,sgrp_0566,scheduler_group
28,owner_window,2,Ul'dah,All Saints/Halloween city decor,hw8,time_bg_hw8,wil_w0_twn01,97196,0x00017BAC,96457,0x000178C9,-739,other_isgrp,isgrp_004271,scheduler_group
28,owner_window,3,Ul'dah,All Saints/Halloween city decor,hw8,time_bg_hw8,wil_w0_twn01,97196,0x00017BAC,96470,0x000178D6,-726,other_isgrp,isgrp_004272,scheduler_group
28,owner_window,4,Ul'dah,All Saints/Halloween city decor,hw8,time_bg_hw8,wil_w0_twn01,97196,0x00017BAC,96483,0x000178E3,-713,other_isgrp,isgrp_004273,scheduler_group
28,owner_window,5,Ul'dah,All Saints/Halloween city decor,hw8,time_bg_hw8,wil_w0_twn01,97196,0x00017BAC,96496,0x000178F0,-700,other_isgrp,isgrp_004274,scheduler_group
28,owner_window,6,Ul'dah,All Saints/Halloween city decor,hw8,time_bg_hw8,wil_w0_twn01,97196,0x00017BAC,96509,0x000178FD,-687,other_sgrp,sgrp_bg_flag1,scheduler_group
28,owner_window,7,Ul'dah,All Saints/Halloween city decor,hw8,time_bg_hw8,wil_w0_twn01,97196,0x00017BAC,96523,0x0001790B,-673,nearby,grp_flag1,flag_or_decor_group
28,owner_window,8,Ul'dah,All Saints/Halloween city decor,hw8,time_bg_hw8,wil_w0_twn01,97196,0x00017BAC,96609,0x00017961,-587,nearby,w0t0_g0_flg3s_h_1_007,flag_or_decor_group
28,owner_window,9,Ul'dah,All Saints/Halloween city decor,hw8,time_bg_hw8,wil_w0_twn01,97196,0x00017BAC,96631,0x00017977,-565,nearby,w0t0_g0_flg3s_h_1_008,flag_or_decor_group
28,owner_window,10,Ul'dah,All Saints/Halloween city decor,hw8,time_bg_hw8,wil_w0_twn01,97196,0x00017BAC,96653,0x0001798D,-543,nearby,w0t0_g0_flg3s_h_1_009,flag_or_decor_group
28,owner_window,11,Ul'dah,All Saints/Halloween city decor,hw8,time_bg_hw8,wil_w0_twn01,97196,0x00017BAC,96675,0x000179A3,-521,nearby,w0t0_g0_flg3s_h_1_010,flag_or_decor_group
28,owner_window,12,Ul'dah,All Saints/Halloween city decor,hw8,time_bg_hw8,wil_w0_twn01,97196,0x00017BAC,96781,0x00017A0D,-415,nearby,vfx_lamp01c_018_1,vfx_or_scene_def
28,owner_window,13,Ul'dah,All Saints/Halloween city decor,hw8,time_bg_hw8,wil_w0_twn01,97196,0x00017BAC,96799,0x00017A1F,-397,nearby,vfx_lamp01c_018_2,vfx_or_scene_def
28,owner_window,14,Ul'dah,All Saints/Halloween city decor,hw8,time_bg_hw8,wil_w0_twn01,97196,0x00017BAC,96817,0x00017A31,-379,nearby,vfx_lamp01c_018_3,vfx_or_scene_def
28,owner_window,15,Ul'dah,All Saints/Halloween city decor,hw8,time_bg_hw8,wil_w0_twn01,97196,0x00017BAC,96835,0x00017A43,-361,nearby,vfx_lamp01c_018_4,vfx_or_scene_def
28,owner_window,16,Ul'dah,All Saints/Halloween city decor,hw8,time_bg_hw8,wil_w0_twn01,97196,0x00017BAC,96920,0x00017A98,-276,other_isgrp,isgrp_004275,scheduler_group
28,owner_window,17,Ul'dah,All Saints/Halloween city decor,hw8,time_bg_hw8,wil_w0_twn01,97196,0x00017BAC,96933,0x00017AA5,-263,other_isgrp,isgrp_004277,scheduler_group
28,owner_window,18,Ul'dah,All Saints/Halloween city decor,hw8,time_bg_hw8,wil_w0_twn01,97196,0x00017BAC,96946,0x00017AB2,-250,other_isgrp,isgrp_004279,scheduler_group
28,owner_window,19,Ul'dah,All Saints/Halloween city decor,hw8,time_bg_hw8,wil_w0_twn01,97196,0x00017BAC,96959,0x00017ABF,-237,nearby,Bk_isgrp_000745-012,interesting
28,owner_window,20,Ul'dah,All Saints/Halloween city decor,hw8,time_bg_hw8,wil_w0_twn01,97196,0x00017BAC,96979,0x00017AD3,-217,other_isgrp,isgrp_004280,scheduler_group
28,owner_window,21,Ul'dah,All Saints/Halloween city decor,hw8,time_bg_hw8,wil_w0_twn01,97196,0x00017BAC,96992,0x00017AE0,-204,other_isgrp,isgrp_004281,scheduler_group
28,owner_window,22,Ul'dah,All Saints/Halloween city decor,hw8,time_bg_hw8,wil_w0_twn01,97196,0x00017BAC,97005,0x00017AED,-191,nearby,Bk_isgrp_000745-013,interesting
28,owner_window,23,Ul'dah,All Saints/Halloween city decor,hw8,time_bg_hw8,wil_w0_twn01,97196,0x00017BAC,97025,0x00017B01,-171,other_isgrp,isgrp_004282,scheduler_group
28,owner_window,24,Ul'dah,All Saints/Halloween city decor,hw8,time_bg_hw8,wil_w0_twn01,97196,0x00017BAC,97038,0x00017B0E,-158,other_isgrp,isgrp_004283,scheduler_group
28,owner_window,25,Ul'dah,All Saints/Halloween city decor,hw8,time_bg_hw8,wil_w0_twn01,97196,0x00017BAC,97051,0x00017B1B,-145,other_sgrp,sgrp_tutrl01,scheduler_group
28,owner_window,26,Ul'dah,All Saints/Halloween city decor,hw8,time_bg_hw8,wil_w0_twn01,97196,0x00017BAC,97183,0x00017B9F,-13,other_isgrp,isgrp_004287,scheduler_group
28,owner_window,27,Ul'dah,All Saints/Halloween city decor,hw8,time_bg_hw8,wil_w0_twn01,97196,0x00017BAC,97196,0x00017BAC,0,owner_isgrp,isgrp_004289,scheduler_group
28,owner_window,28,Ul'dah,All Saints/Halloween city decor,hw8,time_bg_hw8,wil_w0_twn01,97196,0x00017BAC,97209,0x00017BB9,13,other_sgrp,sgrp_0569,scheduler_group
28,owner_window,29,Ul'dah,All Saints/Halloween city decor,hw8,time_bg_hw8,wil_w0_twn01,97196,0x00017BAC,97264,0x00017BF0,68,other_isgrp,isgrp_004296,scheduler_group
28,owner_window,30,Ul'dah,All Saints/Halloween city decor,hw8,time_bg_hw8,wil_w0_twn01,97196,0x00017BAC,97277,0x00017BFD,81,nearby,Bk_isgrp_000621-013,interesting
28,owner_window,31,Ul'dah,All Saints/Halloween city decor,hw8,time_bg_hw8,wil_w0_twn01,97196,0x00017BAC,97297,0x00017C11,101,other_isgrp,isgrp_004300,scheduler_group
28,owner_window,32,Ul'dah,All Saints/Halloween city decor,hw8,time_bg_hw8,wil_w0_twn01,97196,0x00017BAC,97310,0x00017C1E,114,other_isgrp,isgrp_004308,scheduler_group
28,owner_window,33,Ul'dah,All Saints/Halloween city decor,hw8,time_bg_hw8,wil_w0_twn01,97196,0x00017BAC,97323,0x00017C2B,127,other_sgrp,sgrp_tutrl02,scheduler_group
28,owner_window,34,Ul'dah,All Saints/Halloween city decor,hw8,time_bg_hw8,wil_w0_twn01,97196,0x00017BAC,97345,0x00017C41,149,other_isgrp,isgrp_004311,scheduler_group
28,owner_window,35,Ul'dah,All Saints/Halloween city decor,hw8,time_bg_hw8,wil_w0_twn01,97196,0x00017BAC,97358,0x00017C4E,162,other_isgrp,isgrp_004312,scheduler_group
28,owner_window,36,Ul'dah,All Saints/Halloween city decor,hw8,time_bg_hw8,wil_w0_twn01,97196,0x00017BAC,97371,0x00017C5B,175,other_isgrp,isgrp_004313,scheduler_group
28,owner_window,37,Ul'dah,All Saints/Halloween city decor,hw8,time_bg_hw8,wil_w0_twn01,97196,0x00017BAC,97384,0x00017C68,188,other_sgrp,sgrp_w0t0_h0_hlw1s_h,scheduler_group
28,owner_window,38,Ul'dah,All Saints/Halloween city decor,hw8,time_bg_hw8,wil_w0_twn01,97196,0x00017BAC,97405,0x00017C7D,209,nearby,w0t0_h0_hlw1s_h_001,interesting
28,owner_window,39,Ul'dah,All Saints/Halloween city decor,hw8,time_bg_hw8,wil_w0_twn01,97196,0x00017BAC,97425,0x00017C91,229,other_sgrp,sgrp_w0t0_h0_hlw2m_h,scheduler_group
28,owner_window,40,Ul'dah,All Saints/Halloween city decor,hw8,time_bg_hw8,wil_w0_twn01,97196,0x00017BAC,97446,0x00017CA6,250,nearby,w0t0_h0_hlw2m_h_001,interesting
28,owner_window,41,Ul'dah,All Saints/Halloween city decor,hw8,time_bg_hw8,wil_w0_twn01,97196,0x00017BAC,97466,0x00017CBA,270,other_sgrp,sgrp_w0t0_h0_hlw3l_h,scheduler_group
28,owner_window,42,Ul'dah,All Saints/Halloween city decor,hw8,time_bg_hw8,wil_w0_twn01,97196,0x00017BAC,97487,0x00017CCF,291,nearby,w0t0_h0_hlw3l_h_001,interesting
28,owner_window,43,Ul'dah,All Saints/Halloween city decor,hw8,time_bg_hw8,wil_w0_twn01,97196,0x00017BAC,97507,0x00017CE3,311,other_sgrp,sgrp_w0t0_h0_hlw4l_h,scheduler_group
28,owner_window,44,Ul'dah,All Saints/Halloween city decor,hw8,time_bg_hw8,wil_w0_twn01,97196,0x00017BAC,97528,0x00017CF8,332,nearby,w0t0_h0_hlw4l_h_001,interesting
28,owner_window,45,Ul'dah,All Saints/Halloween city decor,hw8,time_bg_hw8,wil_w0_twn01,97196,0x00017BAC,97548,0x00017D0C,352,other_sgrp,sgrp_w0t0_h0_hlw5bg_h,scheduler_group
28,owner_window,46,Ul'dah,All Saints/Halloween city decor,hw8,time_bg_hw8,wil_w0_twn01,97196,0x00017BAC,97570,0x00017D22,374,nearby,w0t0_h0_hlw5bg_h_001,interesting
28,owner_window,47,Ul'dah,All Saints/Halloween city decor,hw8,time_bg_hw8,wil_w0_twn01,97196,0x00017BAC,97591,0x00017D37,395,other_sgrp,sgrp_w0t0_h0_hlw6k_h,scheduler_group
28,owner_window,48,Ul'dah,All Saints/Halloween city decor,hw8,time_bg_hw8,wil_w0_twn01,97196,0x00017BAC,97612,0x00017D4C,416,nearby,w0t0_h0_hlw6k_h_001,interesting
28,owner_window,49,Ul'dah,All Saints/Halloween city decor,hw8,time_bg_hw8,wil_w0_twn01,97196,0x00017BAC,97632,0x00017D60,436,other_sgrp,sgrp_w0t0_h0_hlw7t_h,scheduler_group
28,owner_window,50,Ul'dah,All Saints/Halloween city decor,hw8,time_bg_hw8,wil_w0_twn01,97196,0x00017BAC,97653,0x00017D75,457,nearby,w0t0_h0_hlw7t_h_001,interesting
28,owner_window,51,Ul'dah,All Saints/Halloween city decor,hw8,time_bg_hw8,wil_w0_twn01,97196,0x00017BAC,97673,0x00017D89,477,matched_group,sgrp_w0t0_h0_hlw8_sp,scheduler_group
28,owner_window,52,Ul'dah,All Saints/Halloween city decor,hw8,time_bg_hw8,wil_w0_twn01,97196,0x00017BAC,97694,0x00017D9E,498,nearby,w0t0_h0_hlw8_sp_001,interesting
28,owner_window,53,Ul'dah,All Saints/Halloween city decor,hw8,time_bg_hw8,wil_w0_twn01,97196,0x00017BAC,97714,0x00017DB2,518,other_sgrp,sgrp_w0t0_h0_hlw9_sp,scheduler_group
28,owner_window,54,Ul'dah,All Saints/Halloween city decor,hw8,time_bg_hw8,wil_w0_twn01,97196,0x00017BAC,97735,0x00017DC7,539,nearby,w0t0_h0_hlw9_sp_001,interesting
28,owner_window,55,Ul'dah,All Saints/Halloween city decor,hw8,time_bg_hw8,wil_w0_twn01,97196,0x00017BAC,97755,0x00017DDB,559,other_isgrp,isgrp_004315,scheduler_group
28,owner_window,56,Ul'dah,All Saints/Halloween city decor,hw8,time_bg_hw8,wil_w0_twn01,97196,0x00017BAC,97768,0x00017DE8,572,other_isgrp,isgrp_004316,scheduler_group
28,owner_window,57,Ul'dah,All Saints/Halloween city decor,hw8,time_bg_hw8,wil_w0_twn01,97196,0x00017BAC,97781,0x00017DF5,585,other_isgrp,isgrp_004317,scheduler_group
28,owner_window,58,Ul'dah,All Saints/Halloween city decor,hw8,time_bg_hw8,wil_w0_twn01,97196,0x00017BAC,97794,0x00017E02,598,other_isgrp,isgrp_004318,scheduler_group
28,owner_window,59,Ul'dah,All Saints/Halloween city decor,hw8,time_bg_hw8,wil_w0_twn01,97196,0x00017BAC,97807,0x00017E0F,611,other_isgrp,isgrp_004320,scheduler_group
28,owner_window,60,Ul'dah,All Saints/Halloween city decor,hw8,time_bg_hw8,wil_w0_twn01,97196,0x00017BAC,97820,0x00017E1C,624,other_isgrp,isgrp_004321,scheduler_group
28,owner_window,61,Ul'dah,All Saints/Halloween city decor,hw8,time_bg_hw8,wil_w0_twn01,97196,0x00017BAC,97833,0x00017E29,637,other_isgrp,isgrp_004322,scheduler_group
28,owner_window,62,Ul'dah,All Saints/Halloween city decor,hw8,time_bg_hw8,wil_w0_twn01,97196,0x00017BAC,97846,0x00017E36,650,other_isgrp,isgrp_004324,scheduler_group
28,owner_window,63,Ul'dah,All Saints/Halloween city decor,hw8,time_bg_hw8,wil_w0_twn01,97196,0x00017BAC,97859,0x00017E43,663,other_isgrp,isgrp_004325,scheduler_group
28,owner_window,64,Ul'dah,All Saints/Halloween city decor,hw8,time_bg_hw8,wil_w0_twn01,97196,0x00017BAC,97872,0x00017E50,676,other_isgrp,isgrp_004326,scheduler_group
28,owner_window,65,Ul'dah,All Saints/Halloween city decor,hw8,time_bg_hw8,wil_w0_twn01,97196,0x00017BAC,97885,0x00017E5D,689,other_sgrp,sgrp_w0t0_h0_hlw0p_h,scheduler_group
28,owner_window,66,Ul'dah,All Saints/Halloween city decor,hw8,time_bg_hw8,wil_w0_twn01,97196,0x00017BAC,97906,0x00017E72,710,nearby,w0t0_h0_hlw0p_h_001,interesting
28,owner_window,67,Ul'dah,All Saints/Halloween city decor,hw8,time_bg_hw8,wil_w0_twn01,97196,0x00017BAC,97926,0x00017E86,730,other_isgrp,isgrp_004328,scheduler_group
28,owner_window,68,Ul'dah,All Saints/Halloween city decor,hw8,time_bg_hw8,wil_w0_twn01,97196,0x00017BAC,97939,0x00017E93,743,other_isgrp,isgrp_004329,scheduler_group
28,owner_window,69,Ul'dah,All Saints/Halloween city decor,hw8,time_bg_hw8,wil_w0_twn01,97196,0x00017BAC,97952,0x00017EA0,756,other_isgrp,isgrp_004330,scheduler_group
29,family_window,1,Ul'dah,All Saints/Halloween city decor,hw9,time_bg_hw9,wil_w0_twn01,97714,0x00017DB2,96946,0x00017AB2,-768,other_isgrp,isgrp_004279,scheduler_group
29,family_window,2,Ul'dah,All Saints/Halloween city decor,hw9,time_bg_hw9,wil_w0_twn01,97714,0x00017DB2,96959,0x00017ABF,-755,nearby,Bk_isgrp_000745-012,interesting
29,family_window,3,Ul'dah,All Saints/Halloween city decor,hw9,time_bg_hw9,wil_w0_twn01,97714,0x00017DB2,96979,0x00017AD3,-735,other_isgrp,isgrp_004280,scheduler_group
29,family_window,4,Ul'dah,All Saints/Halloween city decor,hw9,time_bg_hw9,wil_w0_twn01,97714,0x00017DB2,96992,0x00017AE0,-722,other_isgrp,isgrp_004281,scheduler_group
29,family_window,5,Ul'dah,All Saints/Halloween city decor,hw9,time_bg_hw9,wil_w0_twn01,97714,0x00017DB2,97005,0x00017AED,-709,nearby,Bk_isgrp_000745-013,interesting
29,family_window,6,Ul'dah,All Saints/Halloween city decor,hw9,time_bg_hw9,wil_w0_twn01,97714,0x00017DB2,97025,0x00017B01,-689,other_isgrp,isgrp_004282,scheduler_group
29,family_window,7,Ul'dah,All Saints/Halloween city decor,hw9,time_bg_hw9,wil_w0_twn01,97714,0x00017DB2,97038,0x00017B0E,-676,other_isgrp,isgrp_004283,scheduler_group
29,family_window,8,Ul'dah,All Saints/Halloween city decor,hw9,time_bg_hw9,wil_w0_twn01,97714,0x00017DB2,97051,0x00017B1B,-663,other_sgrp,sgrp_tutrl01,scheduler_group
29,family_window,9,Ul'dah,All Saints/Halloween city decor,hw9,time_bg_hw9,wil_w0_twn01,97714,0x00017DB2,97183,0x00017B9F,-531,other_isgrp,isgrp_004287,scheduler_group
29,family_window,10,Ul'dah,All Saints/Halloween city decor,hw9,time_bg_hw9,wil_w0_twn01,97714,0x00017DB2,97196,0x00017BAC,-518,owner_isgrp,isgrp_004289,scheduler_group
29,family_window,11,Ul'dah,All Saints/Halloween city decor,hw9,time_bg_hw9,wil_w0_twn01,97714,0x00017DB2,97209,0x00017BB9,-505,other_sgrp,sgrp_0569,scheduler_group
29,family_window,12,Ul'dah,All Saints/Halloween city decor,hw9,time_bg_hw9,wil_w0_twn01,97714,0x00017DB2,97264,0x00017BF0,-450,other_isgrp,isgrp_004296,scheduler_group
29,family_window,13,Ul'dah,All Saints/Halloween city decor,hw9,time_bg_hw9,wil_w0_twn01,97714,0x00017DB2,97277,0x00017BFD,-437,nearby,Bk_isgrp_000621-013,interesting
29,family_window,14,Ul'dah,All Saints/Halloween city decor,hw9,time_bg_hw9,wil_w0_twn01,97714,0x00017DB2,97297,0x00017C11,-417,other_isgrp,isgrp_004300,scheduler_group
29,family_window,15,Ul'dah,All Saints/Halloween city decor,hw9,time_bg_hw9,wil_w0_twn01,97714,0x00017DB2,97310,0x00017C1E,-404,other_isgrp,isgrp_004308,scheduler_group
29,family_window,16,Ul'dah,All Saints/Halloween city decor,hw9,time_bg_hw9,wil_w0_twn01,97714,0x00017DB2,97323,0x00017C2B,-391,other_sgrp,sgrp_tutrl02,scheduler_group
29,family_window,17,Ul'dah,All Saints/Halloween city decor,hw9,time_bg_hw9,wil_w0_twn01,97714,0x00017DB2,97345,0x00017C41,-369,other_isgrp,isgrp_004311,scheduler_group
29,family_window,18,Ul'dah,All Saints/Halloween city decor,hw9,time_bg_hw9,wil_w0_twn01,97714,0x00017DB2,97358,0x00017C4E,-356,other_isgrp,isgrp_004312,scheduler_group
29,family_window,19,Ul'dah,All Saints/Halloween city decor,hw9,time_bg_hw9,wil_w0_twn01,97714,0x00017DB2,97371,0x00017C5B,-343,other_isgrp,isgrp_004313,scheduler_group
29,family_window,20,Ul'dah,All Saints/Halloween city decor,hw9,time_bg_hw9,wil_w0_twn01,97714,0x00017DB2,97384,0x00017C68,-330,other_sgrp,sgrp_w0t0_h0_hlw1s_h,scheduler_group
29,family_window,21,Ul'dah,All Saints/Halloween city decor,hw9,time_bg_hw9,wil_w0_twn01,97714,0x00017DB2,97405,0x00017C7D,-309,nearby,w0t0_h0_hlw1s_h_001,interesting
29,family_window,22,Ul'dah,All Saints/Halloween city decor,hw9,time_bg_hw9,wil_w0_twn01,97714,0x00017DB2,97425,0x00017C91,-289,other_sgrp,sgrp_w0t0_h0_hlw2m_h,scheduler_group
29,family_window,23,Ul'dah,All Saints/Halloween city decor,hw9,time_bg_hw9,wil_w0_twn01,97714,0x00017DB2,97446,0x00017CA6,-268,nearby,w0t0_h0_hlw2m_h_001,interesting
29,family_window,24,Ul'dah,All Saints/Halloween city decor,hw9,time_bg_hw9,wil_w0_twn01,97714,0x00017DB2,97466,0x00017CBA,-248,other_sgrp,sgrp_w0t0_h0_hlw3l_h,scheduler_group
29,family_window,25,Ul'dah,All Saints/Halloween city decor,hw9,time_bg_hw9,wil_w0_twn01,97714,0x00017DB2,97487,0x00017CCF,-227,nearby,w0t0_h0_hlw3l_h_001,interesting
29,family_window,26,Ul'dah,All Saints/Halloween city decor,hw9,time_bg_hw9,wil_w0_twn01,97714,0x00017DB2,97507,0x00017CE3,-207,other_sgrp,sgrp_w0t0_h0_hlw4l_h,scheduler_group
29,family_window,27,Ul'dah,All Saints/Halloween city decor,hw9,time_bg_hw9,wil_w0_twn01,97714,0x00017DB2,97528,0x00017CF8,-186,nearby,w0t0_h0_hlw4l_h_001,interesting
29,family_window,28,Ul'dah,All Saints/Halloween city decor,hw9,time_bg_hw9,wil_w0_twn01,97714,0x00017DB2,97548,0x00017D0C,-166,other_sgrp,sgrp_w0t0_h0_hlw5bg_h,scheduler_group
29,family_window,29,Ul'dah,All Saints/Halloween city decor,hw9,time_bg_hw9,wil_w0_twn01,97714,0x00017DB2,97570,0x00017D22,-144,nearby,w0t0_h0_hlw5bg_h_001,interesting
29,family_window,30,Ul'dah,All Saints/Halloween city decor,hw9,time_bg_hw9,wil_w0_twn01,97714,0x00017DB2,97591,0x00017D37,-123,other_sgrp,sgrp_w0t0_h0_hlw6k_h,scheduler_group
29,family_window,31,Ul'dah,All Saints/Halloween city decor,hw9,time_bg_hw9,wil_w0_twn01,97714,0x00017DB2,97612,0x00017D4C,-102,nearby,w0t0_h0_hlw6k_h_001,interesting
29,family_window,32,Ul'dah,All Saints/Halloween city decor,hw9,time_bg_hw9,wil_w0_twn01,97714,0x00017DB2,97632,0x00017D60,-82,other_sgrp,sgrp_w0t0_h0_hlw7t_h,scheduler_group
29,family_window,33,Ul'dah,All Saints/Halloween city decor,hw9,time_bg_hw9,wil_w0_twn01,97714,0x00017DB2,97653,0x00017D75,-61,nearby,w0t0_h0_hlw7t_h_001,interesting
29,family_window,34,Ul'dah,All Saints/Halloween city decor,hw9,time_bg_hw9,wil_w0_twn01,97714,0x00017DB2,97673,0x00017D89,-41,other_sgrp,sgrp_w0t0_h0_hlw8_sp,scheduler_group
29,family_window,35,Ul'dah,All Saints/Halloween city decor,hw9,time_bg_hw9,wil_w0_twn01,97714,0x00017DB2,97694,0x00017D9E,-20,center_neighbor,w0t0_h0_hlw8_sp_001,interesting
29,family_window,36,Ul'dah,All Saints/Halloween city decor,hw9,time_bg_hw9,wil_w0_twn01,97714,0x00017DB2,97714,0x00017DB2,0,matched_group,sgrp_w0t0_h0_hlw9_sp,scheduler_group
29,family_window,37,Ul'dah,All Saints/Halloween city decor,hw9,time_bg_hw9,wil_w0_twn01,97714,0x00017DB2,97735,0x00017DC7,21,center_neighbor,w0t0_h0_hlw9_sp_001,interesting
29,family_window,38,Ul'dah,All Saints/Halloween city decor,hw9,time_bg_hw9,wil_w0_twn01,97714,0x00017DB2,97755,0x00017DDB,41,other_isgrp,isgrp_004315,scheduler_group
29,family_window,39,Ul'dah,All Saints/Halloween city decor,hw9,time_bg_hw9,wil_w0_twn01,97714,0x00017DB2,97768,0x00017DE8,54,other_isgrp,isgrp_004316,scheduler_group
29,family_window,40,Ul'dah,All Saints/Halloween city decor,hw9,time_bg_hw9,wil_w0_twn01,97714,0x00017DB2,97781,0x00017DF5,67,other_isgrp,isgrp_004317,scheduler_group
29,family_window,41,Ul'dah,All Saints/Halloween city decor,hw9,time_bg_hw9,wil_w0_twn01,97714,0x00017DB2,97794,0x00017E02,80,other_isgrp,isgrp_004318,scheduler_group
29,family_window,42,Ul'dah,All Saints/Halloween city decor,hw9,time_bg_hw9,wil_w0_twn01,97714,0x00017DB2,97807,0x00017E0F,93,other_isgrp,isgrp_004320,scheduler_group
29,family_window,43,Ul'dah,All Saints/Halloween city decor,hw9,time_bg_hw9,wil_w0_twn01,97714,0x00017DB2,97820,0x00017E1C,106,other_isgrp,isgrp_004321,scheduler_group
29,family_window,44,Ul'dah,All Saints/Halloween city decor,hw9,time_bg_hw9,wil_w0_twn01,97714,0x00017DB2,97833,0x00017E29,119,other_isgrp,isgrp_004322,scheduler_group
29,family_window,45,Ul'dah,All Saints/Halloween city decor,hw9,time_bg_hw9,wil_w0_twn01,97714,0x00017DB2,97846,0x00017E36,132,other_isgrp,isgrp_004324,scheduler_group
29,family_window,46,Ul'dah,All Saints/Halloween city decor,hw9,time_bg_hw9,wil_w0_twn01,97714,0x00017DB2,97859,0x00017E43,145,other_isgrp,isgrp_004325,scheduler_group
29,family_window,47,Ul'dah,All Saints/Halloween city decor,hw9,time_bg_hw9,wil_w0_twn01,97714,0x00017DB2,97872,0x00017E50,158,other_isgrp,isgrp_004326,scheduler_group
29,family_window,48,Ul'dah,All Saints/Halloween city decor,hw9,time_bg_hw9,wil_w0_twn01,97714,0x00017DB2,97885,0x00017E5D,171,other_sgrp,sgrp_w0t0_h0_hlw0p_h,scheduler_group
29,family_window,49,Ul'dah,All Saints/Halloween city decor,hw9,time_bg_hw9,wil_w0_twn01,97714,0x00017DB2,97906,0x00017E72,192,nearby,w0t0_h0_hlw0p_h_001,interesting
29,family_window,50,Ul'dah,All Saints/Halloween city decor,hw9,time_bg_hw9,wil_w0_twn01,97714,0x00017DB2,97926,0x00017E86,212,other_isgrp,isgrp_004328,scheduler_group
29,family_window,51,Ul'dah,All Saints/Halloween city decor,hw9,time_bg_hw9,wil_w0_twn01,97714,0x00017DB2,97939,0x00017E93,225,other_isgrp,isgrp_004329,scheduler_group
29,family_window,52,Ul'dah,All Saints/Halloween city decor,hw9,time_bg_hw9,wil_w0_twn01,97714,0x00017DB2,97952,0x00017EA0,238,other_isgrp,isgrp_004330,scheduler_group
29,family_window,53,Ul'dah,All Saints/Halloween city decor,hw9,time_bg_hw9,wil_w0_twn01,97714,0x00017DB2,97965,0x00017EAD,251,other_isgrp,isgrp_004331,scheduler_group
29,family_window,54,Ul'dah,All Saints/Halloween city decor,hw9,time_bg_hw9,wil_w0_twn01,97714,0x00017DB2,97978,0x00017EBA,264,other_isgrp,isgrp_004332,scheduler_group
29,family_window,55,Ul'dah,All Saints/Halloween city decor,hw9,time_bg_hw9,wil_w0_twn01,97714,0x00017DB2,97991,0x00017EC7,277,other_isgrp,isgrp_004333,scheduler_group
29,family_window,56,Ul'dah,All Saints/Halloween city decor,hw9,time_bg_hw9,wil_w0_twn01,97714,0x00017DB2,98004,0x00017ED4,290,other_isgrp,isgrp_004334,scheduler_group
29,family_window,57,Ul'dah,All Saints/Halloween city decor,hw9,time_bg_hw9,wil_w0_twn01,97714,0x00017DB2,98017,0x00017EE1,303,other_isgrp,isgrp_004335,scheduler_group
29,family_window,58,Ul'dah,All Saints/Halloween city decor,hw9,time_bg_hw9,wil_w0_twn01,97714,0x00017DB2,98030,0x00017EEE,316,other_isgrp,isgrp_004336,scheduler_group
29,family_window,59,Ul'dah,All Saints/Halloween city decor,hw9,time_bg_hw9,wil_w0_twn01,97714,0x00017DB2,98043,0x00017EFB,329,other_isgrp,isgrp_004337,scheduler_group
29,family_window,60,Ul'dah,All Saints/Halloween city decor,hw9,time_bg_hw9,wil_w0_twn01,97714,0x00017DB2,98056,0x00017F08,342,other_isgrp,isgrp_004338,scheduler_group
29,family_window,61,Ul'dah,All Saints/Halloween city decor,hw9,time_bg_hw9,wil_w0_twn01,97714,0x00017DB2,98069,0x00017F15,355,other_isgrp,isgrp_004339,scheduler_group
29,family_window,62,Ul'dah,All Saints/Halloween city decor,hw9,time_bg_hw9,wil_w0_twn01,97714,0x00017DB2,98082,0x00017F22,368,other_isgrp,isgrp_004340,scheduler_group
29,family_window,63,Ul'dah,All Saints/Halloween city decor,hw9,time_bg_hw9,wil_w0_twn01,97714,0x00017DB2,98095,0x00017F2F,381,other_isgrp,isgrp_004341,scheduler_group
29,family_window,64,Ul'dah,All Saints/Halloween city decor,hw9,time_bg_hw9,wil_w0_twn01,97714,0x00017DB2,98108,0x00017F3C,394,other_isgrp,isgrp_004342,scheduler_group
29,family_window,65,Ul'dah,All Saints/Halloween city decor,hw9,time_bg_hw9,wil_w0_twn01,97714,0x00017DB2,98121,0x00017F49,407,other_isgrp,isgrp_004345,scheduler_group
29,family_window,66,Ul'dah,All Saints/Halloween city decor,hw9,time_bg_hw9,wil_w0_twn01,97714,0x00017DB2,98134,0x00017F56,420,other_isgrp,isgrp_004346,scheduler_group
29,family_window,67,Ul'dah,All Saints/Halloween city decor,hw9,time_bg_hw9,wil_w0_twn01,97714,0x00017DB2,98147,0x00017F63,433,other_isgrp,isgrp_004347,scheduler_group
29,family_window,68,Ul'dah,All Saints/Halloween city decor,hw9,time_bg_hw9,wil_w0_twn01,97714,0x00017DB2,98160,0x00017F70,446,other_isgrp,isgrp_004348,scheduler_group
29,family_window,69,Ul'dah,All Saints/Halloween city decor,hw9,time_bg_hw9,wil_w0_twn01,97714,0x00017DB2,98173,0x00017F7D,459,other_isgrp,isgrp_004349,scheduler_group
29,family_window,70,Ul'dah,All Saints/Halloween city decor,hw9,time_bg_hw9,wil_w0_twn01,97714,0x00017DB2,98186,0x00017F8A,472,other_isgrp,isgrp_004350,scheduler_group
29,family_window,71,Ul'dah,All Saints/Halloween city decor,hw9,time_bg_hw9,wil_w0_twn01,97714,0x00017DB2,98199,0x00017F97,485,other_isgrp,isgrp_004351,scheduler_group
29,family_window,72,Ul'dah,All Saints/Halloween city decor,hw9,time_bg_hw9,wil_w0_twn01,97714,0x00017DB2,98212,0x00017FA4,498,other_isgrp,isgrp_004353,scheduler_group
29,family_window,73,Ul'dah,All Saints/Halloween city decor,hw9,time_bg_hw9,wil_w0_twn01,97714,0x00017DB2,98225,0x00017FB1,511,other_isgrp,isgrp_004354,scheduler_group
29,family_window,74,Ul'dah,All Saints/Halloween city decor,hw9,time_bg_hw9,wil_w0_twn01,97714,0x00017DB2,98238,0x00017FBE,524,other_isgrp,isgrp_004355,scheduler_group
29,family_window,75,Ul'dah,All Saints/Halloween city decor,hw9,time_bg_hw9,wil_w0_twn01,97714,0x00017DB2,98251,0x00017FCB,537,other_isgrp,isgrp_004356,scheduler_group
29,family_window,76,Ul'dah,All Saints/Halloween city decor,hw9,time_bg_hw9,wil_w0_twn01,97714,0x00017DB2,98264,0x00017FD8,550,other_isgrp,isgrp_004357,scheduler_group
29,family_window,77,Ul'dah,All Saints/Halloween city decor,hw9,time_bg_hw9,wil_w0_twn01,97714,0x00017DB2,98277,0x00017FE5,563,other_isgrp,isgrp_004358,scheduler_group
29,family_window,78,Ul'dah,All Saints/Halloween city decor,hw9,time_bg_hw9,wil_w0_twn01,97714,0x00017DB2,98290,0x00017FF2,576,other_isgrp,isgrp_004359,scheduler_group
29,family_window,79,Ul'dah,All Saints/Halloween city decor,hw9,time_bg_hw9,wil_w0_twn01,97714,0x00017DB2,98303,0x00017FFF,589,other_sgrp,sgrp_new_yadoya,scheduler_group
29,owner_window,1,Ul'dah,All Saints/Halloween city decor,hw9,time_bg_hw9,wil_w0_twn01,97196,0x00017BAC,96428,0x000178AC,-768,other_sgrp,sgrp_0566,scheduler_group
29,owner_window,2,Ul'dah,All Saints/Halloween city decor,hw9,time_bg_hw9,wil_w0_twn01,97196,0x00017BAC,96457,0x000178C9,-739,other_isgrp,isgrp_004271,scheduler_group
29,owner_window,3,Ul'dah,All Saints/Halloween city decor,hw9,time_bg_hw9,wil_w0_twn01,97196,0x00017BAC,96470,0x000178D6,-726,other_isgrp,isgrp_004272,scheduler_group
29,owner_window,4,Ul'dah,All Saints/Halloween city decor,hw9,time_bg_hw9,wil_w0_twn01,97196,0x00017BAC,96483,0x000178E3,-713,other_isgrp,isgrp_004273,scheduler_group
29,owner_window,5,Ul'dah,All Saints/Halloween city decor,hw9,time_bg_hw9,wil_w0_twn01,97196,0x00017BAC,96496,0x000178F0,-700,other_isgrp,isgrp_004274,scheduler_group
29,owner_window,6,Ul'dah,All Saints/Halloween city decor,hw9,time_bg_hw9,wil_w0_twn01,97196,0x00017BAC,96509,0x000178FD,-687,other_sgrp,sgrp_bg_flag1,scheduler_group
29,owner_window,7,Ul'dah,All Saints/Halloween city decor,hw9,time_bg_hw9,wil_w0_twn01,97196,0x00017BAC,96523,0x0001790B,-673,nearby,grp_flag1,flag_or_decor_group
29,owner_window,8,Ul'dah,All Saints/Halloween city decor,hw9,time_bg_hw9,wil_w0_twn01,97196,0x00017BAC,96609,0x00017961,-587,nearby,w0t0_g0_flg3s_h_1_007,flag_or_decor_group
29,owner_window,9,Ul'dah,All Saints/Halloween city decor,hw9,time_bg_hw9,wil_w0_twn01,97196,0x00017BAC,96631,0x00017977,-565,nearby,w0t0_g0_flg3s_h_1_008,flag_or_decor_group
29,owner_window,10,Ul'dah,All Saints/Halloween city decor,hw9,time_bg_hw9,wil_w0_twn01,97196,0x00017BAC,96653,0x0001798D,-543,nearby,w0t0_g0_flg3s_h_1_009,flag_or_decor_group
29,owner_window,11,Ul'dah,All Saints/Halloween city decor,hw9,time_bg_hw9,wil_w0_twn01,97196,0x00017BAC,96675,0x000179A3,-521,nearby,w0t0_g0_flg3s_h_1_010,flag_or_decor_group
29,owner_window,12,Ul'dah,All Saints/Halloween city decor,hw9,time_bg_hw9,wil_w0_twn01,97196,0x00017BAC,96781,0x00017A0D,-415,nearby,vfx_lamp01c_018_1,vfx_or_scene_def
29,owner_window,13,Ul'dah,All Saints/Halloween city decor,hw9,time_bg_hw9,wil_w0_twn01,97196,0x00017BAC,96799,0x00017A1F,-397,nearby,vfx_lamp01c_018_2,vfx_or_scene_def
29,owner_window,14,Ul'dah,All Saints/Halloween city decor,hw9,time_bg_hw9,wil_w0_twn01,97196,0x00017BAC,96817,0x00017A31,-379,nearby,vfx_lamp01c_018_3,vfx_or_scene_def
29,owner_window,15,Ul'dah,All Saints/Halloween city decor,hw9,time_bg_hw9,wil_w0_twn01,97196,0x00017BAC,96835,0x00017A43,-361,nearby,vfx_lamp01c_018_4,vfx_or_scene_def
29,owner_window,16,Ul'dah,All Saints/Halloween city decor,hw9,time_bg_hw9,wil_w0_twn01,97196,0x00017BAC,96920,0x00017A98,-276,other_isgrp,isgrp_004275,scheduler_group
29,owner_window,17,Ul'dah,All Saints/Halloween city decor,hw9,time_bg_hw9,wil_w0_twn01,97196,0x00017BAC,96933,0x00017AA5,-263,other_isgrp,isgrp_004277,scheduler_group
29,owner_window,18,Ul'dah,All Saints/Halloween city decor,hw9,time_bg_hw9,wil_w0_twn01,97196,0x00017BAC,96946,0x00017AB2,-250,other_isgrp,isgrp_004279,scheduler_group
29,owner_window,19,Ul'dah,All Saints/Halloween city decor,hw9,time_bg_hw9,wil_w0_twn01,97196,0x00017BAC,96959,0x00017ABF,-237,nearby,Bk_isgrp_000745-012,interesting
29,owner_window,20,Ul'dah,All Saints/Halloween city decor,hw9,time_bg_hw9,wil_w0_twn01,97196,0x00017BAC,96979,0x00017AD3,-217,other_isgrp,isgrp_004280,scheduler_group
29,owner_window,21,Ul'dah,All Saints/Halloween city decor,hw9,time_bg_hw9,wil_w0_twn01,97196,0x00017BAC,96992,0x00017AE0,-204,other_isgrp,isgrp_004281,scheduler_group
29,owner_window,22,Ul'dah,All Saints/Halloween city decor,hw9,time_bg_hw9,wil_w0_twn01,97196,0x00017BAC,97005,0x00017AED,-191,nearby,Bk_isgrp_000745-013,interesting
29,owner_window,23,Ul'dah,All Saints/Halloween city decor,hw9,time_bg_hw9,wil_w0_twn01,97196,0x00017BAC,97025,0x00017B01,-171,other_isgrp,isgrp_004282,scheduler_group
29,owner_window,24,Ul'dah,All Saints/Halloween city decor,hw9,time_bg_hw9,wil_w0_twn01,97196,0x00017BAC,97038,0x00017B0E,-158,other_isgrp,isgrp_004283,scheduler_group
29,owner_window,25,Ul'dah,All Saints/Halloween city decor,hw9,time_bg_hw9,wil_w0_twn01,97196,0x00017BAC,97051,0x00017B1B,-145,other_sgrp,sgrp_tutrl01,scheduler_group
29,owner_window,26,Ul'dah,All Saints/Halloween city decor,hw9,time_bg_hw9,wil_w0_twn01,97196,0x00017BAC,97183,0x00017B9F,-13,other_isgrp,isgrp_004287,scheduler_group
29,owner_window,27,Ul'dah,All Saints/Halloween city decor,hw9,time_bg_hw9,wil_w0_twn01,97196,0x00017BAC,97196,0x00017BAC,0,owner_isgrp,isgrp_004289,scheduler_group
29,owner_window,28,Ul'dah,All Saints/Halloween city decor,hw9,time_bg_hw9,wil_w0_twn01,97196,0x00017BAC,97209,0x00017BB9,13,other_sgrp,sgrp_0569,scheduler_group
29,owner_window,29,Ul'dah,All Saints/Halloween city decor,hw9,time_bg_hw9,wil_w0_twn01,97196,0x00017BAC,97264,0x00017BF0,68,other_isgrp,isgrp_004296,scheduler_group
29,owner_window,30,Ul'dah,All Saints/Halloween city decor,hw9,time_bg_hw9,wil_w0_twn01,97196,0x00017BAC,97277,0x00017BFD,81,nearby,Bk_isgrp_000621-013,interesting
29,owner_window,31,Ul'dah,All Saints/Halloween city decor,hw9,time_bg_hw9,wil_w0_twn01,97196,0x00017BAC,97297,0x00017C11,101,other_isgrp,isgrp_004300,scheduler_group
29,owner_window,32,Ul'dah,All Saints/Halloween city decor,hw9,time_bg_hw9,wil_w0_twn01,97196,0x00017BAC,97310,0x00017C1E,114,other_isgrp,isgrp_004308,scheduler_group
29,owner_window,33,Ul'dah,All Saints/Halloween city decor,hw9,time_bg_hw9,wil_w0_twn01,97196,0x00017BAC,97323,0x00017C2B,127,other_sgrp,sgrp_tutrl02,scheduler_group
29,owner_window,34,Ul'dah,All Saints/Halloween city decor,hw9,time_bg_hw9,wil_w0_twn01,97196,0x00017BAC,97345,0x00017C41,149,other_isgrp,isgrp_004311,scheduler_group
29,owner_window,35,Ul'dah,All Saints/Halloween city decor,hw9,time_bg_hw9,wil_w0_twn01,97196,0x00017BAC,97358,0x00017C4E,162,other_isgrp,isgrp_004312,scheduler_group
29,owner_window,36,Ul'dah,All Saints/Halloween city decor,hw9,time_bg_hw9,wil_w0_twn01,97196,0x00017BAC,97371,0x00017C5B,175,other_isgrp,isgrp_004313,scheduler_group
29,owner_window,37,Ul'dah,All Saints/Halloween city decor,hw9,time_bg_hw9,wil_w0_twn01,97196,0x00017BAC,97384,0x00017C68,188,other_sgrp,sgrp_w0t0_h0_hlw1s_h,scheduler_group
29,owner_window,38,Ul'dah,All Saints/Halloween city decor,hw9,time_bg_hw9,wil_w0_twn01,97196,0x00017BAC,97405,0x00017C7D,209,nearby,w0t0_h0_hlw1s_h_001,interesting
29,owner_window,39,Ul'dah,All Saints/Halloween city decor,hw9,time_bg_hw9,wil_w0_twn01,97196,0x00017BAC,97425,0x00017C91,229,other_sgrp,sgrp_w0t0_h0_hlw2m_h,scheduler_group
29,owner_window,40,Ul'dah,All Saints/Halloween city decor,hw9,time_bg_hw9,wil_w0_twn01,97196,0x00017BAC,97446,0x00017CA6,250,nearby,w0t0_h0_hlw2m_h_001,interesting
29,owner_window,41,Ul'dah,All Saints/Halloween city decor,hw9,time_bg_hw9,wil_w0_twn01,97196,0x00017BAC,97466,0x00017CBA,270,other_sgrp,sgrp_w0t0_h0_hlw3l_h,scheduler_group
29,owner_window,42,Ul'dah,All Saints/Halloween city decor,hw9,time_bg_hw9,wil_w0_twn01,97196,0x00017BAC,97487,0x00017CCF,291,nearby,w0t0_h0_hlw3l_h_001,interesting
29,owner_window,43,Ul'dah,All Saints/Halloween city decor,hw9,time_bg_hw9,wil_w0_twn01,97196,0x00017BAC,97507,0x00017CE3,311,other_sgrp,sgrp_w0t0_h0_hlw4l_h,scheduler_group
29,owner_window,44,Ul'dah,All Saints/Halloween city decor,hw9,time_bg_hw9,wil_w0_twn01,97196,0x00017BAC,97528,0x00017CF8,332,nearby,w0t0_h0_hlw4l_h_001,interesting
29,owner_window,45,Ul'dah,All Saints/Halloween city decor,hw9,time_bg_hw9,wil_w0_twn01,97196,0x00017BAC,97548,0x00017D0C,352,other_sgrp,sgrp_w0t0_h0_hlw5bg_h,scheduler_group
29,owner_window,46,Ul'dah,All Saints/Halloween city decor,hw9,time_bg_hw9,wil_w0_twn01,97196,0x00017BAC,97570,0x00017D22,374,nearby,w0t0_h0_hlw5bg_h_001,interesting
29,owner_window,47,Ul'dah,All Saints/Halloween city decor,hw9,time_bg_hw9,wil_w0_twn01,97196,0x00017BAC,97591,0x00017D37,395,other_sgrp,sgrp_w0t0_h0_hlw6k_h,scheduler_group
29,owner_window,48,Ul'dah,All Saints/Halloween city decor,hw9,time_bg_hw9,wil_w0_twn01,97196,0x00017BAC,97612,0x00017D4C,416,nearby,w0t0_h0_hlw6k_h_001,interesting
29,owner_window,49,Ul'dah,All Saints/Halloween city decor,hw9,time_bg_hw9,wil_w0_twn01,97196,0x00017BAC,97632,0x00017D60,436,other_sgrp,sgrp_w0t0_h0_hlw7t_h,scheduler_group
29,owner_window,50,Ul'dah,All Saints/Halloween city decor,hw9,time_bg_hw9,wil_w0_twn01,97196,0x00017BAC,97653,0x00017D75,457,nearby,w0t0_h0_hlw7t_h_001,interesting
29,owner_window,51,Ul'dah,All Saints/Halloween city decor,hw9,time_bg_hw9,wil_w0_twn01,97196,0x00017BAC,97673,0x00017D89,477,other_sgrp,sgrp_w0t0_h0_hlw8_sp,scheduler_group
29,owner_window,52,Ul'dah,All Saints/Halloween city decor,hw9,time_bg_hw9,wil_w0_twn01,97196,0x00017BAC,97694,0x00017D9E,498,nearby,w0t0_h0_hlw8_sp_001,interesting
29,owner_window,53,Ul'dah,All Saints/Halloween city decor,hw9,time_bg_hw9,wil_w0_twn01,97196,0x00017BAC,97714,0x00017DB2,518,matched_group,sgrp_w0t0_h0_hlw9_sp,scheduler_group
29,owner_window,54,Ul'dah,All Saints/Halloween city decor,hw9,time_bg_hw9,wil_w0_twn01,97196,0x00017BAC,97735,0x00017DC7,539,nearby,w0t0_h0_hlw9_sp_001,interesting
29,owner_window,55,Ul'dah,All Saints/Halloween city decor,hw9,time_bg_hw9,wil_w0_twn01,97196,0x00017BAC,97755,0x00017DDB,559,other_isgrp,isgrp_004315,scheduler_group
29,owner_window,56,Ul'dah,All Saints/Halloween city decor,hw9,time_bg_hw9,wil_w0_twn01,97196,0x00017BAC,97768,0x00017DE8,572,other_isgrp,isgrp_004316,scheduler_group
29,owner_window,57,Ul'dah,All Saints/Halloween city decor,hw9,time_bg_hw9,wil_w0_twn01,97196,0x00017BAC,97781,0x00017DF5,585,other_isgrp,isgrp_004317,scheduler_group
29,owner_window,58,Ul'dah,All Saints/Halloween city decor,hw9,time_bg_hw9,wil_w0_twn01,97196,0x00017BAC,97794,0x00017E02,598,other_isgrp,isgrp_004318,scheduler_group
29,owner_window,59,Ul'dah,All Saints/Halloween city decor,hw9,time_bg_hw9,wil_w0_twn01,97196,0x00017BAC,97807,0x00017E0F,611,other_isgrp,isgrp_004320,scheduler_group
29,owner_window,60,Ul'dah,All Saints/Halloween city decor,hw9,time_bg_hw9,wil_w0_twn01,97196,0x00017BAC,97820,0x00017E1C,624,other_isgrp,isgrp_004321,scheduler_group
29,owner_window,61,Ul'dah,All Saints/Halloween city decor,hw9,time_bg_hw9,wil_w0_twn01,97196,0x00017BAC,97833,0x00017E29,637,other_isgrp,isgrp_004322,scheduler_group
29,owner_window,62,Ul'dah,All Saints/Halloween city decor,hw9,time_bg_hw9,wil_w0_twn01,97196,0x00017BAC,97846,0x00017E36,650,other_isgrp,isgrp_004324,scheduler_group
29,owner_window,63,Ul'dah,All Saints/Halloween city decor,hw9,time_bg_hw9,wil_w0_twn01,97196,0x00017BAC,97859,0x00017E43,663,other_isgrp,isgrp_004325,scheduler_group
29,owner_window,64,Ul'dah,All Saints/Halloween city decor,hw9,time_bg_hw9,wil_w0_twn01,97196,0x00017BAC,97872,0x00017E50,676,other_isgrp,isgrp_004326,scheduler_group
29,owner_window,65,Ul'dah,All Saints/Halloween city decor,hw9,time_bg_hw9,wil_w0_twn01,97196,0x00017BAC,97885,0x00017E5D,689,other_sgrp,sgrp_w0t0_h0_hlw0p_h,scheduler_group
29,owner_window,66,Ul'dah,All Saints/Halloween city decor,hw9,time_bg_hw9,wil_w0_twn01,97196,0x00017BAC,97906,0x00017E72,710,nearby,w0t0_h0_hlw0p_h_001,interesting
29,owner_window,67,Ul'dah,All Saints/Halloween city decor,hw9,time_bg_hw9,wil_w0_twn01,97196,0x00017BAC,97926,0x00017E86,730,other_isgrp,isgrp_004328,scheduler_group
29,owner_window,68,Ul'dah,All Saints/Halloween city decor,hw9,time_bg_hw9,wil_w0_twn01,97196,0x00017BAC,97939,0x00017E93,743,other_isgrp,isgrp_004329,scheduler_group
29,owner_window,69,Ul'dah,All Saints/Halloween city decor,hw9,time_bg_hw9,wil_w0_twn01,97196,0x00017BAC,97952,0x00017EA0,756,other_isgrp,isgrp_004330,scheduler_group
35,family_window,1,Gridania,City flag/decor,flag1,time_bg_flag1,fst_f0_twn01,124041,0x0001E489,123298,0x0001E1A2,-743,other_sgrp,sgrp_f0t0_z0_wrk2i_h,scheduler_group
35,family_window,2,Gridania,City flag/decor,flag1,time_bg_flag1,fst_f0_twn01,124041,0x0001E489,123339,0x0001E1CB,-702,other_sgrp,sgrp_bg_t1_door_e1,scheduler_group
35,family_window,3,Gridania,City flag/decor,flag1,time_bg_flag1,fst_f0_twn01,124041,0x0001E489,123358,0x0001E1DE,-683,other_isgrp,isgrp_003314,scheduler_group
35,family_window,4,Gridania,City flag/decor,flag1,time_bg_flag1,fst_f0_twn01,124041,0x0001E489,123371,0x0001E1EB,-670,other_isgrp,isgrp_000041,scheduler_group
35,family_window,5,Gridania,City flag/decor,flag1,time_bg_flag1,fst_f0_twn01,124041,0x0001E489,123384,0x0001E1F8,-657,other_sgrp,sgrp_0574,scheduler_group
35,family_window,6,Gridania,City flag/decor,flag1,time_bg_flag1,fst_f0_twn01,124041,0x0001E489,123399,0x0001E207,-642,other_sgrp,sgrp_0575,scheduler_group
35,family_window,7,Gridania,City flag/decor,flag1,time_bg_flag1,fst_f0_twn01,124041,0x0001E489,123414,0x0001E216,-627,other_sgrp,sgrp_0576,scheduler_group
35,family_window,8,Gridania,City flag/decor,flag1,time_bg_flag1,fst_f0_twn01,124041,0x0001E489,123429,0x0001E225,-612,other_sgrp,sgrp_0577,scheduler_group
35,family_window,9,Gridania,City flag/decor,flag1,time_bg_flag1,fst_f0_twn01,124041,0x0001E489,123444,0x0001E234,-597,other_isgrp,isgrp_003322,scheduler_group
35,family_window,10,Gridania,City flag/decor,flag1,time_bg_flag1,fst_f0_twn01,124041,0x0001E489,123457,0x0001E241,-584,other_isgrp,isgrp_003324,scheduler_group
35,family_window,11,Gridania,City flag/decor,flag1,time_bg_flag1,fst_f0_twn01,124041,0x0001E489,123470,0x0001E24E,-571,other_sgrp,sgrp_f0t0_a0_gate3_h,scheduler_group
35,family_window,12,Gridania,City flag/decor,flag1,time_bg_flag1,fst_f0_twn01,124041,0x0001E489,123536,0x0001E290,-505,other_sgrp,sgrp_f0t0_a0_gate1_h,scheduler_group
35,family_window,13,Gridania,City flag/decor,flag1,time_bg_flag1,fst_f0_twn01,124041,0x0001E489,123602,0x0001E2D2,-439,other_sgrp,sgrp_f0t0_a0_bkt10_h,scheduler_group
35,family_window,14,Gridania,City flag/decor,flag1,time_bg_flag1,fst_f0_twn01,124041,0x0001E489,123643,0x0001E2FB,-398,other_sgrp,sgrp_f0t0_a0_gcflag0_h,scheduler_group
35,family_window,15,Gridania,City flag/decor,flag1,time_bg_flag1,fst_f0_twn01,124041,0x0001E489,123666,0x0001E312,-375,nearby,f0t0_a0_gcflag0_h_001,flag_or_decor_group
35,family_window,16,Gridania,City flag/decor,flag1,time_bg_flag1,fst_f0_twn01,124041,0x0001E489,123688,0x0001E328,-353,nearby,attr_f0t0_a0_gcflag0_i_002,flag_or_decor_group
35,family_window,17,Gridania,City flag/decor,flag1,time_bg_flag1,fst_f0_twn01,124041,0x0001E489,123715,0x0001E343,-326,same_family_sgrp,sgrp_f0t0_a0_gcflag1_h,scheduler_group
35,family_window,18,Gridania,City flag/decor,flag1,time_bg_flag1,fst_f0_twn01,124041,0x0001E489,123738,0x0001E35A,-303,same_family_mesh_or_attr,f0t0_a0_gcflag1_h_001,flag_or_decor_group
35,family_window,19,Gridania,City flag/decor,flag1,time_bg_flag1,fst_f0_twn01,124041,0x0001E489,123760,0x0001E370,-281,other_sgrp,sgrp_f0t0_a0_gcflag2_h,scheduler_group
35,family_window,20,Gridania,City flag/decor,flag1,time_bg_flag1,fst_f0_twn01,124041,0x0001E489,123783,0x0001E387,-258,nearby,f0t0_a0_gcflag2_h_001,flag_or_decor_group
35,family_window,21,Gridania,City flag/decor,flag1,time_bg_flag1,fst_f0_twn01,124041,0x0001E489,123805,0x0001E39D,-236,other_sgrp,sgrp_f0t0_a0_gcflag3_h,scheduler_group
35,family_window,22,Gridania,City flag/decor,flag1,time_bg_flag1,fst_f0_twn01,124041,0x0001E489,123828,0x0001E3B4,-213,nearby,f0t0_a0_gcflag3_h_001,flag_or_decor_group
35,family_window,23,Gridania,City flag/decor,flag1,time_bg_flag1,fst_f0_twn01,124041,0x0001E489,123850,0x0001E3CA,-191,nearby,attr_f0t0_a0_gcflag3_i_002,flag_or_decor_group
35,family_window,24,Gridania,City flag/decor,flag1,time_bg_flag1,fst_f0_twn01,124041,0x0001E489,123877,0x0001E3E5,-164,other_sgrp,sgrp_f0t0_a0_gcflag4_h,scheduler_group
35,family_window,25,Gridania,City flag/decor,flag1,time_bg_flag1,fst_f0_twn01,124041,0x0001E489,123900,0x0001E3FC,-141,nearby,f0t0_a0_gcflag4_h_001,flag_or_decor_group
35,family_window,26,Gridania,City flag/decor,flag1,time_bg_flag1,fst_f0_twn01,124041,0x0001E489,123922,0x0001E412,-119,other_sgrp,sgrp_f0t0_a0_gatflag0_h,scheduler_group
35,family_window,27,Gridania,City flag/decor,flag1,time_bg_flag1,fst_f0_twn01,124041,0x0001E489,123946,0x0001E42A,-95,nearby,f0t0_a0_gatflag0_h_001,flag_or_decor_group
35,family_window,28,Gridania,City flag/decor,flag1,time_bg_flag1,fst_f0_twn01,124041,0x0001E489,123969,0x0001E441,-72,other_sgrp,sgrp_f0t0_a0_gatpol0_h,scheduler_group
35,family_window,29,Gridania,City flag/decor,flag1,time_bg_flag1,fst_f0_twn01,124041,0x0001E489,124041,0x0001E489,0,same_family_sgrp,sgrp_f0t0_a0_gatflag1_h,scheduler_group
35,family_window,30,Gridania,City flag/decor,flag1,time_bg_flag1,fst_f0_twn01,124041,0x0001E489,124065,0x0001E4A1,24,same_family_mesh_or_attr,f0t0_a0_gatflag1_h_001,flag_or_decor_group
35,family_window,31,Gridania,City flag/decor,flag1,time_bg_flag1,fst_f0_twn01,124041,0x0001E489,124088,0x0001E4B8,47,other_sgrp,sgrp_sgrp_f0t0_a0_gcflag0_h1,scheduler_group
35,family_window,32,Gridania,City flag/decor,flag1,time_bg_flag1,fst_f0_twn01,124041,0x0001E489,124117,0x0001E4D5,76,nearby,f0t0_a0_gcflag0_h_1_001,flag_or_decor_group
35,family_window,33,Gridania,City flag/decor,flag1,time_bg_flag1,fst_f0_twn01,124041,0x0001E489,124141,0x0001E4ED,100,same_family,f0t0_a0_gcflag1_h_1_002,flag_or_decor_group
35,family_window,34,Gridania,City flag/decor,flag1,time_bg_flag1,fst_f0_twn01,124041,0x0001E489,124192,0x0001E520,151,other_isgrp,isgrp_003335,scheduler_group
35,family_window,35,Gridania,City flag/decor,flag1,time_bg_flag1,fst_f0_twn01,124041,0x0001E489,124205,0x0001E52D,164,other_isgrp,isgrp_003336,scheduler_group
35,family_window,36,Gridania,City flag/decor,flag1,time_bg_flag1,fst_f0_twn01,124041,0x0001E489,124218,0x0001E53A,177,other_isgrp,isgrp_003337,scheduler_group
35,family_window,37,Gridania,City flag/decor,flag1,time_bg_flag1,fst_f0_twn01,124041,0x0001E489,124231,0x0001E547,190,other_isgrp,isgrp_003340,scheduler_group
35,family_window,38,Gridania,City flag/decor,flag1,time_bg_flag1,fst_f0_twn01,124041,0x0001E489,124244,0x0001E554,203,other_isgrp,isgrp_003357,scheduler_group
35,family_window,39,Gridania,City flag/decor,flag1,time_bg_flag1,fst_f0_twn01,124041,0x0001E489,124257,0x0001E561,216,nearby,Bk_isgrp_0193-002,interesting
35,family_window,40,Gridania,City flag/decor,flag1,time_bg_flag1,fst_f0_twn01,124041,0x0001E489,124275,0x0001E573,234,other_isgrp,isgrp_003358,scheduler_group
35,family_window,41,Gridania,City flag/decor,flag1,time_bg_flag1,fst_f0_twn01,124041,0x0001E489,124288,0x0001E580,247,other_isgrp,isgrp_003359,scheduler_group
35,family_window,42,Gridania,City flag/decor,flag1,time_bg_flag1,fst_f0_twn01,124041,0x0001E489,124301,0x0001E58D,260,other_isgrp,isgrp_003360,scheduler_group
35,family_window,43,Gridania,City flag/decor,flag1,time_bg_flag1,fst_f0_twn01,124041,0x0001E489,124314,0x0001E59A,273,other_isgrp,isgrp_003361,scheduler_group
35,family_window,44,Gridania,City flag/decor,flag1,time_bg_flag1,fst_f0_twn01,124041,0x0001E489,124327,0x0001E5A7,286,other_isgrp,isgrp_003362,scheduler_group
35,family_window,45,Gridania,City flag/decor,flag1,time_bg_flag1,fst_f0_twn01,124041,0x0001E489,124340,0x0001E5B4,299,other_isgrp,isgrp_003380,scheduler_group
35,family_window,46,Gridania,City flag/decor,flag1,time_bg_flag1,fst_f0_twn01,124041,0x0001E489,124353,0x0001E5C1,312,other_isgrp,isgrp_003381,scheduler_group
35,family_window,47,Gridania,City flag/decor,flag1,time_bg_flag1,fst_f0_twn01,124041,0x0001E489,124366,0x0001E5CE,325,other_isgrp,isgrp_003382,scheduler_group
35,family_window,48,Gridania,City flag/decor,flag1,time_bg_flag1,fst_f0_twn01,124041,0x0001E489,124379,0x0001E5DB,338,other_isgrp,isgrp_003383,scheduler_group
35,family_window,49,Gridania,City flag/decor,flag1,time_bg_flag1,fst_f0_twn01,124041,0x0001E489,124392,0x0001E5E8,351,other_sgrp,sgrp_f0t0_t0_set1_h,scheduler_group
35,family_window,50,Gridania,City flag/decor,flag1,time_bg_flag1,fst_f0_twn01,124041,0x0001E489,124511,0x0001E65F,470,other_isgrp,isgrp_003384,scheduler_group
35,family_window,51,Gridania,City flag/decor,flag1,time_bg_flag1,fst_f0_twn01,124041,0x0001E489,124524,0x0001E66C,483,other_sgrp,sgrp_sip0,scheduler_group
35,family_window,52,Gridania,City flag/decor,flag1,time_bg_flag1,fst_f0_twn01,124041,0x0001E489,124573,0x0001E69D,532,other_sgrp,sgrp_siplamp0,scheduler_group
35,family_window,53,Gridania,City flag/decor,flag1,time_bg_flag1,fst_f0_twn01,124041,0x0001E489,124595,0x0001E6B3,554,other_isgrp,isgrp_003392,scheduler_group
35,family_window,54,Gridania,City flag/decor,flag1,time_bg_flag1,fst_f0_twn01,124041,0x0001E489,124608,0x0001E6C0,567,other_sgrp,sgrp_f0t0_a0_hlw1a_h,scheduler_group
35,family_window,55,Gridania,City flag/decor,flag1,time_bg_flag1,fst_f0_twn01,124041,0x0001E489,124629,0x0001E6D5,588,nearby,f0t0_a0_hlw1a_h_001,interesting
35,family_window,56,Gridania,City flag/decor,flag1,time_bg_flag1,fst_f0_twn01,124041,0x0001E489,124649,0x0001E6E9,608,other_sgrp,sgrp_f0t0_a0_hlw1b_h,scheduler_group
35,family_window,57,Gridania,City flag/decor,flag1,time_bg_flag1,fst_f0_twn01,124041,0x0001E489,124670,0x0001E6FE,629,nearby,f0t0_a0_hlw1b_h_001,interesting
35,family_window,58,Gridania,City flag/decor,flag1,time_bg_flag1,fst_f0_twn01,124041,0x0001E489,124690,0x0001E712,649,other_sgrp,sgrp_f0t0_a0_hlw1c_h,scheduler_group
35,family_window,59,Gridania,City flag/decor,flag1,time_bg_flag1,fst_f0_twn01,124041,0x0001E489,124711,0x0001E727,670,nearby,f0t0_a0_hlw1c_h_001,interesting
35,family_window,60,Gridania,City flag/decor,flag1,time_bg_flag1,fst_f0_twn01,124041,0x0001E489,124731,0x0001E73B,690,other_sgrp,sgrp_f0t0_a0_hlw1d_h,scheduler_group
35,family_window,61,Gridania,City flag/decor,flag1,time_bg_flag1,fst_f0_twn01,124041,0x0001E489,124752,0x0001E750,711,nearby,f0t0_a0_hlw1d_h_001,interesting
35,family_window,62,Gridania,City flag/decor,flag1,time_bg_flag1,fst_f0_twn01,124041,0x0001E489,124772,0x0001E764,731,other_sgrp,sgrp_f0t0_a0_hlw1e_h,scheduler_group
35,family_window,63,Gridania,City flag/decor,flag1,time_bg_flag1,fst_f0_twn01,124041,0x0001E489,124793,0x0001E779,752,nearby,f0t0_a0_hlw1e_h_001,interesting
36,family_window,1,Gridania,City flag/decor,flag0,time_bg_flag0,fst_f0_twn01,123922,0x0001E412,123175,0x0001E127,-747,other_sgrp,sgrp_f0t0_z0_mokui_h,scheduler_group
36,family_window,2,Gridania,City flag/decor,flag0,time_bg_flag0,fst_f0_twn01,123922,0x0001E412,123216,0x0001E150,-706,other_sgrp,sgrp_f0t0_z0_shopi_h,scheduler_group
36,family_window,3,Gridania,City flag/decor,flag0,time_bg_flag0,fst_f0_twn01,123922,0x0001E412,123257,0x0001E179,-665,other_sgrp,sgrp_f0t0_z0_wrk1i_h,scheduler_group
36,family_window,4,Gridania,City flag/decor,flag0,time_bg_flag0,fst_f0_twn01,123922,0x0001E412,123298,0x0001E1A2,-624,other_sgrp,sgrp_f0t0_z0_wrk2i_h,scheduler_group
36,family_window,5,Gridania,City flag/decor,flag0,time_bg_flag0,fst_f0_twn01,123922,0x0001E412,123339,0x0001E1CB,-583,other_sgrp,sgrp_bg_t1_door_e1,scheduler_group
36,family_window,6,Gridania,City flag/decor,flag0,time_bg_flag0,fst_f0_twn01,123922,0x0001E412,123358,0x0001E1DE,-564,other_isgrp,isgrp_003314,scheduler_group
36,family_window,7,Gridania,City flag/decor,flag0,time_bg_flag0,fst_f0_twn01,123922,0x0001E412,123371,0x0001E1EB,-551,other_isgrp,isgrp_000041,scheduler_group
36,family_window,8,Gridania,City flag/decor,flag0,time_bg_flag0,fst_f0_twn01,123922,0x0001E412,123384,0x0001E1F8,-538,other_sgrp,sgrp_0574,scheduler_group
36,family_window,9,Gridania,City flag/decor,flag0,time_bg_flag0,fst_f0_twn01,123922,0x0001E412,123399,0x0001E207,-523,other_sgrp,sgrp_0575,scheduler_group
36,family_window,10,Gridania,City flag/decor,flag0,time_bg_flag0,fst_f0_twn01,123922,0x0001E412,123414,0x0001E216,-508,other_sgrp,sgrp_0576,scheduler_group
36,family_window,11,Gridania,City flag/decor,flag0,time_bg_flag0,fst_f0_twn01,123922,0x0001E412,123429,0x0001E225,-493,other_sgrp,sgrp_0577,scheduler_group
36,family_window,12,Gridania,City flag/decor,flag0,time_bg_flag0,fst_f0_twn01,123922,0x0001E412,123444,0x0001E234,-478,other_isgrp,isgrp_003322,scheduler_group
36,family_window,13,Gridania,City flag/decor,flag0,time_bg_flag0,fst_f0_twn01,123922,0x0001E412,123457,0x0001E241,-465,other_isgrp,isgrp_003324,scheduler_group
36,family_window,14,Gridania,City flag/decor,flag0,time_bg_flag0,fst_f0_twn01,123922,0x0001E412,123470,0x0001E24E,-452,other_sgrp,sgrp_f0t0_a0_gate3_h,scheduler_group
36,family_window,15,Gridania,City flag/decor,flag0,time_bg_flag0,fst_f0_twn01,123922,0x0001E412,123536,0x0001E290,-386,other_sgrp,sgrp_f0t0_a0_gate1_h,scheduler_group
36,family_window,16,Gridania,City flag/decor,flag0,time_bg_flag0,fst_f0_twn01,123922,0x0001E412,123602,0x0001E2D2,-320,other_sgrp,sgrp_f0t0_a0_bkt10_h,scheduler_group
36,family_window,17,Gridania,City flag/decor,flag0,time_bg_flag0,fst_f0_twn01,123922,0x0001E412,123643,0x0001E2FB,-279,same_family_sgrp,sgrp_f0t0_a0_gcflag0_h,scheduler_group
36,family_window,18,Gridania,City flag/decor,flag0,time_bg_flag0,fst_f0_twn01,123922,0x0001E412,123666,0x0001E312,-256,same_family_mesh_or_attr,f0t0_a0_gcflag0_h_001,flag_or_decor_group
36,family_window,19,Gridania,City flag/decor,flag0,time_bg_flag0,fst_f0_twn01,123922,0x0001E412,123688,0x0001E328,-234,same_family_mesh_or_attr,attr_f0t0_a0_gcflag0_i_002,flag_or_decor_group
36,family_window,20,Gridania,City flag/decor,flag0,time_bg_flag0,fst_f0_twn01,123922,0x0001E412,123715,0x0001E343,-207,other_sgrp,sgrp_f0t0_a0_gcflag1_h,scheduler_group
36,family_window,21,Gridania,City flag/decor,flag0,time_bg_flag0,fst_f0_twn01,123922,0x0001E412,123738,0x0001E35A,-184,nearby,f0t0_a0_gcflag1_h_001,flag_or_decor_group
36,family_window,22,Gridania,City flag/decor,flag0,time_bg_flag0,fst_f0_twn01,123922,0x0001E412,123760,0x0001E370,-162,other_sgrp,sgrp_f0t0_a0_gcflag2_h,scheduler_group
36,family_window,23,Gridania,City flag/decor,flag0,time_bg_flag0,fst_f0_twn01,123922,0x0001E412,123783,0x0001E387,-139,nearby,f0t0_a0_gcflag2_h_001,flag_or_decor_group
36,family_window,24,Gridania,City flag/decor,flag0,time_bg_flag0,fst_f0_twn01,123922,0x0001E412,123805,0x0001E39D,-117,other_sgrp,sgrp_f0t0_a0_gcflag3_h,scheduler_group
36,family_window,25,Gridania,City flag/decor,flag0,time_bg_flag0,fst_f0_twn01,123922,0x0001E412,123828,0x0001E3B4,-94,nearby,f0t0_a0_gcflag3_h_001,flag_or_decor_group
36,family_window,26,Gridania,City flag/decor,flag0,time_bg_flag0,fst_f0_twn01,123922,0x0001E412,123850,0x0001E3CA,-72,nearby,attr_f0t0_a0_gcflag3_i_002,flag_or_decor_group
36,family_window,27,Gridania,City flag/decor,flag0,time_bg_flag0,fst_f0_twn01,123922,0x0001E412,123877,0x0001E3E5,-45,other_sgrp,sgrp_f0t0_a0_gcflag4_h,scheduler_group
36,family_window,28,Gridania,City flag/decor,flag0,time_bg_flag0,fst_f0_twn01,123922,0x0001E412,123900,0x0001E3FC,-22,center_neighbor,f0t0_a0_gcflag4_h_001,flag_or_decor_group
36,family_window,29,Gridania,City flag/decor,flag0,time_bg_flag0,fst_f0_twn01,123922,0x0001E412,123922,0x0001E412,0,same_family_sgrp,sgrp_f0t0_a0_gatflag0_h,scheduler_group
36,family_window,30,Gridania,City flag/decor,flag0,time_bg_flag0,fst_f0_twn01,123922,0x0001E412,123946,0x0001E42A,24,same_family_mesh_or_attr,f0t0_a0_gatflag0_h_001,flag_or_decor_group
36,family_window,31,Gridania,City flag/decor,flag0,time_bg_flag0,fst_f0_twn01,123922,0x0001E412,123969,0x0001E441,47,other_sgrp,sgrp_f0t0_a0_gatpol0_h,scheduler_group
36,family_window,32,Gridania,City flag/decor,flag0,time_bg_flag0,fst_f0_twn01,123922,0x0001E412,124041,0x0001E489,119,other_sgrp,sgrp_f0t0_a0_gatflag1_h,scheduler_group
36,family_window,33,Gridania,City flag/decor,flag0,time_bg_flag0,fst_f0_twn01,123922,0x0001E412,124065,0x0001E4A1,143,nearby,f0t0_a0_gatflag1_h_001,flag_or_decor_group
36,family_window,34,Gridania,City flag/decor,flag0,time_bg_flag0,fst_f0_twn01,123922,0x0001E412,124088,0x0001E4B8,166,same_family_sgrp,sgrp_sgrp_f0t0_a0_gcflag0_h1,scheduler_group
36,family_window,35,Gridania,City flag/decor,flag0,time_bg_flag0,fst_f0_twn01,123922,0x0001E412,124117,0x0001E4D5,195,same_family_mesh_or_attr,f0t0_a0_gcflag0_h_1_001,flag_or_decor_group
36,family_window,36,Gridania,City flag/decor,flag0,time_bg_flag0,fst_f0_twn01,123922,0x0001E412,124141,0x0001E4ED,219,nearby,f0t0_a0_gcflag1_h_1_002,flag_or_decor_group
36,family_window,37,Gridania,City flag/decor,flag0,time_bg_flag0,fst_f0_twn01,123922,0x0001E412,124192,0x0001E520,270,other_isgrp,isgrp_003335,scheduler_group
36,family_window,38,Gridania,City flag/decor,flag0,time_bg_flag0,fst_f0_twn01,123922,0x0001E412,124205,0x0001E52D,283,other_isgrp,isgrp_003336,scheduler_group
36,family_window,39,Gridania,City flag/decor,flag0,time_bg_flag0,fst_f0_twn01,123922,0x0001E412,124218,0x0001E53A,296,other_isgrp,isgrp_003337,scheduler_group
36,family_window,40,Gridania,City flag/decor,flag0,time_bg_flag0,fst_f0_twn01,123922,0x0001E412,124231,0x0001E547,309,other_isgrp,isgrp_003340,scheduler_group
36,family_window,41,Gridania,City flag/decor,flag0,time_bg_flag0,fst_f0_twn01,123922,0x0001E412,124244,0x0001E554,322,other_isgrp,isgrp_003357,scheduler_group
36,family_window,42,Gridania,City flag/decor,flag0,time_bg_flag0,fst_f0_twn01,123922,0x0001E412,124257,0x0001E561,335,nearby,Bk_isgrp_0193-002,interesting
36,family_window,43,Gridania,City flag/decor,flag0,time_bg_flag0,fst_f0_twn01,123922,0x0001E412,124275,0x0001E573,353,other_isgrp,isgrp_003358,scheduler_group
36,family_window,44,Gridania,City flag/decor,flag0,time_bg_flag0,fst_f0_twn01,123922,0x0001E412,124288,0x0001E580,366,other_isgrp,isgrp_003359,scheduler_group
36,family_window,45,Gridania,City flag/decor,flag0,time_bg_flag0,fst_f0_twn01,123922,0x0001E412,124301,0x0001E58D,379,other_isgrp,isgrp_003360,scheduler_group
36,family_window,46,Gridania,City flag/decor,flag0,time_bg_flag0,fst_f0_twn01,123922,0x0001E412,124314,0x0001E59A,392,other_isgrp,isgrp_003361,scheduler_group
36,family_window,47,Gridania,City flag/decor,flag0,time_bg_flag0,fst_f0_twn01,123922,0x0001E412,124327,0x0001E5A7,405,other_isgrp,isgrp_003362,scheduler_group
36,family_window,48,Gridania,City flag/decor,flag0,time_bg_flag0,fst_f0_twn01,123922,0x0001E412,124340,0x0001E5B4,418,other_isgrp,isgrp_003380,scheduler_group
36,family_window,49,Gridania,City flag/decor,flag0,time_bg_flag0,fst_f0_twn01,123922,0x0001E412,124353,0x0001E5C1,431,other_isgrp,isgrp_003381,scheduler_group
36,family_window,50,Gridania,City flag/decor,flag0,time_bg_flag0,fst_f0_twn01,123922,0x0001E412,124366,0x0001E5CE,444,other_isgrp,isgrp_003382,scheduler_group
36,family_window,51,Gridania,City flag/decor,flag0,time_bg_flag0,fst_f0_twn01,123922,0x0001E412,124379,0x0001E5DB,457,other_isgrp,isgrp_003383,scheduler_group
36,family_window,52,Gridania,City flag/decor,flag0,time_bg_flag0,fst_f0_twn01,123922,0x0001E412,124392,0x0001E5E8,470,other_sgrp,sgrp_f0t0_t0_set1_h,scheduler_group
36,family_window,53,Gridania,City flag/decor,flag0,time_bg_flag0,fst_f0_twn01,123922,0x0001E412,124511,0x0001E65F,589,other_isgrp,isgrp_003384,scheduler_group
36,family_window,54,Gridania,City flag/decor,flag0,time_bg_flag0,fst_f0_twn01,123922,0x0001E412,124524,0x0001E66C,602,other_sgrp,sgrp_sip0,scheduler_group
36,family_window,55,Gridania,City flag/decor,flag0,time_bg_flag0,fst_f0_twn01,123922,0x0001E412,124573,0x0001E69D,651,other_sgrp,sgrp_siplamp0,scheduler_group
36,family_window,56,Gridania,City flag/decor,flag0,time_bg_flag0,fst_f0_twn01,123922,0x0001E412,124595,0x0001E6B3,673,other_isgrp,isgrp_003392,scheduler_group
36,family_window,57,Gridania,City flag/decor,flag0,time_bg_flag0,fst_f0_twn01,123922,0x0001E412,124608,0x0001E6C0,686,other_sgrp,sgrp_f0t0_a0_hlw1a_h,scheduler_group
36,family_window,58,Gridania,City flag/decor,flag0,time_bg_flag0,fst_f0_twn01,123922,0x0001E412,124629,0x0001E6D5,707,nearby,f0t0_a0_hlw1a_h_001,interesting
36,family_window,59,Gridania,City flag/decor,flag0,time_bg_flag0,fst_f0_twn01,123922,0x0001E412,124649,0x0001E6E9,727,other_sgrp,sgrp_f0t0_a0_hlw1b_h,scheduler_group
36,family_window,60,Gridania,City flag/decor,flag0,time_bg_flag0,fst_f0_twn01,123922,0x0001E412,124670,0x0001E6FE,748,nearby,f0t0_a0_hlw1b_h_001,interesting
36,family_window,61,Gridania,City flag/decor,flag0,time_bg_flag0,fst_f0_twn01,123922,0x0001E412,124690,0x0001E712,768,other_sgrp,sgrp_f0t0_a0_hlw1c_h,scheduler_group
37,family_window,1,Gridania,City flag/decor,flag2,time_bg_flag2,fst_f0_twn01,193927,0x0002F587,193171,0x0002F293,-756,nearby,time_gmic_b1_rev1,time_scheduler
37,family_window,2,Gridania,City flag/decor,flag2,time_bg_flag2,fst_f0_twn01,193927,0x0002F587,193189,0x0002F2A5,-738,nearby,time_gmic_b1_stt2,time_scheduler
37,family_window,3,Gridania,City flag/decor,flag2,time_bg_flag2,fst_f0_twn01,193927,0x0002F587,193207,0x0002F2B7,-720,nearby,time_gmic_b1_rev2,time_scheduler
37,family_window,4,Gridania,City flag/decor,flag2,time_bg_flag2,fst_f0_twn01,193927,0x0002F587,193225,0x0002F2C9,-702,nearby,time_mill_b1_lop0,time_scheduler
37,family_window,5,Gridania,City flag/decor,flag2,time_bg_flag2,fst_f0_twn01,193927,0x0002F587,193243,0x0002F2DB,-684,nearby,time_mill_b1_lop1,time_scheduler
37,family_window,6,Gridania,City flag/decor,flag2,time_bg_flag2,fst_f0_twn01,193927,0x0002F587,193261,0x0002F2ED,-666,nearby,time_mill_b1_lop2,time_scheduler
37,family_window,7,Gridania,City flag/decor,flag2,time_bg_flag2,fst_f0_twn01,193927,0x0002F587,193279,0x0002F2FF,-648,nearby,time_gate_a2_open,time_scheduler
37,family_window,8,Gridania,City flag/decor,flag2,time_bg_flag2,fst_f0_twn01,193927,0x0002F587,193297,0x0002F311,-630,nearby,time_gate_a2_clos,time_scheduler
37,family_window,9,Gridania,City flag/decor,flag2,time_bg_flag2,fst_f0_twn01,193927,0x0002F587,193315,0x0002F323,-612,nearby,time_door_d2_open,time_scheduler
37,family_window,10,Gridania,City flag/decor,flag2,time_bg_flag2,fst_f0_twn01,193927,0x0002F587,193333,0x0002F335,-594,nearby,time_door_d2_clos,time_scheduler
37,family_window,11,Gridania,City flag/decor,flag2,time_bg_flag2,fst_f0_twn01,193927,0x0002F587,193351,0x0002F347,-576,nearby,time_vfx_t17_vof1,time_scheduler
37,family_window,12,Gridania,City flag/decor,flag2,time_bg_flag2,fst_f0_twn01,193927,0x0002F587,193369,0x0002F359,-558,nearby,time_vfx_t18_von1,time_scheduler
37,family_window,13,Gridania,City flag/decor,flag2,time_bg_flag2,fst_f0_twn01,193927,0x0002F587,193387,0x0002F36B,-540,nearby,time_vfx_t19_von1,time_scheduler
37,family_window,14,Gridania,City flag/decor,flag2,time_bg_flag2,fst_f0_twn01,193927,0x0002F587,193405,0x0002F37D,-522,nearby,time_vfx_t20_von1,time_scheduler
37,family_window,15,Gridania,City flag/decor,flag2,time_bg_flag2,fst_f0_twn01,193927,0x0002F587,193423,0x0002F38F,-504,nearby,time_vfx_t21_von1,time_scheduler
37,family_window,16,Gridania,City flag/decor,flag2,time_bg_flag2,fst_f0_twn01,193927,0x0002F587,193441,0x0002F3A1,-486,nearby,time_vfx_t22_von1,time_scheduler
37,family_window,17,Gridania,City flag/decor,flag2,time_bg_flag2,fst_f0_twn01,193927,0x0002F587,193459,0x0002F3B3,-468,nearby,time_vfx_t23_von1,time_scheduler
37,family_window,18,Gridania,City flag/decor,flag2,time_bg_flag2,fst_f0_twn01,193927,0x0002F587,193477,0x0002F3C5,-450,nearby,time_bg_air1_up00,time_scheduler
37,family_window,19,Gridania,City flag/decor,flag2,time_bg_flag2,fst_f0_twn01,193927,0x0002F587,193495,0x0002F3D7,-432,nearby,time_bg_air1_dn00,time_scheduler
37,family_window,20,Gridania,City flag/decor,flag2,time_bg_flag2,fst_f0_twn01,193927,0x0002F587,193513,0x0002F3E9,-414,nearby,time_bg_air1_up01,time_scheduler
37,family_window,21,Gridania,City flag/decor,flag2,time_bg_flag2,fst_f0_twn01,193927,0x0002F587,193531,0x0002F3FB,-396,nearby,time_bg_air1_dn01,time_scheduler
37,family_window,22,Gridania,City flag/decor,flag2,time_bg_flag2,fst_f0_twn01,193927,0x0002F587,193549,0x0002F40D,-378,nearby,time_bg_airport_stt0,time_scheduler
37,family_window,23,Gridania,City flag/decor,flag2,time_bg_flag2,fst_f0_twn01,193927,0x0002F587,193570,0x0002F422,-357,nearby,time_bg_airport_end0,time_scheduler
37,family_window,24,Gridania,City flag/decor,flag2,time_bg_flag2,fst_f0_twn01,193927,0x0002F587,193591,0x0002F437,-336,nearby,time_bg_lght_0004_sq24,time_scheduler
37,family_window,25,Gridania,City flag/decor,flag2,time_bg_flag2,fst_f0_twn01,193927,0x0002F587,193614,0x0002F44E,-313,nearby,time_bg_lght_0005_sq24,time_scheduler
37,family_window,26,Gridania,City flag/decor,flag2,time_bg_flag2,fst_f0_twn01,193927,0x0002F587,193637,0x0002F465,-290,nearby,time_bg_coll_a1_show,time_scheduler
37,family_window,27,Gridania,City flag/decor,flag2,time_bg_flag2,fst_f0_twn01,193927,0x0002F587,193658,0x0002F47A,-269,nearby,time_bg_coll_a1_hide,time_scheduler
37,family_window,28,Gridania,City flag/decor,flag2,time_bg_flag2,fst_f0_twn01,193927,0x0002F587,193679,0x0002F48F,-248,nearby,time_bg_door_e1_open,time_scheduler
37,family_window,29,Gridania,City flag/decor,flag2,time_bg_flag2,fst_f0_twn01,193927,0x0002F587,193700,0x0002F4A4,-227,nearby,time_bg_door_e1_clos,time_scheduler
37,family_window,30,Gridania,City flag/decor,flag2,time_bg_flag2,fst_f0_twn01,193927,0x0002F587,193721,0x0002F4B9,-206,nearby,time_bg_door_a1_open,time_scheduler
37,family_window,31,Gridania,City flag/decor,flag2,time_bg_flag2,fst_f0_twn01,193927,0x0002F587,193742,0x0002F4CE,-185,nearby,time_bg_door_a1_clos,time_scheduler
37,family_window,32,Gridania,City flag/decor,flag2,time_bg_flag2,fst_f0_twn01,193927,0x0002F587,193763,0x0002F4E3,-164,nearby,time_bg_door_a2_open,time_scheduler
37,family_window,33,Gridania,City flag/decor,flag2,time_bg_flag2,fst_f0_twn01,193927,0x0002F587,193784,0x0002F4F8,-143,nearby,time_bg_door_a2_clos,time_scheduler
37,family_window,34,Gridania,City flag/decor,flag2,time_bg_flag2,fst_f0_twn01,193927,0x0002F587,193805,0x0002F50D,-122,nearby,time_bg_door_c2_open,time_scheduler
37,family_window,35,Gridania,City flag/decor,flag2,time_bg_flag2,fst_f0_twn01,193927,0x0002F587,193826,0x0002F522,-101,nearby,time_bg_door_c2_clos,time_scheduler
37,family_window,36,Gridania,City flag/decor,flag2,time_bg_flag2,fst_f0_twn01,193927,0x0002F587,193847,0x0002F537,-80,nearby,time_bg_door_a3_open,time_scheduler
37,family_window,37,Gridania,City flag/decor,flag2,time_bg_flag2,fst_f0_twn01,193927,0x0002F587,193868,0x0002F54C,-59,nearby,time_bg_door_a3_clos,time_scheduler
37,family_window,38,Gridania,City flag/decor,flag2,time_bg_flag2,fst_f0_twn01,193927,0x0002F587,193889,0x0002F561,-38,nearby,time_bg_flag1_show,time_scheduler
37,family_window,39,Gridania,City flag/decor,flag2,time_bg_flag2,fst_f0_twn01,193927,0x0002F587,193908,0x0002F574,-19,center_neighbor,time_bg_flag1_hide,time_scheduler
37,family_window,40,Gridania,City flag/decor,flag2,time_bg_flag2,fst_f0_twn01,193927,0x0002F587,193927,0x0002F587,0,time_show,time_bg_flag2_show,time_scheduler
37,family_window,41,Gridania,City flag/decor,flag2,time_bg_flag2,fst_f0_twn01,193927,0x0002F587,193946,0x0002F59A,19,time_hide,time_bg_flag2_hide,time_scheduler
37,family_window,42,Gridania,City flag/decor,flag2,time_bg_flag2,fst_f0_twn01,193927,0x0002F587,193965,0x0002F5AD,38,nearby,time_bg_comp_show,time_scheduler
37,family_window,43,Gridania,City flag/decor,flag2,time_bg_flag2,fst_f0_twn01,193927,0x0002F587,193983,0x0002F5BF,56,nearby,time_bg_comp_hide,time_scheduler
37,family_window,44,Gridania,City flag/decor,flag2,time_bg_flag2,fst_f0_twn01,193927,0x0002F587,194001,0x0002F5D1,74,nearby,time_bg_mflag1_show,time_scheduler
37,family_window,45,Gridania,City flag/decor,flag2,time_bg_flag2,fst_f0_twn01,193927,0x0002F587,194021,0x0002F5E5,94,nearby,time_mflag1_hide,time_scheduler
37,family_window,46,Gridania,City flag/decor,flag2,time_bg_flag2,fst_f0_twn01,193927,0x0002F587,194038,0x0002F5F6,111,nearby,time_bg_lamp_stt0,time_scheduler
37,family_window,47,Gridania,City flag/decor,flag2,time_bg_flag2,fst_f0_twn01,193927,0x0002F587,194056,0x0002F608,129,nearby,time_bg_lamp_lop0,time_scheduler
37,family_window,48,Gridania,City flag/decor,flag2,time_bg_flag2,fst_f0_twn01,193927,0x0002F587,194074,0x0002F61A,147,nearby,time_0094,time_scheduler
37,family_window,49,Gridania,City flag/decor,flag2,time_bg_flag2,fst_f0_twn01,193927,0x0002F587,194084,0x0002F624,157,nearby,time_bg_hlw1a_show,time_scheduler
37,family_window,50,Gridania,City flag/decor,flag2,time_bg_flag2,fst_f0_twn01,193927,0x0002F587,194103,0x0002F637,176,nearby,time_bg_hlw1a_hide,time_scheduler
37,family_window,51,Gridania,City flag/decor,flag2,time_bg_flag2,fst_f0_twn01,193927,0x0002F587,194122,0x0002F64A,195,nearby,time_bg_hlw1b_show,time_scheduler
37,family_window,52,Gridania,City flag/decor,flag2,time_bg_flag2,fst_f0_twn01,193927,0x0002F587,194141,0x0002F65D,214,nearby,time_bg_hlw1b_hide,time_scheduler
37,family_window,53,Gridania,City flag/decor,flag2,time_bg_flag2,fst_f0_twn01,193927,0x0002F587,194160,0x0002F670,233,nearby,time_bg_hlw1c_show,time_scheduler
37,family_window,54,Gridania,City flag/decor,flag2,time_bg_flag2,fst_f0_twn01,193927,0x0002F587,194179,0x0002F683,252,nearby,time_bg_hlw1c_hide,time_scheduler
37,family_window,55,Gridania,City flag/decor,flag2,time_bg_flag2,fst_f0_twn01,193927,0x0002F587,194198,0x0002F696,271,nearby,time_bg_hlw1d_show,time_scheduler
37,family_window,56,Gridania,City flag/decor,flag2,time_bg_flag2,fst_f0_twn01,193927,0x0002F587,194217,0x0002F6A9,290,nearby,time_bg_hlw1d_hide,time_scheduler
37,family_window,57,Gridania,City flag/decor,flag2,time_bg_flag2,fst_f0_twn01,193927,0x0002F587,194236,0x0002F6BC,309,nearby,time_bg_hlw1e_show,time_scheduler
37,family_window,58,Gridania,City flag/decor,flag2,time_bg_flag2,fst_f0_twn01,193927,0x0002F587,194255,0x0002F6CF,328,nearby,time_bg_hlw1e_hide,time_scheduler
37,family_window,59,Gridania,City flag/decor,flag2,time_bg_flag2,fst_f0_twn01,193927,0x0002F587,194274,0x0002F6E2,347,nearby,time_bg_hlw1f_show,time_scheduler
37,family_window,60,Gridania,City flag/decor,flag2,time_bg_flag2,fst_f0_twn01,193927,0x0002F587,194293,0x0002F6F5,366,nearby,time_bg_hlw1f_hide,time_scheduler
37,family_window,61,Gridania,City flag/decor,flag2,time_bg_flag2,fst_f0_twn01,193927,0x0002F587,194312,0x0002F708,385,nearby,time_bg_hlw1g_show,time_scheduler
37,family_window,62,Gridania,City flag/decor,flag2,time_bg_flag2,fst_f0_twn01,193927,0x0002F587,194331,0x0002F71B,404,nearby,time_bg_hlw1g_hide,time_scheduler
37,family_window,63,Gridania,City flag/decor,flag2,time_bg_flag2,fst_f0_twn01,193927,0x0002F587,194350,0x0002F72E,423,nearby,time_bg_hlw1h_show,time_scheduler
37,family_window,64,Gridania,City flag/decor,flag2,time_bg_flag2,fst_f0_twn01,193927,0x0002F587,194369,0x0002F741,442,nearby,time_bg_hlw1h_hide,time_scheduler
37,family_window,65,Gridania,City flag/decor,flag2,time_bg_flag2,fst_f0_twn01,193927,0x0002F587,194388,0x0002F754,461,nearby,time_bg_hlw1i_show,time_scheduler
37,family_window,66,Gridania,City flag/decor,flag2,time_bg_flag2,fst_f0_twn01,193927,0x0002F587,194407,0x0002F767,480,nearby,time_bg_hlw1i_hide,time_scheduler
37,family_window,67,Gridania,City flag/decor,flag2,time_bg_flag2,fst_f0_twn01,193927,0x0002F587,194426,0x0002F77A,499,nearby,time_bg_hlw2a_show,time_scheduler
37,family_window,68,Gridania,City flag/decor,flag2,time_bg_flag2,fst_f0_twn01,193927,0x0002F587,194445,0x0002F78D,518,nearby,time_bg_hlw2a_hide,time_scheduler
37,family_window,69,Gridania,City flag/decor,flag2,time_bg_flag2,fst_f0_twn01,193927,0x0002F587,194464,0x0002F7A0,537,nearby,time_bg_hlw2b_show,time_scheduler
37,family_window,70,Gridania,City flag/decor,flag2,time_bg_flag2,fst_f0_twn01,193927,0x0002F587,194483,0x0002F7B3,556,nearby,time_bg_hlw2b_hide,time_scheduler
37,family_window,71,Gridania,City flag/decor,flag2,time_bg_flag2,fst_f0_twn01,193927,0x0002F587,194502,0x0002F7C6,575,nearby,time_bg_airport_set0,time_scheduler
37,family_window,72,Gridania,City flag/decor,flag2,time_bg_flag2,fst_f0_twn01,193927,0x0002F587,194523,0x0002F7DB,596,nearby,time_bg_airport_set1,time_scheduler
37,family_window,73,Gridania,City flag/decor,flag2,time_bg_flag2,fst_f0_twn01,193927,0x0002F587,194544,0x0002F7F0,617,nearby,time_vfx_12sin_von1,time_scheduler
37,family_window,74,Gridania,City flag/decor,flag2,time_bg_flag2,fst_f0_twn01,193927,0x0002F587,194564,0x0002F804,637,nearby,time_vfx_12sin_von2,time_scheduler
37,family_window,75,Gridania,City flag/decor,flag2,time_bg_flag2,fst_f0_twn01,193927,0x0002F587,194584,0x0002F818,657,nearby,time_vfx_12sin_vof2,time_scheduler
37,family_window,76,Gridania,City flag/decor,flag2,time_bg_flag2,fst_f0_twn01,193927,0x0002F587,194614,0x0002F836,687,nearby,Bk_isgrp_0155,interesting
37,family_window,77,Gridania,City flag/decor,flag2,time_bg_flag2,fst_f0_twn01,193927,0x0002F587,194628,0x0002F844,701,nearby,Bk_isgrp_0156,interesting
37,family_window,78,Gridania,City flag/decor,flag2,time_bg_flag2,fst_f0_twn01,193927,0x0002F587,194642,0x0002F852,715,nearby,Bk_isgrp_0157,interesting
37,family_window,79,Gridania,City flag/decor,flag2,time_bg_flag2,fst_f0_twn01,193927,0x0002F587,194656,0x0002F860,729,nearby,Bk_isgrp_0158,interesting
37,family_window,80,Gridania,City flag/decor,flag2,time_bg_flag2,fst_f0_twn01,193927,0x0002F587,194670,0x0002F86E,743,nearby,Bk_isgrp_0159,interesting
37,family_window,81,Gridania,City flag/decor,flag2,time_bg_flag2,fst_f0_twn01,193927,0x0002F587,194684,0x0002F87C,757,nearby,Bk_isgrp_0160,interesting
38,family_window,1,Limsa Lominsa,City flag/decor,flg1,time_bg_flg1,sea_s0_twn01,108815,0x0001A90F,108064,0x0001A620,-751,other_isgrp,isgrp_003044,scheduler_group
38,family_window,2,Limsa Lominsa,City flag/decor,flg1,time_bg_flg1,sea_s0_twn01,108815,0x0001A90F,108077,0x0001A62D,-738,other_isgrp,isgrp_003045,scheduler_group
38,family_window,3,Limsa Lominsa,City flag/decor,flg1,time_bg_flg1,sea_s0_twn01,108815,0x0001A90F,108090,0x0001A63A,-725,other_isgrp,isgrp_003046,scheduler_group
38,family_window,4,Limsa Lominsa,City flag/decor,flg1,time_bg_flg1,sea_s0_twn01,108815,0x0001A90F,108103,0x0001A647,-712,other_isgrp,isgrp_003047,scheduler_group
38,family_window,5,Limsa Lominsa,City flag/decor,flg1,time_bg_flg1,sea_s0_twn01,108815,0x0001A90F,108116,0x0001A654,-699,other_isgrp,isgrp_003048,scheduler_group
38,family_window,6,Limsa Lominsa,City flag/decor,flg1,time_bg_flg1,sea_s0_twn01,108815,0x0001A90F,108129,0x0001A661,-686,other_isgrp,isgrp_003049,scheduler_group
38,family_window,7,Limsa Lominsa,City flag/decor,flg1,time_bg_flg1,sea_s0_twn01,108815,0x0001A90F,108142,0x0001A66E,-673,other_isgrp,isgrp_003050,scheduler_group
38,family_window,8,Limsa Lominsa,City flag/decor,flg1,time_bg_flg1,sea_s0_twn01,108815,0x0001A90F,108155,0x0001A67B,-660,other_isgrp,isgrp_003051,scheduler_group
38,family_window,9,Limsa Lominsa,City flag/decor,flg1,time_bg_flg1,sea_s0_twn01,108815,0x0001A90F,108168,0x0001A688,-647,other_isgrp,isgrp_003052,scheduler_group
38,family_window,10,Limsa Lominsa,City flag/decor,flg1,time_bg_flg1,sea_s0_twn01,108815,0x0001A90F,108181,0x0001A695,-634,other_isgrp,isgrp_003053,scheduler_group
38,family_window,11,Limsa Lominsa,City flag/decor,flg1,time_bg_flg1,sea_s0_twn01,108815,0x0001A90F,108194,0x0001A6A2,-621,other_isgrp,isgrp_003054,scheduler_group
38,family_window,12,Limsa Lominsa,City flag/decor,flg1,time_bg_flg1,sea_s0_twn01,108815,0x0001A90F,108207,0x0001A6AF,-608,other_isgrp,isgrp_003055,scheduler_group
38,family_window,13,Limsa Lominsa,City flag/decor,flg1,time_bg_flg1,sea_s0_twn01,108815,0x0001A90F,108220,0x0001A6BC,-595,other_isgrp,isgrp_003056,scheduler_group
38,family_window,14,Limsa Lominsa,City flag/decor,flg1,time_bg_flg1,sea_s0_twn01,108815,0x0001A90F,108233,0x0001A6C9,-582,other_isgrp,isgrp_003057,scheduler_group
38,family_window,15,Limsa Lominsa,City flag/decor,flg1,time_bg_flg1,sea_s0_twn01,108815,0x0001A90F,108246,0x0001A6D6,-569,other_isgrp,isgrp_003058,scheduler_group
38,family_window,16,Limsa Lominsa,City flag/decor,flg1,time_bg_flg1,sea_s0_twn01,108815,0x0001A90F,108259,0x0001A6E3,-556,other_isgrp,isgrp_003059,scheduler_group
38,family_window,17,Limsa Lominsa,City flag/decor,flg1,time_bg_flg1,sea_s0_twn01,108815,0x0001A90F,108272,0x0001A6F0,-543,other_isgrp,isgrp_003060,scheduler_group
38,family_window,18,Limsa Lominsa,City flag/decor,flg1,time_bg_flg1,sea_s0_twn01,108815,0x0001A90F,108285,0x0001A6FD,-530,other_isgrp,isgrp_003061,scheduler_group
38,family_window,19,Limsa Lominsa,City flag/decor,flg1,time_bg_flg1,sea_s0_twn01,108815,0x0001A90F,108298,0x0001A70A,-517,other_isgrp,isgrp_003062,scheduler_group
38,family_window,20,Limsa Lominsa,City flag/decor,flg1,time_bg_flg1,sea_s0_twn01,108815,0x0001A90F,108311,0x0001A717,-504,other_isgrp,isgrp_003063,scheduler_group
38,family_window,21,Limsa Lominsa,City flag/decor,flg1,time_bg_flg1,sea_s0_twn01,108815,0x0001A90F,108324,0x0001A724,-491,other_sgrp,sgrp_bg_t1_bort_a,scheduler_group
38,family_window,22,Limsa Lominsa,City flag/decor,flg1,time_bg_flg1,sea_s0_twn01,108815,0x0001A90F,108353,0x0001A741,-462,other_sgrp,sgrp_bg_t1_bort_b,scheduler_group
38,family_window,23,Limsa Lominsa,City flag/decor,flg1,time_bg_flg1,sea_s0_twn01,108815,0x0001A90F,108390,0x0001A766,-425,other_sgrp,sgrp_bg_t1_bort_c,scheduler_group
38,family_window,24,Limsa Lominsa,City flag/decor,flg1,time_bg_flg1,sea_s0_twn01,108815,0x0001A90F,108431,0x0001A78F,-384,other_isgrp,isgrp_003087,scheduler_group
38,family_window,25,Limsa Lominsa,City flag/decor,flg1,time_bg_flg1,sea_s0_twn01,108815,0x0001A90F,108444,0x0001A79C,-371,other_isgrp,isgrp_003088,scheduler_group
38,family_window,26,Limsa Lominsa,City flag/decor,flg1,time_bg_flg1,sea_s0_twn01,108815,0x0001A90F,108457,0x0001A7A9,-358,other_isgrp,isgrp_003089,scheduler_group
38,family_window,27,Limsa Lominsa,City flag/decor,flg1,time_bg_flg1,sea_s0_twn01,108815,0x0001A90F,108470,0x0001A7B6,-345,other_sgrp,sgrp_s0t0_b0_snm1_hb,scheduler_group
38,family_window,28,Limsa Lominsa,City flag/decor,flg1,time_bg_flg1,sea_s0_twn01,108815,0x0001A90F,108491,0x0001A7CB,-324,other_sgrp,sgrp_s0t0_b0_sns1_hb,scheduler_group
38,family_window,29,Limsa Lominsa,City flag/decor,flg1,time_bg_flg1,sea_s0_twn01,108815,0x0001A90F,108512,0x0001A7E0,-303,other_sgrp,sgrp_s0t0_e0_tgg1_h,scheduler_group
38,family_window,30,Limsa Lominsa,City flag/decor,flg1,time_bg_flg1,sea_s0_twn01,108815,0x0001A90F,108551,0x0001A807,-264,other_sgrp,sgrp_s0t0_b0_2fe2_a,scheduler_group
38,family_window,31,Limsa Lominsa,City flag/decor,flg1,time_bg_flg1,sea_s0_twn01,108815,0x0001A90F,108619,0x0001A84B,-196,other_sgrp,sgrp_s0t0_b0_2fe4_a,scheduler_group
38,family_window,32,Limsa Lominsa,City flag/decor,flg1,time_bg_flg1,sea_s0_twn01,108815,0x0001A90F,108639,0x0001A85F,-176,other_sgrp,sgrp_s0t0_b0_2fe6_a,scheduler_group
38,family_window,33,Limsa Lominsa,City flag/decor,flg1,time_bg_flg1,sea_s0_twn01,108815,0x0001A90F,108659,0x0001A873,-156,other_sgrp,sgrp_s0t0_z0_kki2_h,scheduler_group
38,family_window,34,Limsa Lominsa,City flag/decor,flg1,time_bg_flg1,sea_s0_twn01,108815,0x0001A90F,108698,0x0001A89A,-117,other_sgrp,sgrp_s0t0_z0_kki3_h,scheduler_group
38,family_window,35,Limsa Lominsa,City flag/decor,flg1,time_bg_flg1,sea_s0_twn01,108815,0x0001A90F,108737,0x0001A8C1,-78,other_isgrp,isgrp_003127,scheduler_group
38,family_window,36,Limsa Lominsa,City flag/decor,flg1,time_bg_flg1,sea_s0_twn01,108815,0x0001A90F,108750,0x0001A8CE,-65,other_isgrp,isgrp_003128,scheduler_group
38,family_window,37,Limsa Lominsa,City flag/decor,flg1,time_bg_flg1,sea_s0_twn01,108815,0x0001A90F,108763,0x0001A8DB,-52,other_isgrp,isgrp_003129,scheduler_group
38,family_window,38,Limsa Lominsa,City flag/decor,flg1,time_bg_flg1,sea_s0_twn01,108815,0x0001A90F,108776,0x0001A8E8,-39,other_isgrp,isgrp_003130,scheduler_group
38,family_window,39,Limsa Lominsa,City flag/decor,flg1,time_bg_flg1,sea_s0_twn01,108815,0x0001A90F,108789,0x0001A8F5,-26,other_isgrp,isgrp_003131,scheduler_group
38,family_window,40,Limsa Lominsa,City flag/decor,flg1,time_bg_flg1,sea_s0_twn01,108815,0x0001A90F,108802,0x0001A902,-13,other_isgrp,isgrp_003132,scheduler_group
38,family_window,41,Limsa Lominsa,City flag/decor,flg1,time_bg_flg1,sea_s0_twn01,108815,0x0001A90F,108815,0x0001A90F,0,matched_group,sgrp_s0t0_z0_flg1_h,scheduler_group
38,family_window,42,Limsa Lominsa,City flag/decor,flg1,time_bg_flg1,sea_s0_twn01,108815,0x0001A90F,108835,0x0001A923,20,same_family_mesh_or_attr,s0t0_z0_flg1_h_001,flag_or_decor_group
38,family_window,43,Limsa Lominsa,City flag/decor,flg1,time_bg_flg1,sea_s0_twn01,108815,0x0001A90F,108854,0x0001A936,39,other_sgrp,sgrp_s0t0_z0_flg2_h,scheduler_group
38,family_window,44,Limsa Lominsa,City flag/decor,flg1,time_bg_flg1,sea_s0_twn01,108815,0x0001A90F,108874,0x0001A94A,59,nearby,s0t0_z0_flg2_h_001,flag_or_decor_group
38,family_window,45,Limsa Lominsa,City flag/decor,flg1,time_bg_flg1,sea_s0_twn01,108815,0x0001A90F,108915,0x0001A973,100,other_isgrp,isgrp_003133,scheduler_group
38,family_window,46,Limsa Lominsa,City flag/decor,flg1,time_bg_flg1,sea_s0_twn01,108815,0x0001A90F,108928,0x0001A980,113,other_isgrp,isgrp_003134,scheduler_group
38,family_window,47,Limsa Lominsa,City flag/decor,flg1,time_bg_flg1,sea_s0_twn01,108815,0x0001A90F,108941,0x0001A98D,126,other_isgrp,isgrp_003135,scheduler_group
38,family_window,48,Limsa Lominsa,City flag/decor,flg1,time_bg_flg1,sea_s0_twn01,108815,0x0001A90F,108954,0x0001A99A,139,other_isgrp,isgrp_003136,scheduler_group
38,family_window,49,Limsa Lominsa,City flag/decor,flg1,time_bg_flg1,sea_s0_twn01,108815,0x0001A90F,108967,0x0001A9A7,152,other_isgrp,isgrp_003137,scheduler_group
38,family_window,50,Limsa Lominsa,City flag/decor,flg1,time_bg_flg1,sea_s0_twn01,108815,0x0001A90F,108980,0x0001A9B4,165,other_isgrp,isgrp_003138,scheduler_group
38,family_window,51,Limsa Lominsa,City flag/decor,flg1,time_bg_flg1,sea_s0_twn01,108815,0x0001A90F,108993,0x0001A9C1,178,other_isgrp,isgrp_003139,scheduler_group
38,family_window,52,Limsa Lominsa,City flag/decor,flg1,time_bg_flg1,sea_s0_twn01,108815,0x0001A90F,109006,0x0001A9CE,191,other_isgrp,isgrp_003140,scheduler_group
38,family_window,53,Limsa Lominsa,City flag/decor,flg1,time_bg_flg1,sea_s0_twn01,108815,0x0001A90F,109019,0x0001A9DB,204,other_isgrp,isgrp_003141,scheduler_group
38,family_window,54,Limsa Lominsa,City flag/decor,flg1,time_bg_flg1,sea_s0_twn01,108815,0x0001A90F,109032,0x0001A9E8,217,other_isgrp,isgrp_003142,scheduler_group
38,family_window,55,Limsa Lominsa,City flag/decor,flg1,time_bg_flg1,sea_s0_twn01,108815,0x0001A90F,109045,0x0001A9F5,230,other_sgrp,sgrp_s0t0_z0_flg3_h,scheduler_group
38,family_window,56,Limsa Lominsa,City flag/decor,flg1,time_bg_flg1,sea_s0_twn01,108815,0x0001A90F,109065,0x0001AA09,250,nearby,s0t0_z0_flg3_h_001,flag_or_decor_group
38,family_window,57,Limsa Lominsa,City flag/decor,flg1,time_bg_flg1,sea_s0_twn01,108815,0x0001A90F,109103,0x0001AA2F,288,other_sgrp,sgrp_arch_2,scheduler_group
38,family_window,58,Limsa Lominsa,City flag/decor,flg1,time_bg_flg1,sea_s0_twn01,108815,0x0001A90F,109172,0x0001AA74,357,other_isgrp,isgrp_003143,scheduler_group
38,family_window,59,Limsa Lominsa,City flag/decor,flg1,time_bg_flg1,sea_s0_twn01,108815,0x0001A90F,109185,0x0001AA81,370,nearby,Bk_isgrp_000713-007,interesting
38,family_window,60,Limsa Lominsa,City flag/decor,flg1,time_bg_flg1,sea_s0_twn01,108815,0x0001A90F,109205,0x0001AA95,390,nearby,Bk_isgrp_000713-008,interesting
38,family_window,61,Limsa Lominsa,City flag/decor,flg1,time_bg_flg1,sea_s0_twn01,108815,0x0001A90F,109225,0x0001AAA9,410,other_isgrp,isgrp_003144,scheduler_group
38,family_window,62,Limsa Lominsa,City flag/decor,flg1,time_bg_flg1,sea_s0_twn01,108815,0x0001A90F,109238,0x0001AAB6,423,other_isgrp,isgrp_003145,scheduler_group
38,family_window,63,Limsa Lominsa,City flag/decor,flg1,time_bg_flg1,sea_s0_twn01,108815,0x0001A90F,109251,0x0001AAC3,436,other_isgrp,isgrp_003146,scheduler_group
38,family_window,64,Limsa Lominsa,City flag/decor,flg1,time_bg_flg1,sea_s0_twn01,108815,0x0001A90F,109264,0x0001AAD0,449,other_isgrp,isgrp_003147,scheduler_group
38,family_window,65,Limsa Lominsa,City flag/decor,flg1,time_bg_flg1,sea_s0_twn01,108815,0x0001A90F,109277,0x0001AADD,462,other_isgrp,isgrp_003148,scheduler_group
38,family_window,66,Limsa Lominsa,City flag/decor,flg1,time_bg_flg1,sea_s0_twn01,108815,0x0001A90F,109290,0x0001AAEA,475,other_isgrp,isgrp_003149,scheduler_group
38,family_window,67,Limsa Lominsa,City flag/decor,flg1,time_bg_flg1,sea_s0_twn01,108815,0x0001A90F,109303,0x0001AAF7,488,other_isgrp,isgrp_003150,scheduler_group
38,family_window,68,Limsa Lominsa,City flag/decor,flg1,time_bg_flg1,sea_s0_twn01,108815,0x0001A90F,109316,0x0001AB04,501,other_isgrp,isgrp_003151,scheduler_group
38,family_window,69,Limsa Lominsa,City flag/decor,flg1,time_bg_flg1,sea_s0_twn01,108815,0x0001A90F,109329,0x0001AB11,514,other_isgrp,isgrp_003152,scheduler_group
38,family_window,70,Limsa Lominsa,City flag/decor,flg1,time_bg_flg1,sea_s0_twn01,108815,0x0001A90F,109342,0x0001AB1E,527,other_isgrp,isgrp_003153,scheduler_group
38,family_window,71,Limsa Lominsa,City flag/decor,flg1,time_bg_flg1,sea_s0_twn01,108815,0x0001A90F,109355,0x0001AB2B,540,other_isgrp,isgrp_003154,scheduler_group
38,family_window,72,Limsa Lominsa,City flag/decor,flg1,time_bg_flg1,sea_s0_twn01,108815,0x0001A90F,109368,0x0001AB38,553,other_isgrp,isgrp_003155,scheduler_group
38,family_window,73,Limsa Lominsa,City flag/decor,flg1,time_bg_flg1,sea_s0_twn01,108815,0x0001A90F,109381,0x0001AB45,566,other_isgrp,isgrp_003158,scheduler_group
38,family_window,74,Limsa Lominsa,City flag/decor,flg1,time_bg_flg1,sea_s0_twn01,108815,0x0001A90F,109394,0x0001AB52,579,other_sgrp,sgrp_bg_gci1,scheduler_group
38,family_window,75,Limsa Lominsa,City flag/decor,flg1,time_bg_flg1,sea_s0_twn01,108815,0x0001A90F,109487,0x0001ABAF,672,other_isgrp,isgrp_003171,scheduler_group
38,family_window,76,Limsa Lominsa,City flag/decor,flg1,time_bg_flg1,sea_s0_twn01,108815,0x0001A90F,109500,0x0001ABBC,685,other_sgrp,sgrp_bg_kki2,scheduler_group
38,family_window,77,Limsa Lominsa,City flag/decor,flg1,time_bg_flg1,sea_s0_twn01,108815,0x0001A90F,109579,0x0001AC0B,764,other_isgrp,isgrp_003181,scheduler_group
38,owner_window,1,Limsa Lominsa,City flag/decor,flg1,time_bg_flg1,sea_s0_twn01,100075,0x000186EB,99314,0x000183F2,-761,other_isgrp,isgrp_000143,scheduler_group
38,owner_window,2,Limsa Lominsa,City flag/decor,flg1,time_bg_flg1,sea_s0_twn01,100075,0x000186EB,99327,0x000183FF,-748,other_isgrp,isgrp_002713/_lght_a1,scheduler_group
38,owner_window,3,Limsa Lominsa,City flag/decor,flg1,time_bg_flg1,sea_s0_twn01,100075,0x000186EB,99349,0x00018415,-726,other_isgrp,isgrp_002384,scheduler_group
38,owner_window,4,Limsa Lominsa,City flag/decor,flg1,time_bg_flg1,sea_s0_twn01,100075,0x000186EB,99362,0x00018422,-713,other_isgrp,isgrp_002714/_lght_a1,scheduler_group
38,owner_window,5,Limsa Lominsa,City flag/decor,flg1,time_bg_flg1,sea_s0_twn01,100075,0x000186EB,99384,0x00018438,-691,other_isgrp,isgrp_002386,scheduler_group
38,owner_window,6,Limsa Lominsa,City flag/decor,flg1,time_bg_flg1,sea_s0_twn01,100075,0x000186EB,99397,0x00018445,-678,other_isgrp,isgrp_000144,scheduler_group
38,owner_window,7,Limsa Lominsa,City flag/decor,flg1,time_bg_flg1,sea_s0_twn01,100075,0x000186EB,99423,0x0001845F,-652,other_isgrp,isgrp_002388,scheduler_group
38,owner_window,8,Limsa Lominsa,City flag/decor,flg1,time_bg_flg1,sea_s0_twn01,100075,0x000186EB,99436,0x0001846C,-639,other_isgrp,isgrp_002727/_lght_a1,scheduler_group
38,owner_window,9,Limsa Lominsa,City flag/decor,flg1,time_bg_flg1,sea_s0_twn01,100075,0x000186EB,99458,0x00018482,-617,other_isgrp,isgrp_002390,scheduler_group
38,owner_window,10,Limsa Lominsa,City flag/decor,flg1,time_bg_flg1,sea_s0_twn01,100075,0x000186EB,99471,0x0001848F,-604,other_isgrp,isgrp_000145,scheduler_group
38,owner_window,11,Limsa Lominsa,City flag/decor,flg1,time_bg_flg1,sea_s0_twn01,100075,0x000186EB,99484,0x0001849C,-591,other_isgrp,isgrp_002726/_lght_a1,scheduler_group
38,owner_window,12,Limsa Lominsa,City flag/decor,flg1,time_bg_flg1,sea_s0_twn01,100075,0x000186EB,99506,0x000184B2,-569,other_isgrp,isgrp_002392,scheduler_group
38,owner_window,13,Limsa Lominsa,City flag/decor,flg1,time_bg_flg1,sea_s0_twn01,100075,0x000186EB,99519,0x000184BF,-556,other_isgrp,isgrp_002728/_lght_a1,scheduler_group
38,owner_window,14,Limsa Lominsa,City flag/decor,flg1,time_bg_flg1,sea_s0_twn01,100075,0x000186EB,99541,0x000184D5,-534,other_isgrp,isgrp_002394,scheduler_group
38,owner_window,15,Limsa Lominsa,City flag/decor,flg1,time_bg_flg1,sea_s0_twn01,100075,0x000186EB,99554,0x000184E2,-521,other_isgrp,isgrp_000193,scheduler_group
38,owner_window,16,Limsa Lominsa,City flag/decor,flg1,time_bg_flg1,sea_s0_twn01,100075,0x000186EB,99567,0x000184EF,-508,other_isgrp,isgrp_002743/_lght_a1,scheduler_group
38,owner_window,17,Limsa Lominsa,City flag/decor,flg1,time_bg_flg1,sea_s0_twn01,100075,0x000186EB,99589,0x00018505,-486,other_isgrp,isgrp_002396,scheduler_group
38,owner_window,18,Limsa Lominsa,City flag/decor,flg1,time_bg_flg1,sea_s0_twn01,100075,0x000186EB,99602,0x00018512,-473,other_isgrp,isgrp_000192,scheduler_group
38,owner_window,19,Limsa Lominsa,City flag/decor,flg1,time_bg_flg1,sea_s0_twn01,100075,0x000186EB,99615,0x0001851F,-460,other_isgrp,isgrp_002744/_lght_a1,scheduler_group
38,owner_window,20,Limsa Lominsa,City flag/decor,flg1,time_bg_flg1,sea_s0_twn01,100075,0x000186EB,99637,0x00018535,-438,other_isgrp,isgrp_002398,scheduler_group
38,owner_window,21,Limsa Lominsa,City flag/decor,flg1,time_bg_flg1,sea_s0_twn01,100075,0x000186EB,99650,0x00018542,-425,other_isgrp,isgrp_000191,scheduler_group
38,owner_window,22,Limsa Lominsa,City flag/decor,flg1,time_bg_flg1,sea_s0_twn01,100075,0x000186EB,99663,0x0001854F,-412,other_isgrp,isgrp_002745/_lght_a1,scheduler_group
38,owner_window,23,Limsa Lominsa,City flag/decor,flg1,time_bg_flg1,sea_s0_twn01,100075,0x000186EB,99685,0x00018565,-390,other_isgrp,isgrp_002400,scheduler_group
38,owner_window,24,Limsa Lominsa,City flag/decor,flg1,time_bg_flg1,sea_s0_twn01,100075,0x000186EB,99698,0x00018572,-377,other_isgrp,isgrp_000190,scheduler_group
38,owner_window,25,Limsa Lominsa,City flag/decor,flg1,time_bg_flg1,sea_s0_twn01,100075,0x000186EB,99711,0x0001857F,-364,other_isgrp,isgrp_002742/_lght_a1,scheduler_group
38,owner_window,26,Limsa Lominsa,City flag/decor,flg1,time_bg_flg1,sea_s0_twn01,100075,0x000186EB,99733,0x00018595,-342,other_isgrp,isgrp_002402,scheduler_group
38,owner_window,27,Limsa Lominsa,City flag/decor,flg1,time_bg_flg1,sea_s0_twn01,100075,0x000186EB,99746,0x000185A2,-329,other_isgrp,isgrp_000139,scheduler_group
38,owner_window,28,Limsa Lominsa,City flag/decor,flg1,time_bg_flg1,sea_s0_twn01,100075,0x000186EB,99772,0x000185BC,-303,other_isgrp,isgrp_002746/_lght_a1,scheduler_group
38,owner_window,29,Limsa Lominsa,City flag/decor,flg1,time_bg_flg1,sea_s0_twn01,100075,0x000186EB,99794,0x000185D2,-281,other_isgrp,isgrp_002404,scheduler_group
38,owner_window,30,Limsa Lominsa,City flag/decor,flg1,time_bg_flg1,sea_s0_twn01,100075,0x000186EB,99807,0x000185DF,-268,other_isgrp,isgrp_002757/_lght_a1,scheduler_group
38,owner_window,31,Limsa Lominsa,City flag/decor,flg1,time_bg_flg1,sea_s0_twn01,100075,0x000186EB,99829,0x000185F5,-246,other_isgrp,isgrp_002406,scheduler_group
38,owner_window,32,Limsa Lominsa,City flag/decor,flg1,time_bg_flg1,sea_s0_twn01,100075,0x000186EB,99842,0x00018602,-233,other_isgrp,isgrp_000140,scheduler_group
38,owner_window,33,Limsa Lominsa,City flag/decor,flg1,time_bg_flg1,sea_s0_twn01,100075,0x000186EB,99855,0x0001860F,-220,other_isgrp,isgrp_002408,scheduler_group
38,owner_window,34,Limsa Lominsa,City flag/decor,flg1,time_bg_flg1,sea_s0_twn01,100075,0x000186EB,99868,0x0001861C,-207,other_isgrp,isgrp_000141,scheduler_group
38,owner_window,35,Limsa Lominsa,City flag/decor,flg1,time_bg_flg1,sea_s0_twn01,100075,0x000186EB,99881,0x00018629,-194,other_isgrp,isgrp_002410,scheduler_group
38,owner_window,36,Limsa Lominsa,City flag/decor,flg1,time_bg_flg1,sea_s0_twn01,100075,0x000186EB,99894,0x00018636,-181,other_isgrp,isgrp_002412,scheduler_group
38,owner_window,37,Limsa Lominsa,City flag/decor,flg1,time_bg_flg1,sea_s0_twn01,100075,0x000186EB,99920,0x00018650,-155,other_isgrp,isgrp_002413,scheduler_group
38,owner_window,38,Limsa Lominsa,City flag/decor,flg1,time_bg_flg1,sea_s0_twn01,100075,0x000186EB,99933,0x0001865D,-142,other_isgrp,isgrp_000197,scheduler_group
38,owner_window,39,Limsa Lominsa,City flag/decor,flg1,time_bg_flg1,sea_s0_twn01,100075,0x000186EB,99959,0x00018677,-116,other_isgrp,isgrp_002760/_lght_a1,scheduler_group
38,owner_window,40,Limsa Lominsa,City flag/decor,flg1,time_bg_flg1,sea_s0_twn01,100075,0x000186EB,99981,0x0001868D,-94,other_isgrp,isgrp_002416,scheduler_group
38,owner_window,41,Limsa Lominsa,City flag/decor,flg1,time_bg_flg1,sea_s0_twn01,100075,0x000186EB,99994,0x0001869A,-81,other_isgrp,isgrp_002418,scheduler_group
38,owner_window,42,Limsa Lominsa,City flag/decor,flg1,time_bg_flg1,sea_s0_twn01,100075,0x000186EB,100007,0x000186A7,-68,other_isgrp,isgrp_000194,scheduler_group
38,owner_window,43,Limsa Lominsa,City flag/decor,flg1,time_bg_flg1,sea_s0_twn01,100075,0x000186EB,100033,0x000186C1,-42,other_isgrp,isgrp_002420,scheduler_group
38,owner_window,44,Limsa Lominsa,City flag/decor,flg1,time_bg_flg1,sea_s0_twn01,100075,0x000186EB,100046,0x000186CE,-29,other_isgrp,isgrp_000195,scheduler_group
38,owner_window,45,Limsa Lominsa,City flag/decor,flg1,time_bg_flg1,sea_s0_twn01,100075,0x000186EB,100059,0x000186DB,-16,other_sgrp,sgrp_bg_door_b2,scheduler_group
38,owner_window,46,Limsa Lominsa,City flag/decor,flg1,time_bg_flg1,sea_s0_twn01,100075,0x000186EB,100075,0x000186EB,0,owner_isgrp,isgrp_002422,scheduler_group
38,owner_window,47,Limsa Lominsa,City flag/decor,flg1,time_bg_flg1,sea_s0_twn01,100075,0x000186EB,100088,0x000186F8,13,other_isgrp,isgrp_000196,scheduler_group
38,owner_window,48,Limsa Lominsa,City flag/decor,flg1,time_bg_flg1,sea_s0_twn01,100075,0x000186EB,100101,0x00018705,26,other_isgrp,isgrp_002725/_lght_a1,scheduler_group
38,owner_window,49,Limsa Lominsa,City flag/decor,flg1,time_bg_flg1,sea_s0_twn01,100075,0x000186EB,100123,0x0001871B,48,other_sgrp,sgrp_bg_door_b1_dam,scheduler_group
38,owner_window,50,Limsa Lominsa,City flag/decor,flg1,time_bg_flg1,sea_s0_twn01,100075,0x000186EB,100185,0x00018759,110,other_sgrp,sgrp_bg_gate_a1,scheduler_group
38,owner_window,51,Limsa Lominsa,City flag/decor,flg1,time_bg_flg1,sea_s0_twn01,100075,0x000186EB,100215,0x00018777,140,other_sgrp,sgrp_bg_gate_a2,scheduler_group
38,owner_window,52,Limsa Lominsa,City flag/decor,flg1,time_bg_flg1,sea_s0_twn01,100075,0x000186EB,100237,0x0001878D,162,other_sgrp,sgrp_bg_gate_b1,scheduler_group
38,owner_window,53,Limsa Lominsa,City flag/decor,flg1,time_bg_flg1,sea_s0_twn01,100075,0x000186EB,100475,0x0001887B,400,other_sgrp,sgrp_bg_gate_c1,scheduler_group
38,owner_window,54,Limsa Lominsa,City flag/decor,flg1,time_bg_flg1,sea_s0_twn01,100075,0x000186EB,100491,0x0001888B,416,other_isgrp,isgrp_002425,scheduler_group
38,owner_window,55,Limsa Lominsa,City flag/decor,flg1,time_bg_flg1,sea_s0_twn01,100075,0x000186EB,100504,0x00018898,429,other_isgrp,isgrp_002427,scheduler_group
38,owner_window,56,Limsa Lominsa,City flag/decor,flg1,time_bg_flg1,sea_s0_twn01,100075,0x000186EB,100517,0x000188A5,442,other_isgrp,isgrp_002429,scheduler_group
38,owner_window,57,Limsa Lominsa,City flag/decor,flg1,time_bg_flg1,sea_s0_twn01,100075,0x000186EB,100530,0x000188B2,455,other_isgrp,isgrp_002431,scheduler_group
38,owner_window,58,Limsa Lominsa,City flag/decor,flg1,time_bg_flg1,sea_s0_twn01,100075,0x000186EB,100543,0x000188BF,468,other_isgrp,isgrp_000180,scheduler_group
38,owner_window,59,Limsa Lominsa,City flag/decor,flg1,time_bg_flg1,sea_s0_twn01,100075,0x000186EB,100556,0x000188CC,481,other_isgrp,isgrp_002433,scheduler_group
38,owner_window,60,Limsa Lominsa,City flag/decor,flg1,time_bg_flg1,sea_s0_twn01,100075,0x000186EB,100569,0x000188D9,494,other_isgrp,isgrp_000181,scheduler_group
38,owner_window,61,Limsa Lominsa,City flag/decor,flg1,time_bg_flg1,sea_s0_twn01,100075,0x000186EB,100582,0x000188E6,507,other_sgrp,sgrp_bg_gate_d1,scheduler_group
38,owner_window,62,Limsa Lominsa,City flag/decor,flg1,time_bg_flg1,sea_s0_twn01,100075,0x000186EB,100623,0x0001890F,548,nearby,vfx_gate201,vfx_or_scene_def
38,owner_window,63,Limsa Lominsa,City flag/decor,flg1,time_bg_flg1,sea_s0_twn01,100075,0x000186EB,100640,0x00018920,565,nearby,vfx_gate202,vfx_or_scene_def
38,owner_window,64,Limsa Lominsa,City flag/decor,flg1,time_bg_flg1,sea_s0_twn01,100075,0x000186EB,100652,0x0001892C,577,nearby,vfx_gate203,vfx_or_scene_def
38,owner_window,65,Limsa Lominsa,City flag/decor,flg1,time_bg_flg1,sea_s0_twn01,100075,0x000186EB,100664,0x00018938,589,other_sgrp,sgrp_bg_gate_e1,scheduler_group
38,owner_window,66,Limsa Lominsa,City flag/decor,flg1,time_bg_flg1,sea_s0_twn01,100075,0x000186EB,100754,0x00018992,679,nearby,vfx_gate102,vfx_or_scene_def
38,owner_window,67,Limsa Lominsa,City flag/decor,flg1,time_bg_flg1,sea_s0_twn01,100075,0x000186EB,100766,0x0001899E,691,nearby,vfx_gate101,vfx_or_scene_def
38,owner_window,68,Limsa Lominsa,City flag/decor,flg1,time_bg_flg1,sea_s0_twn01,100075,0x000186EB,100778,0x000189AA,703,nearby,vfx_gate103,vfx_or_scene_def
38,owner_window,69,Limsa Lominsa,City flag/decor,flg1,time_bg_flg1,sea_s0_twn01,100075,0x000186EB,100790,0x000189B6,715,other_isgrp,isgrp_002435,scheduler_group
38,owner_window,70,Limsa Lominsa,City flag/decor,flg1,time_bg_flg1,sea_s0_twn01,100075,0x000186EB,100803,0x000189C3,728,nearby,Bk_isgrp_002172-024,interesting
38,owner_window,71,Limsa Lominsa,City flag/decor,flg1,time_bg_flg1,sea_s0_twn01,100075,0x000186EB,100823,0x000189D7,748,other_isgrp,isgrp_002437,scheduler_group
38,owner_window,72,Limsa Lominsa,City flag/decor,flg1,time_bg_flg1,sea_s0_twn01,100075,0x000186EB,100836,0x000189E4,761,other_isgrp,isgrp_002439,scheduler_group
39,family_window,1,Limsa Lominsa,City flag/decor,flg2,time_bg_flg2,sea_s0_twn01,108854,0x0001A936,108090,0x0001A63A,-764,other_isgrp,isgrp_003046,scheduler_group
39,family_window,2,Limsa Lominsa,City flag/decor,flg2,time_bg_flg2,sea_s0_twn01,108854,0x0001A936,108103,0x0001A647,-751,other_isgrp,isgrp_003047,scheduler_group
39,family_window,3,Limsa Lominsa,City flag/decor,flg2,time_bg_flg2,sea_s0_twn01,108854,0x0001A936,108116,0x0001A654,-738,other_isgrp,isgrp_003048,scheduler_group
39,family_window,4,Limsa Lominsa,City flag/decor,flg2,time_bg_flg2,sea_s0_twn01,108854,0x0001A936,108129,0x0001A661,-725,other_isgrp,isgrp_003049,scheduler_group
39,family_window,5,Limsa Lominsa,City flag/decor,flg2,time_bg_flg2,sea_s0_twn01,108854,0x0001A936,108142,0x0001A66E,-712,other_isgrp,isgrp_003050,scheduler_group
39,family_window,6,Limsa Lominsa,City flag/decor,flg2,time_bg_flg2,sea_s0_twn01,108854,0x0001A936,108155,0x0001A67B,-699,other_isgrp,isgrp_003051,scheduler_group
39,family_window,7,Limsa Lominsa,City flag/decor,flg2,time_bg_flg2,sea_s0_twn01,108854,0x0001A936,108168,0x0001A688,-686,other_isgrp,isgrp_003052,scheduler_group
39,family_window,8,Limsa Lominsa,City flag/decor,flg2,time_bg_flg2,sea_s0_twn01,108854,0x0001A936,108181,0x0001A695,-673,other_isgrp,isgrp_003053,scheduler_group
39,family_window,9,Limsa Lominsa,City flag/decor,flg2,time_bg_flg2,sea_s0_twn01,108854,0x0001A936,108194,0x0001A6A2,-660,other_isgrp,isgrp_003054,scheduler_group
39,family_window,10,Limsa Lominsa,City flag/decor,flg2,time_bg_flg2,sea_s0_twn01,108854,0x0001A936,108207,0x0001A6AF,-647,other_isgrp,isgrp_003055,scheduler_group
39,family_window,11,Limsa Lominsa,City flag/decor,flg2,time_bg_flg2,sea_s0_twn01,108854,0x0001A936,108220,0x0001A6BC,-634,other_isgrp,isgrp_003056,scheduler_group
39,family_window,12,Limsa Lominsa,City flag/decor,flg2,time_bg_flg2,sea_s0_twn01,108854,0x0001A936,108233,0x0001A6C9,-621,other_isgrp,isgrp_003057,scheduler_group
39,family_window,13,Limsa Lominsa,City flag/decor,flg2,time_bg_flg2,sea_s0_twn01,108854,0x0001A936,108246,0x0001A6D6,-608,other_isgrp,isgrp_003058,scheduler_group
39,family_window,14,Limsa Lominsa,City flag/decor,flg2,time_bg_flg2,sea_s0_twn01,108854,0x0001A936,108259,0x0001A6E3,-595,other_isgrp,isgrp_003059,scheduler_group
39,family_window,15,Limsa Lominsa,City flag/decor,flg2,time_bg_flg2,sea_s0_twn01,108854,0x0001A936,108272,0x0001A6F0,-582,other_isgrp,isgrp_003060,scheduler_group
39,family_window,16,Limsa Lominsa,City flag/decor,flg2,time_bg_flg2,sea_s0_twn01,108854,0x0001A936,108285,0x0001A6FD,-569,other_isgrp,isgrp_003061,scheduler_group
39,family_window,17,Limsa Lominsa,City flag/decor,flg2,time_bg_flg2,sea_s0_twn01,108854,0x0001A936,108298,0x0001A70A,-556,other_isgrp,isgrp_003062,scheduler_group
39,family_window,18,Limsa Lominsa,City flag/decor,flg2,time_bg_flg2,sea_s0_twn01,108854,0x0001A936,108311,0x0001A717,-543,other_isgrp,isgrp_003063,scheduler_group
39,family_window,19,Limsa Lominsa,City flag/decor,flg2,time_bg_flg2,sea_s0_twn01,108854,0x0001A936,108324,0x0001A724,-530,other_sgrp,sgrp_bg_t1_bort_a,scheduler_group
39,family_window,20,Limsa Lominsa,City flag/decor,flg2,time_bg_flg2,sea_s0_twn01,108854,0x0001A936,108353,0x0001A741,-501,other_sgrp,sgrp_bg_t1_bort_b,scheduler_group
39,family_window,21,Limsa Lominsa,City flag/decor,flg2,time_bg_flg2,sea_s0_twn01,108854,0x0001A936,108390,0x0001A766,-464,other_sgrp,sgrp_bg_t1_bort_c,scheduler_group
39,family_window,22,Limsa Lominsa,City flag/decor,flg2,time_bg_flg2,sea_s0_twn01,108854,0x0001A936,108431,0x0001A78F,-423,other_isgrp,isgrp_003087,scheduler_group
39,family_window,23,Limsa Lominsa,City flag/decor,flg2,time_bg_flg2,sea_s0_twn01,108854,0x0001A936,108444,0x0001A79C,-410,other_isgrp,isgrp_003088,scheduler_group
39,family_window,24,Limsa Lominsa,City flag/decor,flg2,time_bg_flg2,sea_s0_twn01,108854,0x0001A936,108457,0x0001A7A9,-397,other_isgrp,isgrp_003089,scheduler_group
39,family_window,25,Limsa Lominsa,City flag/decor,flg2,time_bg_flg2,sea_s0_twn01,108854,0x0001A936,108470,0x0001A7B6,-384,other_sgrp,sgrp_s0t0_b0_snm1_hb,scheduler_group
39,family_window,26,Limsa Lominsa,City flag/decor,flg2,time_bg_flg2,sea_s0_twn01,108854,0x0001A936,108491,0x0001A7CB,-363,other_sgrp,sgrp_s0t0_b0_sns1_hb,scheduler_group
39,family_window,27,Limsa Lominsa,City flag/decor,flg2,time_bg_flg2,sea_s0_twn01,108854,0x0001A936,108512,0x0001A7E0,-342,other_sgrp,sgrp_s0t0_e0_tgg1_h,scheduler_group
39,family_window,28,Limsa Lominsa,City flag/decor,flg2,time_bg_flg2,sea_s0_twn01,108854,0x0001A936,108551,0x0001A807,-303,other_sgrp,sgrp_s0t0_b0_2fe2_a,scheduler_group
39,family_window,29,Limsa Lominsa,City flag/decor,flg2,time_bg_flg2,sea_s0_twn01,108854,0x0001A936,108619,0x0001A84B,-235,other_sgrp,sgrp_s0t0_b0_2fe4_a,scheduler_group
39,family_window,30,Limsa Lominsa,City flag/decor,flg2,time_bg_flg2,sea_s0_twn01,108854,0x0001A936,108639,0x0001A85F,-215,other_sgrp,sgrp_s0t0_b0_2fe6_a,scheduler_group
39,family_window,31,Limsa Lominsa,City flag/decor,flg2,time_bg_flg2,sea_s0_twn01,108854,0x0001A936,108659,0x0001A873,-195,other_sgrp,sgrp_s0t0_z0_kki2_h,scheduler_group
39,family_window,32,Limsa Lominsa,City flag/decor,flg2,time_bg_flg2,sea_s0_twn01,108854,0x0001A936,108698,0x0001A89A,-156,other_sgrp,sgrp_s0t0_z0_kki3_h,scheduler_group
39,family_window,33,Limsa Lominsa,City flag/decor,flg2,time_bg_flg2,sea_s0_twn01,108854,0x0001A936,108737,0x0001A8C1,-117,other_isgrp,isgrp_003127,scheduler_group
39,family_window,34,Limsa Lominsa,City flag/decor,flg2,time_bg_flg2,sea_s0_twn01,108854,0x0001A936,108750,0x0001A8CE,-104,other_isgrp,isgrp_003128,scheduler_group
39,family_window,35,Limsa Lominsa,City flag/decor,flg2,time_bg_flg2,sea_s0_twn01,108854,0x0001A936,108763,0x0001A8DB,-91,other_isgrp,isgrp_003129,scheduler_group
39,family_window,36,Limsa Lominsa,City flag/decor,flg2,time_bg_flg2,sea_s0_twn01,108854,0x0001A936,108776,0x0001A8E8,-78,other_isgrp,isgrp_003130,scheduler_group
39,family_window,37,Limsa Lominsa,City flag/decor,flg2,time_bg_flg2,sea_s0_twn01,108854,0x0001A936,108789,0x0001A8F5,-65,other_isgrp,isgrp_003131,scheduler_group
39,family_window,38,Limsa Lominsa,City flag/decor,flg2,time_bg_flg2,sea_s0_twn01,108854,0x0001A936,108802,0x0001A902,-52,other_isgrp,isgrp_003132,scheduler_group
39,family_window,39,Limsa Lominsa,City flag/decor,flg2,time_bg_flg2,sea_s0_twn01,108854,0x0001A936,108815,0x0001A90F,-39,other_sgrp,sgrp_s0t0_z0_flg1_h,scheduler_group
39,family_window,40,Limsa Lominsa,City flag/decor,flg2,time_bg_flg2,sea_s0_twn01,108854,0x0001A936,108835,0x0001A923,-19,center_neighbor,s0t0_z0_flg1_h_001,flag_or_decor_group
39,family_window,41,Limsa Lominsa,City flag/decor,flg2,time_bg_flg2,sea_s0_twn01,108854,0x0001A936,108854,0x0001A936,0,matched_group,sgrp_s0t0_z0_flg2_h,scheduler_group
39,family_window,42,Limsa Lominsa,City flag/decor,flg2,time_bg_flg2,sea_s0_twn01,108854,0x0001A936,108874,0x0001A94A,20,same_family_mesh_or_attr,s0t0_z0_flg2_h_001,flag_or_decor_group
39,family_window,43,Limsa Lominsa,City flag/decor,flg2,time_bg_flg2,sea_s0_twn01,108854,0x0001A936,108915,0x0001A973,61,other_isgrp,isgrp_003133,scheduler_group
39,family_window,44,Limsa Lominsa,City flag/decor,flg2,time_bg_flg2,sea_s0_twn01,108854,0x0001A936,108928,0x0001A980,74,other_isgrp,isgrp_003134,scheduler_group
39,family_window,45,Limsa Lominsa,City flag/decor,flg2,time_bg_flg2,sea_s0_twn01,108854,0x0001A936,108941,0x0001A98D,87,other_isgrp,isgrp_003135,scheduler_group
39,family_window,46,Limsa Lominsa,City flag/decor,flg2,time_bg_flg2,sea_s0_twn01,108854,0x0001A936,108954,0x0001A99A,100,other_isgrp,isgrp_003136,scheduler_group
39,family_window,47,Limsa Lominsa,City flag/decor,flg2,time_bg_flg2,sea_s0_twn01,108854,0x0001A936,108967,0x0001A9A7,113,other_isgrp,isgrp_003137,scheduler_group
39,family_window,48,Limsa Lominsa,City flag/decor,flg2,time_bg_flg2,sea_s0_twn01,108854,0x0001A936,108980,0x0001A9B4,126,other_isgrp,isgrp_003138,scheduler_group
39,family_window,49,Limsa Lominsa,City flag/decor,flg2,time_bg_flg2,sea_s0_twn01,108854,0x0001A936,108993,0x0001A9C1,139,other_isgrp,isgrp_003139,scheduler_group
39,family_window,50,Limsa Lominsa,City flag/decor,flg2,time_bg_flg2,sea_s0_twn01,108854,0x0001A936,109006,0x0001A9CE,152,other_isgrp,isgrp_003140,scheduler_group
39,family_window,51,Limsa Lominsa,City flag/decor,flg2,time_bg_flg2,sea_s0_twn01,108854,0x0001A936,109019,0x0001A9DB,165,other_isgrp,isgrp_003141,scheduler_group
39,family_window,52,Limsa Lominsa,City flag/decor,flg2,time_bg_flg2,sea_s0_twn01,108854,0x0001A936,109032,0x0001A9E8,178,other_isgrp,isgrp_003142,scheduler_group
39,family_window,53,Limsa Lominsa,City flag/decor,flg2,time_bg_flg2,sea_s0_twn01,108854,0x0001A936,109045,0x0001A9F5,191,other_sgrp,sgrp_s0t0_z0_flg3_h,scheduler_group
39,family_window,54,Limsa Lominsa,City flag/decor,flg2,time_bg_flg2,sea_s0_twn01,108854,0x0001A936,109065,0x0001AA09,211,nearby,s0t0_z0_flg3_h_001,flag_or_decor_group
39,family_window,55,Limsa Lominsa,City flag/decor,flg2,time_bg_flg2,sea_s0_twn01,108854,0x0001A936,109103,0x0001AA2F,249,other_sgrp,sgrp_arch_2,scheduler_group
39,family_window,56,Limsa Lominsa,City flag/decor,flg2,time_bg_flg2,sea_s0_twn01,108854,0x0001A936,109172,0x0001AA74,318,other_isgrp,isgrp_003143,scheduler_group
39,family_window,57,Limsa Lominsa,City flag/decor,flg2,time_bg_flg2,sea_s0_twn01,108854,0x0001A936,109185,0x0001AA81,331,nearby,Bk_isgrp_000713-007,interesting
39,family_window,58,Limsa Lominsa,City flag/decor,flg2,time_bg_flg2,sea_s0_twn01,108854,0x0001A936,109205,0x0001AA95,351,nearby,Bk_isgrp_000713-008,interesting
39,family_window,59,Limsa Lominsa,City flag/decor,flg2,time_bg_flg2,sea_s0_twn01,108854,0x0001A936,109225,0x0001AAA9,371,other_isgrp,isgrp_003144,scheduler_group
39,family_window,60,Limsa Lominsa,City flag/decor,flg2,time_bg_flg2,sea_s0_twn01,108854,0x0001A936,109238,0x0001AAB6,384,other_isgrp,isgrp_003145,scheduler_group
39,family_window,61,Limsa Lominsa,City flag/decor,flg2,time_bg_flg2,sea_s0_twn01,108854,0x0001A936,109251,0x0001AAC3,397,other_isgrp,isgrp_003146,scheduler_group
39,family_window,62,Limsa Lominsa,City flag/decor,flg2,time_bg_flg2,sea_s0_twn01,108854,0x0001A936,109264,0x0001AAD0,410,other_isgrp,isgrp_003147,scheduler_group
39,family_window,63,Limsa Lominsa,City flag/decor,flg2,time_bg_flg2,sea_s0_twn01,108854,0x0001A936,109277,0x0001AADD,423,other_isgrp,isgrp_003148,scheduler_group
39,family_window,64,Limsa Lominsa,City flag/decor,flg2,time_bg_flg2,sea_s0_twn01,108854,0x0001A936,109290,0x0001AAEA,436,other_isgrp,isgrp_003149,scheduler_group
39,family_window,65,Limsa Lominsa,City flag/decor,flg2,time_bg_flg2,sea_s0_twn01,108854,0x0001A936,109303,0x0001AAF7,449,other_isgrp,isgrp_003150,scheduler_group
39,family_window,66,Limsa Lominsa,City flag/decor,flg2,time_bg_flg2,sea_s0_twn01,108854,0x0001A936,109316,0x0001AB04,462,other_isgrp,isgrp_003151,scheduler_group
39,family_window,67,Limsa Lominsa,City flag/decor,flg2,time_bg_flg2,sea_s0_twn01,108854,0x0001A936,109329,0x0001AB11,475,other_isgrp,isgrp_003152,scheduler_group
39,family_window,68,Limsa Lominsa,City flag/decor,flg2,time_bg_flg2,sea_s0_twn01,108854,0x0001A936,109342,0x0001AB1E,488,other_isgrp,isgrp_003153,scheduler_group
39,family_window,69,Limsa Lominsa,City flag/decor,flg2,time_bg_flg2,sea_s0_twn01,108854,0x0001A936,109355,0x0001AB2B,501,other_isgrp,isgrp_003154,scheduler_group
39,family_window,70,Limsa Lominsa,City flag/decor,flg2,time_bg_flg2,sea_s0_twn01,108854,0x0001A936,109368,0x0001AB38,514,other_isgrp,isgrp_003155,scheduler_group
39,family_window,71,Limsa Lominsa,City flag/decor,flg2,time_bg_flg2,sea_s0_twn01,108854,0x0001A936,109381,0x0001AB45,527,other_isgrp,isgrp_003158,scheduler_group
39,family_window,72,Limsa Lominsa,City flag/decor,flg2,time_bg_flg2,sea_s0_twn01,108854,0x0001A936,109394,0x0001AB52,540,other_sgrp,sgrp_bg_gci1,scheduler_group
39,family_window,73,Limsa Lominsa,City flag/decor,flg2,time_bg_flg2,sea_s0_twn01,108854,0x0001A936,109487,0x0001ABAF,633,other_isgrp,isgrp_003171,scheduler_group
39,family_window,74,Limsa Lominsa,City flag/decor,flg2,time_bg_flg2,sea_s0_twn01,108854,0x0001A936,109500,0x0001ABBC,646,other_sgrp,sgrp_bg_kki2,scheduler_group
39,family_window,75,Limsa Lominsa,City flag/decor,flg2,time_bg_flg2,sea_s0_twn01,108854,0x0001A936,109579,0x0001AC0B,725,other_isgrp,isgrp_003181,scheduler_group
39,family_window,76,Limsa Lominsa,City flag/decor,flg2,time_bg_flg2,sea_s0_twn01,108854,0x0001A936,109592,0x0001AC18,738,other_isgrp,isgrp_003182,scheduler_group
39,family_window,77,Limsa Lominsa,City flag/decor,flg2,time_bg_flg2,sea_s0_twn01,108854,0x0001A936,109605,0x0001AC25,751,other_isgrp,isgrp_003183,scheduler_group
39,family_window,78,Limsa Lominsa,City flag/decor,flg2,time_bg_flg2,sea_s0_twn01,108854,0x0001A936,109618,0x0001AC32,764,other_isgrp,isgrp_003184,scheduler_group
39,owner_window,1,Limsa Lominsa,City flag/decor,flg2,time_bg_flg2,sea_s0_twn01,100075,0x000186EB,99314,0x000183F2,-761,other_isgrp,isgrp_000143,scheduler_group
39,owner_window,2,Limsa Lominsa,City flag/decor,flg2,time_bg_flg2,sea_s0_twn01,100075,0x000186EB,99327,0x000183FF,-748,other_isgrp,isgrp_002713/_lght_a1,scheduler_group
39,owner_window,3,Limsa Lominsa,City flag/decor,flg2,time_bg_flg2,sea_s0_twn01,100075,0x000186EB,99349,0x00018415,-726,other_isgrp,isgrp_002384,scheduler_group
39,owner_window,4,Limsa Lominsa,City flag/decor,flg2,time_bg_flg2,sea_s0_twn01,100075,0x000186EB,99362,0x00018422,-713,other_isgrp,isgrp_002714/_lght_a1,scheduler_group
39,owner_window,5,Limsa Lominsa,City flag/decor,flg2,time_bg_flg2,sea_s0_twn01,100075,0x000186EB,99384,0x00018438,-691,other_isgrp,isgrp_002386,scheduler_group
39,owner_window,6,Limsa Lominsa,City flag/decor,flg2,time_bg_flg2,sea_s0_twn01,100075,0x000186EB,99397,0x00018445,-678,other_isgrp,isgrp_000144,scheduler_group
39,owner_window,7,Limsa Lominsa,City flag/decor,flg2,time_bg_flg2,sea_s0_twn01,100075,0x000186EB,99423,0x0001845F,-652,other_isgrp,isgrp_002388,scheduler_group
39,owner_window,8,Limsa Lominsa,City flag/decor,flg2,time_bg_flg2,sea_s0_twn01,100075,0x000186EB,99436,0x0001846C,-639,other_isgrp,isgrp_002727/_lght_a1,scheduler_group
39,owner_window,9,Limsa Lominsa,City flag/decor,flg2,time_bg_flg2,sea_s0_twn01,100075,0x000186EB,99458,0x00018482,-617,other_isgrp,isgrp_002390,scheduler_group
39,owner_window,10,Limsa Lominsa,City flag/decor,flg2,time_bg_flg2,sea_s0_twn01,100075,0x000186EB,99471,0x0001848F,-604,other_isgrp,isgrp_000145,scheduler_group
39,owner_window,11,Limsa Lominsa,City flag/decor,flg2,time_bg_flg2,sea_s0_twn01,100075,0x000186EB,99484,0x0001849C,-591,other_isgrp,isgrp_002726/_lght_a1,scheduler_group
39,owner_window,12,Limsa Lominsa,City flag/decor,flg2,time_bg_flg2,sea_s0_twn01,100075,0x000186EB,99506,0x000184B2,-569,other_isgrp,isgrp_002392,scheduler_group
39,owner_window,13,Limsa Lominsa,City flag/decor,flg2,time_bg_flg2,sea_s0_twn01,100075,0x000186EB,99519,0x000184BF,-556,other_isgrp,isgrp_002728/_lght_a1,scheduler_group
39,owner_window,14,Limsa Lominsa,City flag/decor,flg2,time_bg_flg2,sea_s0_twn01,100075,0x000186EB,99541,0x000184D5,-534,other_isgrp,isgrp_002394,scheduler_group
39,owner_window,15,Limsa Lominsa,City flag/decor,flg2,time_bg_flg2,sea_s0_twn01,100075,0x000186EB,99554,0x000184E2,-521,other_isgrp,isgrp_000193,scheduler_group
39,owner_window,16,Limsa Lominsa,City flag/decor,flg2,time_bg_flg2,sea_s0_twn01,100075,0x000186EB,99567,0x000184EF,-508,other_isgrp,isgrp_002743/_lght_a1,scheduler_group
39,owner_window,17,Limsa Lominsa,City flag/decor,flg2,time_bg_flg2,sea_s0_twn01,100075,0x000186EB,99589,0x00018505,-486,other_isgrp,isgrp_002396,scheduler_group
39,owner_window,18,Limsa Lominsa,City flag/decor,flg2,time_bg_flg2,sea_s0_twn01,100075,0x000186EB,99602,0x00018512,-473,other_isgrp,isgrp_000192,scheduler_group
39,owner_window,19,Limsa Lominsa,City flag/decor,flg2,time_bg_flg2,sea_s0_twn01,100075,0x000186EB,99615,0x0001851F,-460,other_isgrp,isgrp_002744/_lght_a1,scheduler_group
39,owner_window,20,Limsa Lominsa,City flag/decor,flg2,time_bg_flg2,sea_s0_twn01,100075,0x000186EB,99637,0x00018535,-438,other_isgrp,isgrp_002398,scheduler_group
39,owner_window,21,Limsa Lominsa,City flag/decor,flg2,time_bg_flg2,sea_s0_twn01,100075,0x000186EB,99650,0x00018542,-425,other_isgrp,isgrp_000191,scheduler_group
39,owner_window,22,Limsa Lominsa,City flag/decor,flg2,time_bg_flg2,sea_s0_twn01,100075,0x000186EB,99663,0x0001854F,-412,other_isgrp,isgrp_002745/_lght_a1,scheduler_group
39,owner_window,23,Limsa Lominsa,City flag/decor,flg2,time_bg_flg2,sea_s0_twn01,100075,0x000186EB,99685,0x00018565,-390,other_isgrp,isgrp_002400,scheduler_group
39,owner_window,24,Limsa Lominsa,City flag/decor,flg2,time_bg_flg2,sea_s0_twn01,100075,0x000186EB,99698,0x00018572,-377,other_isgrp,isgrp_000190,scheduler_group
39,owner_window,25,Limsa Lominsa,City flag/decor,flg2,time_bg_flg2,sea_s0_twn01,100075,0x000186EB,99711,0x0001857F,-364,other_isgrp,isgrp_002742/_lght_a1,scheduler_group
39,owner_window,26,Limsa Lominsa,City flag/decor,flg2,time_bg_flg2,sea_s0_twn01,100075,0x000186EB,99733,0x00018595,-342,other_isgrp,isgrp_002402,scheduler_group
39,owner_window,27,Limsa Lominsa,City flag/decor,flg2,time_bg_flg2,sea_s0_twn01,100075,0x000186EB,99746,0x000185A2,-329,other_isgrp,isgrp_000139,scheduler_group
39,owner_window,28,Limsa Lominsa,City flag/decor,flg2,time_bg_flg2,sea_s0_twn01,100075,0x000186EB,99772,0x000185BC,-303,other_isgrp,isgrp_002746/_lght_a1,scheduler_group
39,owner_window,29,Limsa Lominsa,City flag/decor,flg2,time_bg_flg2,sea_s0_twn01,100075,0x000186EB,99794,0x000185D2,-281,other_isgrp,isgrp_002404,scheduler_group
39,owner_window,30,Limsa Lominsa,City flag/decor,flg2,time_bg_flg2,sea_s0_twn01,100075,0x000186EB,99807,0x000185DF,-268,other_isgrp,isgrp_002757/_lght_a1,scheduler_group
39,owner_window,31,Limsa Lominsa,City flag/decor,flg2,time_bg_flg2,sea_s0_twn01,100075,0x000186EB,99829,0x000185F5,-246,other_isgrp,isgrp_002406,scheduler_group
39,owner_window,32,Limsa Lominsa,City flag/decor,flg2,time_bg_flg2,sea_s0_twn01,100075,0x000186EB,99842,0x00018602,-233,other_isgrp,isgrp_000140,scheduler_group
39,owner_window,33,Limsa Lominsa,City flag/decor,flg2,time_bg_flg2,sea_s0_twn01,100075,0x000186EB,99855,0x0001860F,-220,other_isgrp,isgrp_002408,scheduler_group
39,owner_window,34,Limsa Lominsa,City flag/decor,flg2,time_bg_flg2,sea_s0_twn01,100075,0x000186EB,99868,0x0001861C,-207,other_isgrp,isgrp_000141,scheduler_group
39,owner_window,35,Limsa Lominsa,City flag/decor,flg2,time_bg_flg2,sea_s0_twn01,100075,0x000186EB,99881,0x00018629,-194,other_isgrp,isgrp_002410,scheduler_group
39,owner_window,36,Limsa Lominsa,City flag/decor,flg2,time_bg_flg2,sea_s0_twn01,100075,0x000186EB,99894,0x00018636,-181,other_isgrp,isgrp_002412,scheduler_group
39,owner_window,37,Limsa Lominsa,City flag/decor,flg2,time_bg_flg2,sea_s0_twn01,100075,0x000186EB,99920,0x00018650,-155,other_isgrp,isgrp_002413,scheduler_group
39,owner_window,38,Limsa Lominsa,City flag/decor,flg2,time_bg_flg2,sea_s0_twn01,100075,0x000186EB,99933,0x0001865D,-142,other_isgrp,isgrp_000197,scheduler_group
39,owner_window,39,Limsa Lominsa,City flag/decor,flg2,time_bg_flg2,sea_s0_twn01,100075,0x000186EB,99959,0x00018677,-116,other_isgrp,isgrp_002760/_lght_a1,scheduler_group
39,owner_window,40,Limsa Lominsa,City flag/decor,flg2,time_bg_flg2,sea_s0_twn01,100075,0x000186EB,99981,0x0001868D,-94,other_isgrp,isgrp_002416,scheduler_group
39,owner_window,41,Limsa Lominsa,City flag/decor,flg2,time_bg_flg2,sea_s0_twn01,100075,0x000186EB,99994,0x0001869A,-81,other_isgrp,isgrp_002418,scheduler_group
39,owner_window,42,Limsa Lominsa,City flag/decor,flg2,time_bg_flg2,sea_s0_twn01,100075,0x000186EB,100007,0x000186A7,-68,other_isgrp,isgrp_000194,scheduler_group
39,owner_window,43,Limsa Lominsa,City flag/decor,flg2,time_bg_flg2,sea_s0_twn01,100075,0x000186EB,100033,0x000186C1,-42,other_isgrp,isgrp_002420,scheduler_group
39,owner_window,44,Limsa Lominsa,City flag/decor,flg2,time_bg_flg2,sea_s0_twn01,100075,0x000186EB,100046,0x000186CE,-29,other_isgrp,isgrp_000195,scheduler_group
39,owner_window,45,Limsa Lominsa,City flag/decor,flg2,time_bg_flg2,sea_s0_twn01,100075,0x000186EB,100059,0x000186DB,-16,other_sgrp,sgrp_bg_door_b2,scheduler_group
39,owner_window,46,Limsa Lominsa,City flag/decor,flg2,time_bg_flg2,sea_s0_twn01,100075,0x000186EB,100075,0x000186EB,0,owner_isgrp,isgrp_002422,scheduler_group
39,owner_window,47,Limsa Lominsa,City flag/decor,flg2,time_bg_flg2,sea_s0_twn01,100075,0x000186EB,100088,0x000186F8,13,other_isgrp,isgrp_000196,scheduler_group
39,owner_window,48,Limsa Lominsa,City flag/decor,flg2,time_bg_flg2,sea_s0_twn01,100075,0x000186EB,100101,0x00018705,26,other_isgrp,isgrp_002725/_lght_a1,scheduler_group
39,owner_window,49,Limsa Lominsa,City flag/decor,flg2,time_bg_flg2,sea_s0_twn01,100075,0x000186EB,100123,0x0001871B,48,other_sgrp,sgrp_bg_door_b1_dam,scheduler_group
39,owner_window,50,Limsa Lominsa,City flag/decor,flg2,time_bg_flg2,sea_s0_twn01,100075,0x000186EB,100185,0x00018759,110,other_sgrp,sgrp_bg_gate_a1,scheduler_group
39,owner_window,51,Limsa Lominsa,City flag/decor,flg2,time_bg_flg2,sea_s0_twn01,100075,0x000186EB,100215,0x00018777,140,other_sgrp,sgrp_bg_gate_a2,scheduler_group
39,owner_window,52,Limsa Lominsa,City flag/decor,flg2,time_bg_flg2,sea_s0_twn01,100075,0x000186EB,100237,0x0001878D,162,other_sgrp,sgrp_bg_gate_b1,scheduler_group
39,owner_window,53,Limsa Lominsa,City flag/decor,flg2,time_bg_flg2,sea_s0_twn01,100075,0x000186EB,100475,0x0001887B,400,other_sgrp,sgrp_bg_gate_c1,scheduler_group
39,owner_window,54,Limsa Lominsa,City flag/decor,flg2,time_bg_flg2,sea_s0_twn01,100075,0x000186EB,100491,0x0001888B,416,other_isgrp,isgrp_002425,scheduler_group
39,owner_window,55,Limsa Lominsa,City flag/decor,flg2,time_bg_flg2,sea_s0_twn01,100075,0x000186EB,100504,0x00018898,429,other_isgrp,isgrp_002427,scheduler_group
39,owner_window,56,Limsa Lominsa,City flag/decor,flg2,time_bg_flg2,sea_s0_twn01,100075,0x000186EB,100517,0x000188A5,442,other_isgrp,isgrp_002429,scheduler_group
39,owner_window,57,Limsa Lominsa,City flag/decor,flg2,time_bg_flg2,sea_s0_twn01,100075,0x000186EB,100530,0x000188B2,455,other_isgrp,isgrp_002431,scheduler_group
39,owner_window,58,Limsa Lominsa,City flag/decor,flg2,time_bg_flg2,sea_s0_twn01,100075,0x000186EB,100543,0x000188BF,468,other_isgrp,isgrp_000180,scheduler_group
39,owner_window,59,Limsa Lominsa,City flag/decor,flg2,time_bg_flg2,sea_s0_twn01,100075,0x000186EB,100556,0x000188CC,481,other_isgrp,isgrp_002433,scheduler_group
39,owner_window,60,Limsa Lominsa,City flag/decor,flg2,time_bg_flg2,sea_s0_twn01,100075,0x000186EB,100569,0x000188D9,494,other_isgrp,isgrp_000181,scheduler_group
39,owner_window,61,Limsa Lominsa,City flag/decor,flg2,time_bg_flg2,sea_s0_twn01,100075,0x000186EB,100582,0x000188E6,507,other_sgrp,sgrp_bg_gate_d1,scheduler_group
39,owner_window,62,Limsa Lominsa,City flag/decor,flg2,time_bg_flg2,sea_s0_twn01,100075,0x000186EB,100623,0x0001890F,548,nearby,vfx_gate201,vfx_or_scene_def
39,owner_window,63,Limsa Lominsa,City flag/decor,flg2,time_bg_flg2,sea_s0_twn01,100075,0x000186EB,100640,0x00018920,565,nearby,vfx_gate202,vfx_or_scene_def
39,owner_window,64,Limsa Lominsa,City flag/decor,flg2,time_bg_flg2,sea_s0_twn01,100075,0x000186EB,100652,0x0001892C,577,nearby,vfx_gate203,vfx_or_scene_def
39,owner_window,65,Limsa Lominsa,City flag/decor,flg2,time_bg_flg2,sea_s0_twn01,100075,0x000186EB,100664,0x00018938,589,other_sgrp,sgrp_bg_gate_e1,scheduler_group
39,owner_window,66,Limsa Lominsa,City flag/decor,flg2,time_bg_flg2,sea_s0_twn01,100075,0x000186EB,100754,0x00018992,679,nearby,vfx_gate102,vfx_or_scene_def
39,owner_window,67,Limsa Lominsa,City flag/decor,flg2,time_bg_flg2,sea_s0_twn01,100075,0x000186EB,100766,0x0001899E,691,nearby,vfx_gate101,vfx_or_scene_def
39,owner_window,68,Limsa Lominsa,City flag/decor,flg2,time_bg_flg2,sea_s0_twn01,100075,0x000186EB,100778,0x000189AA,703,nearby,vfx_gate103,vfx_or_scene_def
39,owner_window,69,Limsa Lominsa,City flag/decor,flg2,time_bg_flg2,sea_s0_twn01,100075,0x000186EB,100790,0x000189B6,715,other_isgrp,isgrp_002435,scheduler_group
39,owner_window,70,Limsa Lominsa,City flag/decor,flg2,time_bg_flg2,sea_s0_twn01,100075,0x000186EB,100803,0x000189C3,728,nearby,Bk_isgrp_002172-024,interesting
39,owner_window,71,Limsa Lominsa,City flag/decor,flg2,time_bg_flg2,sea_s0_twn01,100075,0x000186EB,100823,0x000189D7,748,other_isgrp,isgrp_002437,scheduler_group
39,owner_window,72,Limsa Lominsa,City flag/decor,flg2,time_bg_flg2,sea_s0_twn01,100075,0x000186EB,100836,0x000189E4,761,other_isgrp,isgrp_002439,scheduler_group
40,family_window,1,Limsa Lominsa,City flag/decor,flg3,time_bg_flg3,sea_s0_twn01,109045,0x0001A9F5,108285,0x0001A6FD,-760,other_isgrp,isgrp_003061,scheduler_group
40,family_window,2,Limsa Lominsa,City flag/decor,flg3,time_bg_flg3,sea_s0_twn01,109045,0x0001A9F5,108298,0x0001A70A,-747,other_isgrp,isgrp_003062,scheduler_group
40,family_window,3,Limsa Lominsa,City flag/decor,flg3,time_bg_flg3,sea_s0_twn01,109045,0x0001A9F5,108311,0x0001A717,-734,other_isgrp,isgrp_003063,scheduler_group
40,family_window,4,Limsa Lominsa,City flag/decor,flg3,time_bg_flg3,sea_s0_twn01,109045,0x0001A9F5,108324,0x0001A724,-721,other_sgrp,sgrp_bg_t1_bort_a,scheduler_group
40,family_window,5,Limsa Lominsa,City flag/decor,flg3,time_bg_flg3,sea_s0_twn01,109045,0x0001A9F5,108353,0x0001A741,-692,other_sgrp,sgrp_bg_t1_bort_b,scheduler_group
40,family_window,6,Limsa Lominsa,City flag/decor,flg3,time_bg_flg3,sea_s0_twn01,109045,0x0001A9F5,108390,0x0001A766,-655,other_sgrp,sgrp_bg_t1_bort_c,scheduler_group
40,family_window,7,Limsa Lominsa,City flag/decor,flg3,time_bg_flg3,sea_s0_twn01,109045,0x0001A9F5,108431,0x0001A78F,-614,other_isgrp,isgrp_003087,scheduler_group
40,family_window,8,Limsa Lominsa,City flag/decor,flg3,time_bg_flg3,sea_s0_twn01,109045,0x0001A9F5,108444,0x0001A79C,-601,other_isgrp,isgrp_003088,scheduler_group
40,family_window,9,Limsa Lominsa,City flag/decor,flg3,time_bg_flg3,sea_s0_twn01,109045,0x0001A9F5,108457,0x0001A7A9,-588,other_isgrp,isgrp_003089,scheduler_group
40,family_window,10,Limsa Lominsa,City flag/decor,flg3,time_bg_flg3,sea_s0_twn01,109045,0x0001A9F5,108470,0x0001A7B6,-575,other_sgrp,sgrp_s0t0_b0_snm1_hb,scheduler_group
40,family_window,11,Limsa Lominsa,City flag/decor,flg3,time_bg_flg3,sea_s0_twn01,109045,0x0001A9F5,108491,0x0001A7CB,-554,other_sgrp,sgrp_s0t0_b0_sns1_hb,scheduler_group
40,family_window,12,Limsa Lominsa,City flag/decor,flg3,time_bg_flg3,sea_s0_twn01,109045,0x0001A9F5,108512,0x0001A7E0,-533,other_sgrp,sgrp_s0t0_e0_tgg1_h,scheduler_group
40,family_window,13,Limsa Lominsa,City flag/decor,flg3,time_bg_flg3,sea_s0_twn01,109045,0x0001A9F5,108551,0x0001A807,-494,other_sgrp,sgrp_s0t0_b0_2fe2_a,scheduler_group
40,family_window,14,Limsa Lominsa,City flag/decor,flg3,time_bg_flg3,sea_s0_twn01,109045,0x0001A9F5,108619,0x0001A84B,-426,other_sgrp,sgrp_s0t0_b0_2fe4_a,scheduler_group
40,family_window,15,Limsa Lominsa,City flag/decor,flg3,time_bg_flg3,sea_s0_twn01,109045,0x0001A9F5,108639,0x0001A85F,-406,other_sgrp,sgrp_s0t0_b0_2fe6_a,scheduler_group
40,family_window,16,Limsa Lominsa,City flag/decor,flg3,time_bg_flg3,sea_s0_twn01,109045,0x0001A9F5,108659,0x0001A873,-386,other_sgrp,sgrp_s0t0_z0_kki2_h,scheduler_group
40,family_window,17,Limsa Lominsa,City flag/decor,flg3,time_bg_flg3,sea_s0_twn01,109045,0x0001A9F5,108698,0x0001A89A,-347,other_sgrp,sgrp_s0t0_z0_kki3_h,scheduler_group
40,family_window,18,Limsa Lominsa,City flag/decor,flg3,time_bg_flg3,sea_s0_twn01,109045,0x0001A9F5,108737,0x0001A8C1,-308,other_isgrp,isgrp_003127,scheduler_group
40,family_window,19,Limsa Lominsa,City flag/decor,flg3,time_bg_flg3,sea_s0_twn01,109045,0x0001A9F5,108750,0x0001A8CE,-295,other_isgrp,isgrp_003128,scheduler_group
40,family_window,20,Limsa Lominsa,City flag/decor,flg3,time_bg_flg3,sea_s0_twn01,109045,0x0001A9F5,108763,0x0001A8DB,-282,other_isgrp,isgrp_003129,scheduler_group
40,family_window,21,Limsa Lominsa,City flag/decor,flg3,time_bg_flg3,sea_s0_twn01,109045,0x0001A9F5,108776,0x0001A8E8,-269,other_isgrp,isgrp_003130,scheduler_group
40,family_window,22,Limsa Lominsa,City flag/decor,flg3,time_bg_flg3,sea_s0_twn01,109045,0x0001A9F5,108789,0x0001A8F5,-256,other_isgrp,isgrp_003131,scheduler_group
40,family_window,23,Limsa Lominsa,City flag/decor,flg3,time_bg_flg3,sea_s0_twn01,109045,0x0001A9F5,108802,0x0001A902,-243,other_isgrp,isgrp_003132,scheduler_group
40,family_window,24,Limsa Lominsa,City flag/decor,flg3,time_bg_flg3,sea_s0_twn01,109045,0x0001A9F5,108815,0x0001A90F,-230,other_sgrp,sgrp_s0t0_z0_flg1_h,scheduler_group
40,family_window,25,Limsa Lominsa,City flag/decor,flg3,time_bg_flg3,sea_s0_twn01,109045,0x0001A9F5,108835,0x0001A923,-210,nearby,s0t0_z0_flg1_h_001,flag_or_decor_group
40,family_window,26,Limsa Lominsa,City flag/decor,flg3,time_bg_flg3,sea_s0_twn01,109045,0x0001A9F5,108854,0x0001A936,-191,other_sgrp,sgrp_s0t0_z0_flg2_h,scheduler_group
40,family_window,27,Limsa Lominsa,City flag/decor,flg3,time_bg_flg3,sea_s0_twn01,109045,0x0001A9F5,108874,0x0001A94A,-171,nearby,s0t0_z0_flg2_h_001,flag_or_decor_group
40,family_window,28,Limsa Lominsa,City flag/decor,flg3,time_bg_flg3,sea_s0_twn01,109045,0x0001A9F5,108915,0x0001A973,-130,other_isgrp,isgrp_003133,scheduler_group
40,family_window,29,Limsa Lominsa,City flag/decor,flg3,time_bg_flg3,sea_s0_twn01,109045,0x0001A9F5,108928,0x0001A980,-117,other_isgrp,isgrp_003134,scheduler_group
40,family_window,30,Limsa Lominsa,City flag/decor,flg3,time_bg_flg3,sea_s0_twn01,109045,0x0001A9F5,108941,0x0001A98D,-104,other_isgrp,isgrp_003135,scheduler_group
40,family_window,31,Limsa Lominsa,City flag/decor,flg3,time_bg_flg3,sea_s0_twn01,109045,0x0001A9F5,108954,0x0001A99A,-91,other_isgrp,isgrp_003136,scheduler_group
40,family_window,32,Limsa Lominsa,City flag/decor,flg3,time_bg_flg3,sea_s0_twn01,109045,0x0001A9F5,108967,0x0001A9A7,-78,other_isgrp,isgrp_003137,scheduler_group
40,family_window,33,Limsa Lominsa,City flag/decor,flg3,time_bg_flg3,sea_s0_twn01,109045,0x0001A9F5,108980,0x0001A9B4,-65,other_isgrp,isgrp_003138,scheduler_group
40,family_window,34,Limsa Lominsa,City flag/decor,flg3,time_bg_flg3,sea_s0_twn01,109045,0x0001A9F5,108993,0x0001A9C1,-52,other_isgrp,isgrp_003139,scheduler_group
40,family_window,35,Limsa Lominsa,City flag/decor,flg3,time_bg_flg3,sea_s0_twn01,109045,0x0001A9F5,109006,0x0001A9CE,-39,other_isgrp,isgrp_003140,scheduler_group
40,family_window,36,Limsa Lominsa,City flag/decor,flg3,time_bg_flg3,sea_s0_twn01,109045,0x0001A9F5,109019,0x0001A9DB,-26,other_isgrp,isgrp_003141,scheduler_group
40,family_window,37,Limsa Lominsa,City flag/decor,flg3,time_bg_flg3,sea_s0_twn01,109045,0x0001A9F5,109032,0x0001A9E8,-13,other_isgrp,isgrp_003142,scheduler_group
40,family_window,38,Limsa Lominsa,City flag/decor,flg3,time_bg_flg3,sea_s0_twn01,109045,0x0001A9F5,109045,0x0001A9F5,0,matched_group,sgrp_s0t0_z0_flg3_h,scheduler_group
40,family_window,39,Limsa Lominsa,City flag/decor,flg3,time_bg_flg3,sea_s0_twn01,109045,0x0001A9F5,109065,0x0001AA09,20,same_family_mesh_or_attr,s0t0_z0_flg3_h_001,flag_or_decor_group
40,family_window,40,Limsa Lominsa,City flag/decor,flg3,time_bg_flg3,sea_s0_twn01,109045,0x0001A9F5,109103,0x0001AA2F,58,other_sgrp,sgrp_arch_2,scheduler_group
40,family_window,41,Limsa Lominsa,City flag/decor,flg3,time_bg_flg3,sea_s0_twn01,109045,0x0001A9F5,109172,0x0001AA74,127,other_isgrp,isgrp_003143,scheduler_group
40,family_window,42,Limsa Lominsa,City flag/decor,flg3,time_bg_flg3,sea_s0_twn01,109045,0x0001A9F5,109185,0x0001AA81,140,nearby,Bk_isgrp_000713-007,interesting
40,family_window,43,Limsa Lominsa,City flag/decor,flg3,time_bg_flg3,sea_s0_twn01,109045,0x0001A9F5,109205,0x0001AA95,160,nearby,Bk_isgrp_000713-008,interesting
40,family_window,44,Limsa Lominsa,City flag/decor,flg3,time_bg_flg3,sea_s0_twn01,109045,0x0001A9F5,109225,0x0001AAA9,180,other_isgrp,isgrp_003144,scheduler_group
40,family_window,45,Limsa Lominsa,City flag/decor,flg3,time_bg_flg3,sea_s0_twn01,109045,0x0001A9F5,109238,0x0001AAB6,193,other_isgrp,isgrp_003145,scheduler_group
40,family_window,46,Limsa Lominsa,City flag/decor,flg3,time_bg_flg3,sea_s0_twn01,109045,0x0001A9F5,109251,0x0001AAC3,206,other_isgrp,isgrp_003146,scheduler_group
40,family_window,47,Limsa Lominsa,City flag/decor,flg3,time_bg_flg3,sea_s0_twn01,109045,0x0001A9F5,109264,0x0001AAD0,219,other_isgrp,isgrp_003147,scheduler_group
40,family_window,48,Limsa Lominsa,City flag/decor,flg3,time_bg_flg3,sea_s0_twn01,109045,0x0001A9F5,109277,0x0001AADD,232,other_isgrp,isgrp_003148,scheduler_group
40,family_window,49,Limsa Lominsa,City flag/decor,flg3,time_bg_flg3,sea_s0_twn01,109045,0x0001A9F5,109290,0x0001AAEA,245,other_isgrp,isgrp_003149,scheduler_group
40,family_window,50,Limsa Lominsa,City flag/decor,flg3,time_bg_flg3,sea_s0_twn01,109045,0x0001A9F5,109303,0x0001AAF7,258,other_isgrp,isgrp_003150,scheduler_group
40,family_window,51,Limsa Lominsa,City flag/decor,flg3,time_bg_flg3,sea_s0_twn01,109045,0x0001A9F5,109316,0x0001AB04,271,other_isgrp,isgrp_003151,scheduler_group
40,family_window,52,Limsa Lominsa,City flag/decor,flg3,time_bg_flg3,sea_s0_twn01,109045,0x0001A9F5,109329,0x0001AB11,284,other_isgrp,isgrp_003152,scheduler_group
40,family_window,53,Limsa Lominsa,City flag/decor,flg3,time_bg_flg3,sea_s0_twn01,109045,0x0001A9F5,109342,0x0001AB1E,297,other_isgrp,isgrp_003153,scheduler_group
40,family_window,54,Limsa Lominsa,City flag/decor,flg3,time_bg_flg3,sea_s0_twn01,109045,0x0001A9F5,109355,0x0001AB2B,310,other_isgrp,isgrp_003154,scheduler_group
40,family_window,55,Limsa Lominsa,City flag/decor,flg3,time_bg_flg3,sea_s0_twn01,109045,0x0001A9F5,109368,0x0001AB38,323,other_isgrp,isgrp_003155,scheduler_group
40,family_window,56,Limsa Lominsa,City flag/decor,flg3,time_bg_flg3,sea_s0_twn01,109045,0x0001A9F5,109381,0x0001AB45,336,other_isgrp,isgrp_003158,scheduler_group
40,family_window,57,Limsa Lominsa,City flag/decor,flg3,time_bg_flg3,sea_s0_twn01,109045,0x0001A9F5,109394,0x0001AB52,349,other_sgrp,sgrp_bg_gci1,scheduler_group
40,family_window,58,Limsa Lominsa,City flag/decor,flg3,time_bg_flg3,sea_s0_twn01,109045,0x0001A9F5,109487,0x0001ABAF,442,other_isgrp,isgrp_003171,scheduler_group
40,family_window,59,Limsa Lominsa,City flag/decor,flg3,time_bg_flg3,sea_s0_twn01,109045,0x0001A9F5,109500,0x0001ABBC,455,other_sgrp,sgrp_bg_kki2,scheduler_group
40,family_window,60,Limsa Lominsa,City flag/decor,flg3,time_bg_flg3,sea_s0_twn01,109045,0x0001A9F5,109579,0x0001AC0B,534,other_isgrp,isgrp_003181,scheduler_group
40,family_window,61,Limsa Lominsa,City flag/decor,flg3,time_bg_flg3,sea_s0_twn01,109045,0x0001A9F5,109592,0x0001AC18,547,other_isgrp,isgrp_003182,scheduler_group
40,family_window,62,Limsa Lominsa,City flag/decor,flg3,time_bg_flg3,sea_s0_twn01,109045,0x0001A9F5,109605,0x0001AC25,560,other_isgrp,isgrp_003183,scheduler_group
40,family_window,63,Limsa Lominsa,City flag/decor,flg3,time_bg_flg3,sea_s0_twn01,109045,0x0001A9F5,109618,0x0001AC32,573,other_isgrp,isgrp_003184,scheduler_group
40,family_window,64,Limsa Lominsa,City flag/decor,flg3,time_bg_flg3,sea_s0_twn01,109045,0x0001A9F5,109631,0x0001AC3F,586,other_isgrp,isgrp_003185,scheduler_group
40,family_window,65,Limsa Lominsa,City flag/decor,flg3,time_bg_flg3,sea_s0_twn01,109045,0x0001A9F5,109644,0x0001AC4C,599,other_isgrp,isgrp_003186,scheduler_group
40,family_window,66,Limsa Lominsa,City flag/decor,flg3,time_bg_flg3,sea_s0_twn01,109045,0x0001A9F5,109657,0x0001AC59,612,other_isgrp,isgrp_003187,scheduler_group
40,family_window,67,Limsa Lominsa,City flag/decor,flg3,time_bg_flg3,sea_s0_twn01,109045,0x0001A9F5,109670,0x0001AC66,625,other_isgrp,isgrp_003188,scheduler_group
40,family_window,68,Limsa Lominsa,City flag/decor,flg3,time_bg_flg3,sea_s0_twn01,109045,0x0001A9F5,109683,0x0001AC73,638,other_isgrp,isgrp_003189,scheduler_group
40,family_window,69,Limsa Lominsa,City flag/decor,flg3,time_bg_flg3,sea_s0_twn01,109045,0x0001A9F5,109696,0x0001AC80,651,other_isgrp,isgrp_003190,scheduler_group
40,family_window,70,Limsa Lominsa,City flag/decor,flg3,time_bg_flg3,sea_s0_twn01,109045,0x0001A9F5,109709,0x0001AC8D,664,other_isgrp,isgrp_003191,scheduler_group
40,family_window,71,Limsa Lominsa,City flag/decor,flg3,time_bg_flg3,sea_s0_twn01,109045,0x0001A9F5,109722,0x0001AC9A,677,other_isgrp,isgrp_003192,scheduler_group
40,family_window,72,Limsa Lominsa,City flag/decor,flg3,time_bg_flg3,sea_s0_twn01,109045,0x0001A9F5,109735,0x0001ACA7,690,other_sgrp,sgrp_bg_flg1,scheduler_group
40,family_window,73,Limsa Lominsa,City flag/decor,flg3,time_bg_flg3,sea_s0_twn01,109045,0x0001A9F5,109788,0x0001ACDC,743,other_isgrp,isgrp_003193,scheduler_group
40,family_window,74,Limsa Lominsa,City flag/decor,flg3,time_bg_flg3,sea_s0_twn01,109045,0x0001A9F5,109801,0x0001ACE9,756,other_isgrp,isgrp_003194,scheduler_group
40,owner_window,1,Limsa Lominsa,City flag/decor,flg3,time_bg_flg3,sea_s0_twn01,100075,0x000186EB,99314,0x000183F2,-761,other_isgrp,isgrp_000143,scheduler_group
40,owner_window,2,Limsa Lominsa,City flag/decor,flg3,time_bg_flg3,sea_s0_twn01,100075,0x000186EB,99327,0x000183FF,-748,other_isgrp,isgrp_002713/_lght_a1,scheduler_group
40,owner_window,3,Limsa Lominsa,City flag/decor,flg3,time_bg_flg3,sea_s0_twn01,100075,0x000186EB,99349,0x00018415,-726,other_isgrp,isgrp_002384,scheduler_group
40,owner_window,4,Limsa Lominsa,City flag/decor,flg3,time_bg_flg3,sea_s0_twn01,100075,0x000186EB,99362,0x00018422,-713,other_isgrp,isgrp_002714/_lght_a1,scheduler_group
40,owner_window,5,Limsa Lominsa,City flag/decor,flg3,time_bg_flg3,sea_s0_twn01,100075,0x000186EB,99384,0x00018438,-691,other_isgrp,isgrp_002386,scheduler_group
40,owner_window,6,Limsa Lominsa,City flag/decor,flg3,time_bg_flg3,sea_s0_twn01,100075,0x000186EB,99397,0x00018445,-678,other_isgrp,isgrp_000144,scheduler_group
40,owner_window,7,Limsa Lominsa,City flag/decor,flg3,time_bg_flg3,sea_s0_twn01,100075,0x000186EB,99423,0x0001845F,-652,other_isgrp,isgrp_002388,scheduler_group
40,owner_window,8,Limsa Lominsa,City flag/decor,flg3,time_bg_flg3,sea_s0_twn01,100075,0x000186EB,99436,0x0001846C,-639,other_isgrp,isgrp_002727/_lght_a1,scheduler_group
40,owner_window,9,Limsa Lominsa,City flag/decor,flg3,time_bg_flg3,sea_s0_twn01,100075,0x000186EB,99458,0x00018482,-617,other_isgrp,isgrp_002390,scheduler_group
40,owner_window,10,Limsa Lominsa,City flag/decor,flg3,time_bg_flg3,sea_s0_twn01,100075,0x000186EB,99471,0x0001848F,-604,other_isgrp,isgrp_000145,scheduler_group
40,owner_window,11,Limsa Lominsa,City flag/decor,flg3,time_bg_flg3,sea_s0_twn01,100075,0x000186EB,99484,0x0001849C,-591,other_isgrp,isgrp_002726/_lght_a1,scheduler_group
40,owner_window,12,Limsa Lominsa,City flag/decor,flg3,time_bg_flg3,sea_s0_twn01,100075,0x000186EB,99506,0x000184B2,-569,other_isgrp,isgrp_002392,scheduler_group
40,owner_window,13,Limsa Lominsa,City flag/decor,flg3,time_bg_flg3,sea_s0_twn01,100075,0x000186EB,99519,0x000184BF,-556,other_isgrp,isgrp_002728/_lght_a1,scheduler_group
40,owner_window,14,Limsa Lominsa,City flag/decor,flg3,time_bg_flg3,sea_s0_twn01,100075,0x000186EB,99541,0x000184D5,-534,other_isgrp,isgrp_002394,scheduler_group
40,owner_window,15,Limsa Lominsa,City flag/decor,flg3,time_bg_flg3,sea_s0_twn01,100075,0x000186EB,99554,0x000184E2,-521,other_isgrp,isgrp_000193,scheduler_group
40,owner_window,16,Limsa Lominsa,City flag/decor,flg3,time_bg_flg3,sea_s0_twn01,100075,0x000186EB,99567,0x000184EF,-508,other_isgrp,isgrp_002743/_lght_a1,scheduler_group
40,owner_window,17,Limsa Lominsa,City flag/decor,flg3,time_bg_flg3,sea_s0_twn01,100075,0x000186EB,99589,0x00018505,-486,other_isgrp,isgrp_002396,scheduler_group
40,owner_window,18,Limsa Lominsa,City flag/decor,flg3,time_bg_flg3,sea_s0_twn01,100075,0x000186EB,99602,0x00018512,-473,other_isgrp,isgrp_000192,scheduler_group
40,owner_window,19,Limsa Lominsa,City flag/decor,flg3,time_bg_flg3,sea_s0_twn01,100075,0x000186EB,99615,0x0001851F,-460,other_isgrp,isgrp_002744/_lght_a1,scheduler_group
40,owner_window,20,Limsa Lominsa,City flag/decor,flg3,time_bg_flg3,sea_s0_twn01,100075,0x000186EB,99637,0x00018535,-438,other_isgrp,isgrp_002398,scheduler_group
40,owner_window,21,Limsa Lominsa,City flag/decor,flg3,time_bg_flg3,sea_s0_twn01,100075,0x000186EB,99650,0x00018542,-425,other_isgrp,isgrp_000191,scheduler_group
40,owner_window,22,Limsa Lominsa,City flag/decor,flg3,time_bg_flg3,sea_s0_twn01,100075,0x000186EB,99663,0x0001854F,-412,other_isgrp,isgrp_002745/_lght_a1,scheduler_group
40,owner_window,23,Limsa Lominsa,City flag/decor,flg3,time_bg_flg3,sea_s0_twn01,100075,0x000186EB,99685,0x00018565,-390,other_isgrp,isgrp_002400,scheduler_group
40,owner_window,24,Limsa Lominsa,City flag/decor,flg3,time_bg_flg3,sea_s0_twn01,100075,0x000186EB,99698,0x00018572,-377,other_isgrp,isgrp_000190,scheduler_group
40,owner_window,25,Limsa Lominsa,City flag/decor,flg3,time_bg_flg3,sea_s0_twn01,100075,0x000186EB,99711,0x0001857F,-364,other_isgrp,isgrp_002742/_lght_a1,scheduler_group
40,owner_window,26,Limsa Lominsa,City flag/decor,flg3,time_bg_flg3,sea_s0_twn01,100075,0x000186EB,99733,0x00018595,-342,other_isgrp,isgrp_002402,scheduler_group
40,owner_window,27,Limsa Lominsa,City flag/decor,flg3,time_bg_flg3,sea_s0_twn01,100075,0x000186EB,99746,0x000185A2,-329,other_isgrp,isgrp_000139,scheduler_group
40,owner_window,28,Limsa Lominsa,City flag/decor,flg3,time_bg_flg3,sea_s0_twn01,100075,0x000186EB,99772,0x000185BC,-303,other_isgrp,isgrp_002746/_lght_a1,scheduler_group
40,owner_window,29,Limsa Lominsa,City flag/decor,flg3,time_bg_flg3,sea_s0_twn01,100075,0x000186EB,99794,0x000185D2,-281,other_isgrp,isgrp_002404,scheduler_group
40,owner_window,30,Limsa Lominsa,City flag/decor,flg3,time_bg_flg3,sea_s0_twn01,100075,0x000186EB,99807,0x000185DF,-268,other_isgrp,isgrp_002757/_lght_a1,scheduler_group
40,owner_window,31,Limsa Lominsa,City flag/decor,flg3,time_bg_flg3,sea_s0_twn01,100075,0x000186EB,99829,0x000185F5,-246,other_isgrp,isgrp_002406,scheduler_group
40,owner_window,32,Limsa Lominsa,City flag/decor,flg3,time_bg_flg3,sea_s0_twn01,100075,0x000186EB,99842,0x00018602,-233,other_isgrp,isgrp_000140,scheduler_group
40,owner_window,33,Limsa Lominsa,City flag/decor,flg3,time_bg_flg3,sea_s0_twn01,100075,0x000186EB,99855,0x0001860F,-220,other_isgrp,isgrp_002408,scheduler_group
40,owner_window,34,Limsa Lominsa,City flag/decor,flg3,time_bg_flg3,sea_s0_twn01,100075,0x000186EB,99868,0x0001861C,-207,other_isgrp,isgrp_000141,scheduler_group
40,owner_window,35,Limsa Lominsa,City flag/decor,flg3,time_bg_flg3,sea_s0_twn01,100075,0x000186EB,99881,0x00018629,-194,other_isgrp,isgrp_002410,scheduler_group
40,owner_window,36,Limsa Lominsa,City flag/decor,flg3,time_bg_flg3,sea_s0_twn01,100075,0x000186EB,99894,0x00018636,-181,other_isgrp,isgrp_002412,scheduler_group
40,owner_window,37,Limsa Lominsa,City flag/decor,flg3,time_bg_flg3,sea_s0_twn01,100075,0x000186EB,99920,0x00018650,-155,other_isgrp,isgrp_002413,scheduler_group
40,owner_window,38,Limsa Lominsa,City flag/decor,flg3,time_bg_flg3,sea_s0_twn01,100075,0x000186EB,99933,0x0001865D,-142,other_isgrp,isgrp_000197,scheduler_group
40,owner_window,39,Limsa Lominsa,City flag/decor,flg3,time_bg_flg3,sea_s0_twn01,100075,0x000186EB,99959,0x00018677,-116,other_isgrp,isgrp_002760/_lght_a1,scheduler_group
40,owner_window,40,Limsa Lominsa,City flag/decor,flg3,time_bg_flg3,sea_s0_twn01,100075,0x000186EB,99981,0x0001868D,-94,other_isgrp,isgrp_002416,scheduler_group
40,owner_window,41,Limsa Lominsa,City flag/decor,flg3,time_bg_flg3,sea_s0_twn01,100075,0x000186EB,99994,0x0001869A,-81,other_isgrp,isgrp_002418,scheduler_group
40,owner_window,42,Limsa Lominsa,City flag/decor,flg3,time_bg_flg3,sea_s0_twn01,100075,0x000186EB,100007,0x000186A7,-68,other_isgrp,isgrp_000194,scheduler_group
40,owner_window,43,Limsa Lominsa,City flag/decor,flg3,time_bg_flg3,sea_s0_twn01,100075,0x000186EB,100033,0x000186C1,-42,other_isgrp,isgrp_002420,scheduler_group
40,owner_window,44,Limsa Lominsa,City flag/decor,flg3,time_bg_flg3,sea_s0_twn01,100075,0x000186EB,100046,0x000186CE,-29,other_isgrp,isgrp_000195,scheduler_group
40,owner_window,45,Limsa Lominsa,City flag/decor,flg3,time_bg_flg3,sea_s0_twn01,100075,0x000186EB,100059,0x000186DB,-16,other_sgrp,sgrp_bg_door_b2,scheduler_group
40,owner_window,46,Limsa Lominsa,City flag/decor,flg3,time_bg_flg3,sea_s0_twn01,100075,0x000186EB,100075,0x000186EB,0,owner_isgrp,isgrp_002422,scheduler_group
40,owner_window,47,Limsa Lominsa,City flag/decor,flg3,time_bg_flg3,sea_s0_twn01,100075,0x000186EB,100088,0x000186F8,13,other_isgrp,isgrp_000196,scheduler_group
40,owner_window,48,Limsa Lominsa,City flag/decor,flg3,time_bg_flg3,sea_s0_twn01,100075,0x000186EB,100101,0x00018705,26,other_isgrp,isgrp_002725/_lght_a1,scheduler_group
40,owner_window,49,Limsa Lominsa,City flag/decor,flg3,time_bg_flg3,sea_s0_twn01,100075,0x000186EB,100123,0x0001871B,48,other_sgrp,sgrp_bg_door_b1_dam,scheduler_group
40,owner_window,50,Limsa Lominsa,City flag/decor,flg3,time_bg_flg3,sea_s0_twn01,100075,0x000186EB,100185,0x00018759,110,other_sgrp,sgrp_bg_gate_a1,scheduler_group
40,owner_window,51,Limsa Lominsa,City flag/decor,flg3,time_bg_flg3,sea_s0_twn01,100075,0x000186EB,100215,0x00018777,140,other_sgrp,sgrp_bg_gate_a2,scheduler_group
40,owner_window,52,Limsa Lominsa,City flag/decor,flg3,time_bg_flg3,sea_s0_twn01,100075,0x000186EB,100237,0x0001878D,162,other_sgrp,sgrp_bg_gate_b1,scheduler_group
40,owner_window,53,Limsa Lominsa,City flag/decor,flg3,time_bg_flg3,sea_s0_twn01,100075,0x000186EB,100475,0x0001887B,400,other_sgrp,sgrp_bg_gate_c1,scheduler_group
40,owner_window,54,Limsa Lominsa,City flag/decor,flg3,time_bg_flg3,sea_s0_twn01,100075,0x000186EB,100491,0x0001888B,416,other_isgrp,isgrp_002425,scheduler_group
40,owner_window,55,Limsa Lominsa,City flag/decor,flg3,time_bg_flg3,sea_s0_twn01,100075,0x000186EB,100504,0x00018898,429,other_isgrp,isgrp_002427,scheduler_group
40,owner_window,56,Limsa Lominsa,City flag/decor,flg3,time_bg_flg3,sea_s0_twn01,100075,0x000186EB,100517,0x000188A5,442,other_isgrp,isgrp_002429,scheduler_group
40,owner_window,57,Limsa Lominsa,City flag/decor,flg3,time_bg_flg3,sea_s0_twn01,100075,0x000186EB,100530,0x000188B2,455,other_isgrp,isgrp_002431,scheduler_group
40,owner_window,58,Limsa Lominsa,City flag/decor,flg3,time_bg_flg3,sea_s0_twn01,100075,0x000186EB,100543,0x000188BF,468,other_isgrp,isgrp_000180,scheduler_group
40,owner_window,59,Limsa Lominsa,City flag/decor,flg3,time_bg_flg3,sea_s0_twn01,100075,0x000186EB,100556,0x000188CC,481,other_isgrp,isgrp_002433,scheduler_group
40,owner_window,60,Limsa Lominsa,City flag/decor,flg3,time_bg_flg3,sea_s0_twn01,100075,0x000186EB,100569,0x000188D9,494,other_isgrp,isgrp_000181,scheduler_group
40,owner_window,61,Limsa Lominsa,City flag/decor,flg3,time_bg_flg3,sea_s0_twn01,100075,0x000186EB,100582,0x000188E6,507,other_sgrp,sgrp_bg_gate_d1,scheduler_group
40,owner_window,62,Limsa Lominsa,City flag/decor,flg3,time_bg_flg3,sea_s0_twn01,100075,0x000186EB,100623,0x0001890F,548,nearby,vfx_gate201,vfx_or_scene_def
40,owner_window,63,Limsa Lominsa,City flag/decor,flg3,time_bg_flg3,sea_s0_twn01,100075,0x000186EB,100640,0x00018920,565,nearby,vfx_gate202,vfx_or_scene_def
40,owner_window,64,Limsa Lominsa,City flag/decor,flg3,time_bg_flg3,sea_s0_twn01,100075,0x000186EB,100652,0x0001892C,577,nearby,vfx_gate203,vfx_or_scene_def
40,owner_window,65,Limsa Lominsa,City flag/decor,flg3,time_bg_flg3,sea_s0_twn01,100075,0x000186EB,100664,0x00018938,589,other_sgrp,sgrp_bg_gate_e1,scheduler_group
40,owner_window,66,Limsa Lominsa,City flag/decor,flg3,time_bg_flg3,sea_s0_twn01,100075,0x000186EB,100754,0x00018992,679,nearby,vfx_gate102,vfx_or_scene_def
40,owner_window,67,Limsa Lominsa,City flag/decor,flg3,time_bg_flg3,sea_s0_twn01,100075,0x000186EB,100766,0x0001899E,691,nearby,vfx_gate101,vfx_or_scene_def
40,owner_window,68,Limsa Lominsa,City flag/decor,flg3,time_bg_flg3,sea_s0_twn01,100075,0x000186EB,100778,0x000189AA,703,nearby,vfx_gate103,vfx_or_scene_def
40,owner_window,69,Limsa Lominsa,City flag/decor,flg3,time_bg_flg3,sea_s0_twn01,100075,0x000186EB,100790,0x000189B6,715,other_isgrp,isgrp_002435,scheduler_group
40,owner_window,70,Limsa Lominsa,City flag/decor,flg3,time_bg_flg3,sea_s0_twn01,100075,0x000186EB,100803,0x000189C3,728,nearby,Bk_isgrp_002172-024,interesting
40,owner_window,71,Limsa Lominsa,City flag/decor,flg3,time_bg_flg3,sea_s0_twn01,100075,0x000186EB,100823,0x000189D7,748,other_isgrp,isgrp_002437,scheduler_group
40,owner_window,72,Limsa Lominsa,City flag/decor,flg3,time_bg_flg3,sea_s0_twn01,100075,0x000186EB,100836,0x000189E4,761,other_isgrp,isgrp_002439,scheduler_group
41,family_window,1,Limsa Lominsa,City flag/decor,flg4,time_bg_flg4,sea_s0_twn01,111356,0x0001B2FC,110608,0x0001B010,-748,other_sgrp,sgrp_bg_hw_obj7_h,scheduler_group
41,family_window,2,Limsa Lominsa,City flag/decor,flg4,time_bg_flg4,sea_s0_twn01,111356,0x0001B2FC,110673,0x0001B051,-683,other_sgrp,sgrp_bg_hw_obj8_h,scheduler_group
41,family_window,3,Limsa Lominsa,City flag/decor,flg4,time_bg_flg4,sea_s0_twn01,111356,0x0001B2FC,110719,0x0001B07F,-637,other_isgrp,isgrp_003225,scheduler_group
41,family_window,4,Limsa Lominsa,City flag/decor,flg4,time_bg_flg4,sea_s0_twn01,111356,0x0001B2FC,110732,0x0001B08C,-624,other_isgrp,isgrp_003226,scheduler_group
41,family_window,5,Limsa Lominsa,City flag/decor,flg4,time_bg_flg4,sea_s0_twn01,111356,0x0001B2FC,110745,0x0001B099,-611,other_isgrp,isgrp_003227,scheduler_group
41,family_window,6,Limsa Lominsa,City flag/decor,flg4,time_bg_flg4,sea_s0_twn01,111356,0x0001B2FC,110758,0x0001B0A6,-598,other_isgrp,isgrp_003228,scheduler_group
41,family_window,7,Limsa Lominsa,City flag/decor,flg4,time_bg_flg4,sea_s0_twn01,111356,0x0001B2FC,110771,0x0001B0B3,-585,other_isgrp,isgrp_003229,scheduler_group
41,family_window,8,Limsa Lominsa,City flag/decor,flg4,time_bg_flg4,sea_s0_twn01,111356,0x0001B2FC,110784,0x0001B0C0,-572,other_isgrp,isgrp_003230,scheduler_group
41,family_window,9,Limsa Lominsa,City flag/decor,flg4,time_bg_flg4,sea_s0_twn01,111356,0x0001B2FC,110797,0x0001B0CD,-559,other_isgrp,isgrp_003231,scheduler_group
41,family_window,10,Limsa Lominsa,City flag/decor,flg4,time_bg_flg4,sea_s0_twn01,111356,0x0001B2FC,110810,0x0001B0DA,-546,other_isgrp,isgrp_003232,scheduler_group
41,family_window,11,Limsa Lominsa,City flag/decor,flg4,time_bg_flg4,sea_s0_twn01,111356,0x0001B2FC,110823,0x0001B0E7,-533,other_isgrp,isgrp_003233,scheduler_group
41,family_window,12,Limsa Lominsa,City flag/decor,flg4,time_bg_flg4,sea_s0_twn01,111356,0x0001B2FC,110836,0x0001B0F4,-520,other_isgrp,isgrp_003234,scheduler_group
41,family_window,13,Limsa Lominsa,City flag/decor,flg4,time_bg_flg4,sea_s0_twn01,111356,0x0001B2FC,110849,0x0001B101,-507,other_isgrp,isgrp_003235,scheduler_group
41,family_window,14,Limsa Lominsa,City flag/decor,flg4,time_bg_flg4,sea_s0_twn01,111356,0x0001B2FC,110862,0x0001B10E,-494,other_isgrp,isgrp_003236,scheduler_group
41,family_window,15,Limsa Lominsa,City flag/decor,flg4,time_bg_flg4,sea_s0_twn01,111356,0x0001B2FC,110875,0x0001B11B,-481,other_isgrp,isgrp_003237,scheduler_group
41,family_window,16,Limsa Lominsa,City flag/decor,flg4,time_bg_flg4,sea_s0_twn01,111356,0x0001B2FC,110888,0x0001B128,-468,other_isgrp,isgrp_003238,scheduler_group
41,family_window,17,Limsa Lominsa,City flag/decor,flg4,time_bg_flg4,sea_s0_twn01,111356,0x0001B2FC,110901,0x0001B135,-455,other_isgrp,isgrp_003239,scheduler_group
41,family_window,18,Limsa Lominsa,City flag/decor,flg4,time_bg_flg4,sea_s0_twn01,111356,0x0001B2FC,110914,0x0001B142,-442,other_isgrp,isgrp_003240,scheduler_group
41,family_window,19,Limsa Lominsa,City flag/decor,flg4,time_bg_flg4,sea_s0_twn01,111356,0x0001B2FC,110927,0x0001B14F,-429,other_isgrp,isgrp_003241,scheduler_group
41,family_window,20,Limsa Lominsa,City flag/decor,flg4,time_bg_flg4,sea_s0_twn01,111356,0x0001B2FC,110940,0x0001B15C,-416,other_isgrp,isgrp_003242,scheduler_group
41,family_window,21,Limsa Lominsa,City flag/decor,flg4,time_bg_flg4,sea_s0_twn01,111356,0x0001B2FC,110953,0x0001B169,-403,other_isgrp,isgrp_003245,scheduler_group
41,family_window,22,Limsa Lominsa,City flag/decor,flg4,time_bg_flg4,sea_s0_twn01,111356,0x0001B2FC,110966,0x0001B176,-390,other_isgrp,isgrp_003246,scheduler_group
41,family_window,23,Limsa Lominsa,City flag/decor,flg4,time_bg_flg4,sea_s0_twn01,111356,0x0001B2FC,110979,0x0001B183,-377,other_isgrp,isgrp_003247,scheduler_group
41,family_window,24,Limsa Lominsa,City flag/decor,flg4,time_bg_flg4,sea_s0_twn01,111356,0x0001B2FC,110992,0x0001B190,-364,other_isgrp,isgrp_003248,scheduler_group
41,family_window,25,Limsa Lominsa,City flag/decor,flg4,time_bg_flg4,sea_s0_twn01,111356,0x0001B2FC,111005,0x0001B19D,-351,other_isgrp,isgrp_003249,scheduler_group
41,family_window,26,Limsa Lominsa,City flag/decor,flg4,time_bg_flg4,sea_s0_twn01,111356,0x0001B2FC,111018,0x0001B1AA,-338,other_isgrp,isgrp_003250,scheduler_group
41,family_window,27,Limsa Lominsa,City flag/decor,flg4,time_bg_flg4,sea_s0_twn01,111356,0x0001B2FC,111031,0x0001B1B7,-325,other_isgrp,isgrp_003251,scheduler_group
41,family_window,28,Limsa Lominsa,City flag/decor,flg4,time_bg_flg4,sea_s0_twn01,111356,0x0001B2FC,111044,0x0001B1C4,-312,other_isgrp,isgrp_003252,scheduler_group
41,family_window,29,Limsa Lominsa,City flag/decor,flg4,time_bg_flg4,sea_s0_twn01,111356,0x0001B2FC,111057,0x0001B1D1,-299,other_isgrp,isgrp_003254,scheduler_group
41,family_window,30,Limsa Lominsa,City flag/decor,flg4,time_bg_flg4,sea_s0_twn01,111356,0x0001B2FC,111070,0x0001B1DE,-286,other_isgrp,isgrp_003255,scheduler_group
41,family_window,31,Limsa Lominsa,City flag/decor,flg4,time_bg_flg4,sea_s0_twn01,111356,0x0001B2FC,111083,0x0001B1EB,-273,other_isgrp,isgrp_003256,scheduler_group
41,family_window,32,Limsa Lominsa,City flag/decor,flg4,time_bg_flg4,sea_s0_twn01,111356,0x0001B2FC,111096,0x0001B1F8,-260,other_isgrp,isgrp_003257,scheduler_group
41,family_window,33,Limsa Lominsa,City flag/decor,flg4,time_bg_flg4,sea_s0_twn01,111356,0x0001B2FC,111109,0x0001B205,-247,other_isgrp,isgrp_003258,scheduler_group
41,family_window,34,Limsa Lominsa,City flag/decor,flg4,time_bg_flg4,sea_s0_twn01,111356,0x0001B2FC,111122,0x0001B212,-234,other_isgrp,isgrp_003259,scheduler_group
41,family_window,35,Limsa Lominsa,City flag/decor,flg4,time_bg_flg4,sea_s0_twn01,111356,0x0001B2FC,111135,0x0001B21F,-221,other_isgrp,isgrp_003260,scheduler_group
41,family_window,36,Limsa Lominsa,City flag/decor,flg4,time_bg_flg4,sea_s0_twn01,111356,0x0001B2FC,111148,0x0001B22C,-208,other_isgrp,isgrp_003261,scheduler_group
41,family_window,37,Limsa Lominsa,City flag/decor,flg4,time_bg_flg4,sea_s0_twn01,111356,0x0001B2FC,111161,0x0001B239,-195,other_isgrp,isgrp_003263,scheduler_group
41,family_window,38,Limsa Lominsa,City flag/decor,flg4,time_bg_flg4,sea_s0_twn01,111356,0x0001B2FC,111174,0x0001B246,-182,other_isgrp,isgrp_003264,scheduler_group
41,family_window,39,Limsa Lominsa,City flag/decor,flg4,time_bg_flg4,sea_s0_twn01,111356,0x0001B2FC,111187,0x0001B253,-169,other_isgrp,isgrp_003265,scheduler_group
41,family_window,40,Limsa Lominsa,City flag/decor,flg4,time_bg_flg4,sea_s0_twn01,111356,0x0001B2FC,111200,0x0001B260,-156,other_isgrp,isgrp_003267,scheduler_group
41,family_window,41,Limsa Lominsa,City flag/decor,flg4,time_bg_flg4,sea_s0_twn01,111356,0x0001B2FC,111213,0x0001B26D,-143,other_isgrp,isgrp_003268,scheduler_group
41,family_window,42,Limsa Lominsa,City flag/decor,flg4,time_bg_flg4,sea_s0_twn01,111356,0x0001B2FC,111226,0x0001B27A,-130,other_isgrp,isgrp_003269,scheduler_group
41,family_window,43,Limsa Lominsa,City flag/decor,flg4,time_bg_flg4,sea_s0_twn01,111356,0x0001B2FC,111239,0x0001B287,-117,other_isgrp,isgrp_003270,scheduler_group
41,family_window,44,Limsa Lominsa,City flag/decor,flg4,time_bg_flg4,sea_s0_twn01,111356,0x0001B2FC,111252,0x0001B294,-104,other_isgrp,isgrp_003271,scheduler_group
41,family_window,45,Limsa Lominsa,City flag/decor,flg4,time_bg_flg4,sea_s0_twn01,111356,0x0001B2FC,111265,0x0001B2A1,-91,other_isgrp,isgrp_003272,scheduler_group
41,family_window,46,Limsa Lominsa,City flag/decor,flg4,time_bg_flg4,sea_s0_twn01,111356,0x0001B2FC,111278,0x0001B2AE,-78,other_isgrp,isgrp_003273,scheduler_group
41,family_window,47,Limsa Lominsa,City flag/decor,flg4,time_bg_flg4,sea_s0_twn01,111356,0x0001B2FC,111291,0x0001B2BB,-65,other_isgrp,isgrp_003274,scheduler_group
41,family_window,48,Limsa Lominsa,City flag/decor,flg4,time_bg_flg4,sea_s0_twn01,111356,0x0001B2FC,111304,0x0001B2C8,-52,other_isgrp,isgrp_003275,scheduler_group
41,family_window,49,Limsa Lominsa,City flag/decor,flg4,time_bg_flg4,sea_s0_twn01,111356,0x0001B2FC,111317,0x0001B2D5,-39,other_isgrp,isgrp_003276,scheduler_group
41,family_window,50,Limsa Lominsa,City flag/decor,flg4,time_bg_flg4,sea_s0_twn01,111356,0x0001B2FC,111330,0x0001B2E2,-26,other_isgrp,isgrp_003280,scheduler_group
41,family_window,51,Limsa Lominsa,City flag/decor,flg4,time_bg_flg4,sea_s0_twn01,111356,0x0001B2FC,111343,0x0001B2EF,-13,other_isgrp,isgrp_003282,scheduler_group
41,family_window,52,Limsa Lominsa,City flag/decor,flg4,time_bg_flg4,sea_s0_twn01,111356,0x0001B2FC,111356,0x0001B2FC,0,matched_group,sgrp_s0t0_z0_flg4_h,scheduler_group
41,family_window,53,Limsa Lominsa,City flag/decor,flg4,time_bg_flg4,sea_s0_twn01,111356,0x0001B2FC,111376,0x0001B310,20,same_family,s0t0_z0_flg4_h_006,flag_or_decor_group
41,family_window,54,Limsa Lominsa,City flag/decor,flg4,time_bg_flg4,sea_s0_twn01,111356,0x0001B2FC,111395,0x0001B323,39,other_sgrp,sgrp_sekihi_12sin,scheduler_group
41,family_window,55,Limsa Lominsa,City flag/decor,flg4,time_bg_flg4,sea_s0_twn01,111356,0x0001B2FC,111453,0x0001B35D,97,nearby,vfx_inori05,vfx_or_scene_def
41,family_window,56,Limsa Lominsa,City flag/decor,flg4,time_bg_flg4,sea_s0_twn01,111356,0x0001B2FC,111465,0x0001B369,109,nearby,vfx_ino05mk,vfx_or_scene_def
41,family_window,57,Limsa Lominsa,City flag/decor,flg4,time_bg_flg4,sea_s0_twn01,111356,0x0001B2FC,111477,0x0001B375,121,nearby,vfx_ino05pa,vfx_or_scene_def
41,family_window,58,Limsa Lominsa,City flag/decor,flg4,time_bg_flg4,sea_s0_twn01,111356,0x0001B2FC,111499,0x0001B38B,143,nearby,sdef_loop,vfx_or_scene_def
41,family_window,59,Limsa Lominsa,City flag/decor,flg4,time_bg_flg4,sea_s0_twn01,111356,0x0001B2FC,111509,0x0001B395,153,nearby,sdef_start,vfx_or_scene_def
41,family_window,60,Limsa Lominsa,City flag/decor,flg4,time_bg_flg4,sea_s0_twn01,111356,0x0001B2FC,111520,0x0001B3A0,164,other_isgrp,isgrp_003284,scheduler_group
41,owner_window,1,Limsa Lominsa,City flag/decor,flg4,time_bg_flg4,sea_s0_twn01,100075,0x000186EB,99314,0x000183F2,-761,other_isgrp,isgrp_000143,scheduler_group
41,owner_window,2,Limsa Lominsa,City flag/decor,flg4,time_bg_flg4,sea_s0_twn01,100075,0x000186EB,99327,0x000183FF,-748,other_isgrp,isgrp_002713/_lght_a1,scheduler_group
41,owner_window,3,Limsa Lominsa,City flag/decor,flg4,time_bg_flg4,sea_s0_twn01,100075,0x000186EB,99349,0x00018415,-726,other_isgrp,isgrp_002384,scheduler_group
41,owner_window,4,Limsa Lominsa,City flag/decor,flg4,time_bg_flg4,sea_s0_twn01,100075,0x000186EB,99362,0x00018422,-713,other_isgrp,isgrp_002714/_lght_a1,scheduler_group
41,owner_window,5,Limsa Lominsa,City flag/decor,flg4,time_bg_flg4,sea_s0_twn01,100075,0x000186EB,99384,0x00018438,-691,other_isgrp,isgrp_002386,scheduler_group
41,owner_window,6,Limsa Lominsa,City flag/decor,flg4,time_bg_flg4,sea_s0_twn01,100075,0x000186EB,99397,0x00018445,-678,other_isgrp,isgrp_000144,scheduler_group
41,owner_window,7,Limsa Lominsa,City flag/decor,flg4,time_bg_flg4,sea_s0_twn01,100075,0x000186EB,99423,0x0001845F,-652,other_isgrp,isgrp_002388,scheduler_group
41,owner_window,8,Limsa Lominsa,City flag/decor,flg4,time_bg_flg4,sea_s0_twn01,100075,0x000186EB,99436,0x0001846C,-639,other_isgrp,isgrp_002727/_lght_a1,scheduler_group
41,owner_window,9,Limsa Lominsa,City flag/decor,flg4,time_bg_flg4,sea_s0_twn01,100075,0x000186EB,99458,0x00018482,-617,other_isgrp,isgrp_002390,scheduler_group
41,owner_window,10,Limsa Lominsa,City flag/decor,flg4,time_bg_flg4,sea_s0_twn01,100075,0x000186EB,99471,0x0001848F,-604,other_isgrp,isgrp_000145,scheduler_group
41,owner_window,11,Limsa Lominsa,City flag/decor,flg4,time_bg_flg4,sea_s0_twn01,100075,0x000186EB,99484,0x0001849C,-591,other_isgrp,isgrp_002726/_lght_a1,scheduler_group
41,owner_window,12,Limsa Lominsa,City flag/decor,flg4,time_bg_flg4,sea_s0_twn01,100075,0x000186EB,99506,0x000184B2,-569,other_isgrp,isgrp_002392,scheduler_group
41,owner_window,13,Limsa Lominsa,City flag/decor,flg4,time_bg_flg4,sea_s0_twn01,100075,0x000186EB,99519,0x000184BF,-556,other_isgrp,isgrp_002728/_lght_a1,scheduler_group
41,owner_window,14,Limsa Lominsa,City flag/decor,flg4,time_bg_flg4,sea_s0_twn01,100075,0x000186EB,99541,0x000184D5,-534,other_isgrp,isgrp_002394,scheduler_group
41,owner_window,15,Limsa Lominsa,City flag/decor,flg4,time_bg_flg4,sea_s0_twn01,100075,0x000186EB,99554,0x000184E2,-521,other_isgrp,isgrp_000193,scheduler_group
41,owner_window,16,Limsa Lominsa,City flag/decor,flg4,time_bg_flg4,sea_s0_twn01,100075,0x000186EB,99567,0x000184EF,-508,other_isgrp,isgrp_002743/_lght_a1,scheduler_group
41,owner_window,17,Limsa Lominsa,City flag/decor,flg4,time_bg_flg4,sea_s0_twn01,100075,0x000186EB,99589,0x00018505,-486,other_isgrp,isgrp_002396,scheduler_group
41,owner_window,18,Limsa Lominsa,City flag/decor,flg4,time_bg_flg4,sea_s0_twn01,100075,0x000186EB,99602,0x00018512,-473,other_isgrp,isgrp_000192,scheduler_group
41,owner_window,19,Limsa Lominsa,City flag/decor,flg4,time_bg_flg4,sea_s0_twn01,100075,0x000186EB,99615,0x0001851F,-460,other_isgrp,isgrp_002744/_lght_a1,scheduler_group
41,owner_window,20,Limsa Lominsa,City flag/decor,flg4,time_bg_flg4,sea_s0_twn01,100075,0x000186EB,99637,0x00018535,-438,other_isgrp,isgrp_002398,scheduler_group
41,owner_window,21,Limsa Lominsa,City flag/decor,flg4,time_bg_flg4,sea_s0_twn01,100075,0x000186EB,99650,0x00018542,-425,other_isgrp,isgrp_000191,scheduler_group
41,owner_window,22,Limsa Lominsa,City flag/decor,flg4,time_bg_flg4,sea_s0_twn01,100075,0x000186EB,99663,0x0001854F,-412,other_isgrp,isgrp_002745/_lght_a1,scheduler_group
41,owner_window,23,Limsa Lominsa,City flag/decor,flg4,time_bg_flg4,sea_s0_twn01,100075,0x000186EB,99685,0x00018565,-390,other_isgrp,isgrp_002400,scheduler_group
41,owner_window,24,Limsa Lominsa,City flag/decor,flg4,time_bg_flg4,sea_s0_twn01,100075,0x000186EB,99698,0x00018572,-377,other_isgrp,isgrp_000190,scheduler_group
41,owner_window,25,Limsa Lominsa,City flag/decor,flg4,time_bg_flg4,sea_s0_twn01,100075,0x000186EB,99711,0x0001857F,-364,other_isgrp,isgrp_002742/_lght_a1,scheduler_group
41,owner_window,26,Limsa Lominsa,City flag/decor,flg4,time_bg_flg4,sea_s0_twn01,100075,0x000186EB,99733,0x00018595,-342,other_isgrp,isgrp_002402,scheduler_group
41,owner_window,27,Limsa Lominsa,City flag/decor,flg4,time_bg_flg4,sea_s0_twn01,100075,0x000186EB,99746,0x000185A2,-329,other_isgrp,isgrp_000139,scheduler_group
41,owner_window,28,Limsa Lominsa,City flag/decor,flg4,time_bg_flg4,sea_s0_twn01,100075,0x000186EB,99772,0x000185BC,-303,other_isgrp,isgrp_002746/_lght_a1,scheduler_group
41,owner_window,29,Limsa Lominsa,City flag/decor,flg4,time_bg_flg4,sea_s0_twn01,100075,0x000186EB,99794,0x000185D2,-281,other_isgrp,isgrp_002404,scheduler_group
41,owner_window,30,Limsa Lominsa,City flag/decor,flg4,time_bg_flg4,sea_s0_twn01,100075,0x000186EB,99807,0x000185DF,-268,other_isgrp,isgrp_002757/_lght_a1,scheduler_group
41,owner_window,31,Limsa Lominsa,City flag/decor,flg4,time_bg_flg4,sea_s0_twn01,100075,0x000186EB,99829,0x000185F5,-246,other_isgrp,isgrp_002406,scheduler_group
41,owner_window,32,Limsa Lominsa,City flag/decor,flg4,time_bg_flg4,sea_s0_twn01,100075,0x000186EB,99842,0x00018602,-233,other_isgrp,isgrp_000140,scheduler_group
41,owner_window,33,Limsa Lominsa,City flag/decor,flg4,time_bg_flg4,sea_s0_twn01,100075,0x000186EB,99855,0x0001860F,-220,other_isgrp,isgrp_002408,scheduler_group
41,owner_window,34,Limsa Lominsa,City flag/decor,flg4,time_bg_flg4,sea_s0_twn01,100075,0x000186EB,99868,0x0001861C,-207,other_isgrp,isgrp_000141,scheduler_group
41,owner_window,35,Limsa Lominsa,City flag/decor,flg4,time_bg_flg4,sea_s0_twn01,100075,0x000186EB,99881,0x00018629,-194,other_isgrp,isgrp_002410,scheduler_group
41,owner_window,36,Limsa Lominsa,City flag/decor,flg4,time_bg_flg4,sea_s0_twn01,100075,0x000186EB,99894,0x00018636,-181,other_isgrp,isgrp_002412,scheduler_group
41,owner_window,37,Limsa Lominsa,City flag/decor,flg4,time_bg_flg4,sea_s0_twn01,100075,0x000186EB,99920,0x00018650,-155,other_isgrp,isgrp_002413,scheduler_group
41,owner_window,38,Limsa Lominsa,City flag/decor,flg4,time_bg_flg4,sea_s0_twn01,100075,0x000186EB,99933,0x0001865D,-142,other_isgrp,isgrp_000197,scheduler_group
41,owner_window,39,Limsa Lominsa,City flag/decor,flg4,time_bg_flg4,sea_s0_twn01,100075,0x000186EB,99959,0x00018677,-116,other_isgrp,isgrp_002760/_lght_a1,scheduler_group
41,owner_window,40,Limsa Lominsa,City flag/decor,flg4,time_bg_flg4,sea_s0_twn01,100075,0x000186EB,99981,0x0001868D,-94,other_isgrp,isgrp_002416,scheduler_group
41,owner_window,41,Limsa Lominsa,City flag/decor,flg4,time_bg_flg4,sea_s0_twn01,100075,0x000186EB,99994,0x0001869A,-81,other_isgrp,isgrp_002418,scheduler_group
41,owner_window,42,Limsa Lominsa,City flag/decor,flg4,time_bg_flg4,sea_s0_twn01,100075,0x000186EB,100007,0x000186A7,-68,other_isgrp,isgrp_000194,scheduler_group
41,owner_window,43,Limsa Lominsa,City flag/decor,flg4,time_bg_flg4,sea_s0_twn01,100075,0x000186EB,100033,0x000186C1,-42,other_isgrp,isgrp_002420,scheduler_group
41,owner_window,44,Limsa Lominsa,City flag/decor,flg4,time_bg_flg4,sea_s0_twn01,100075,0x000186EB,100046,0x000186CE,-29,other_isgrp,isgrp_000195,scheduler_group
41,owner_window,45,Limsa Lominsa,City flag/decor,flg4,time_bg_flg4,sea_s0_twn01,100075,0x000186EB,100059,0x000186DB,-16,other_sgrp,sgrp_bg_door_b2,scheduler_group
41,owner_window,46,Limsa Lominsa,City flag/decor,flg4,time_bg_flg4,sea_s0_twn01,100075,0x000186EB,100075,0x000186EB,0,owner_isgrp,isgrp_002422,scheduler_group
41,owner_window,47,Limsa Lominsa,City flag/decor,flg4,time_bg_flg4,sea_s0_twn01,100075,0x000186EB,100088,0x000186F8,13,other_isgrp,isgrp_000196,scheduler_group
41,owner_window,48,Limsa Lominsa,City flag/decor,flg4,time_bg_flg4,sea_s0_twn01,100075,0x000186EB,100101,0x00018705,26,other_isgrp,isgrp_002725/_lght_a1,scheduler_group
41,owner_window,49,Limsa Lominsa,City flag/decor,flg4,time_bg_flg4,sea_s0_twn01,100075,0x000186EB,100123,0x0001871B,48,other_sgrp,sgrp_bg_door_b1_dam,scheduler_group
41,owner_window,50,Limsa Lominsa,City flag/decor,flg4,time_bg_flg4,sea_s0_twn01,100075,0x000186EB,100185,0x00018759,110,other_sgrp,sgrp_bg_gate_a1,scheduler_group
41,owner_window,51,Limsa Lominsa,City flag/decor,flg4,time_bg_flg4,sea_s0_twn01,100075,0x000186EB,100215,0x00018777,140,other_sgrp,sgrp_bg_gate_a2,scheduler_group
41,owner_window,52,Limsa Lominsa,City flag/decor,flg4,time_bg_flg4,sea_s0_twn01,100075,0x000186EB,100237,0x0001878D,162,other_sgrp,sgrp_bg_gate_b1,scheduler_group
41,owner_window,53,Limsa Lominsa,City flag/decor,flg4,time_bg_flg4,sea_s0_twn01,100075,0x000186EB,100475,0x0001887B,400,other_sgrp,sgrp_bg_gate_c1,scheduler_group
41,owner_window,54,Limsa Lominsa,City flag/decor,flg4,time_bg_flg4,sea_s0_twn01,100075,0x000186EB,100491,0x0001888B,416,other_isgrp,isgrp_002425,scheduler_group
41,owner_window,55,Limsa Lominsa,City flag/decor,flg4,time_bg_flg4,sea_s0_twn01,100075,0x000186EB,100504,0x00018898,429,other_isgrp,isgrp_002427,scheduler_group
41,owner_window,56,Limsa Lominsa,City flag/decor,flg4,time_bg_flg4,sea_s0_twn01,100075,0x000186EB,100517,0x000188A5,442,other_isgrp,isgrp_002429,scheduler_group
41,owner_window,57,Limsa Lominsa,City flag/decor,flg4,time_bg_flg4,sea_s0_twn01,100075,0x000186EB,100530,0x000188B2,455,other_isgrp,isgrp_002431,scheduler_group
41,owner_window,58,Limsa Lominsa,City flag/decor,flg4,time_bg_flg4,sea_s0_twn01,100075,0x000186EB,100543,0x000188BF,468,other_isgrp,isgrp_000180,scheduler_group
41,owner_window,59,Limsa Lominsa,City flag/decor,flg4,time_bg_flg4,sea_s0_twn01,100075,0x000186EB,100556,0x000188CC,481,other_isgrp,isgrp_002433,scheduler_group
41,owner_window,60,Limsa Lominsa,City flag/decor,flg4,time_bg_flg4,sea_s0_twn01,100075,0x000186EB,100569,0x000188D9,494,other_isgrp,isgrp_000181,scheduler_group
41,owner_window,61,Limsa Lominsa,City flag/decor,flg4,time_bg_flg4,sea_s0_twn01,100075,0x000186EB,100582,0x000188E6,507,other_sgrp,sgrp_bg_gate_d1,scheduler_group
41,owner_window,62,Limsa Lominsa,City flag/decor,flg4,time_bg_flg4,sea_s0_twn01,100075,0x000186EB,100623,0x0001890F,548,nearby,vfx_gate201,vfx_or_scene_def
41,owner_window,63,Limsa Lominsa,City flag/decor,flg4,time_bg_flg4,sea_s0_twn01,100075,0x000186EB,100640,0x00018920,565,nearby,vfx_gate202,vfx_or_scene_def
41,owner_window,64,Limsa Lominsa,City flag/decor,flg4,time_bg_flg4,sea_s0_twn01,100075,0x000186EB,100652,0x0001892C,577,nearby,vfx_gate203,vfx_or_scene_def
41,owner_window,65,Limsa Lominsa,City flag/decor,flg4,time_bg_flg4,sea_s0_twn01,100075,0x000186EB,100664,0x00018938,589,other_sgrp,sgrp_bg_gate_e1,scheduler_group
41,owner_window,66,Limsa Lominsa,City flag/decor,flg4,time_bg_flg4,sea_s0_twn01,100075,0x000186EB,100754,0x00018992,679,nearby,vfx_gate102,vfx_or_scene_def
41,owner_window,67,Limsa Lominsa,City flag/decor,flg4,time_bg_flg4,sea_s0_twn01,100075,0x000186EB,100766,0x0001899E,691,nearby,vfx_gate101,vfx_or_scene_def
41,owner_window,68,Limsa Lominsa,City flag/decor,flg4,time_bg_flg4,sea_s0_twn01,100075,0x000186EB,100778,0x000189AA,703,nearby,vfx_gate103,vfx_or_scene_def
41,owner_window,69,Limsa Lominsa,City flag/decor,flg4,time_bg_flg4,sea_s0_twn01,100075,0x000186EB,100790,0x000189B6,715,other_isgrp,isgrp_002435,scheduler_group
41,owner_window,70,Limsa Lominsa,City flag/decor,flg4,time_bg_flg4,sea_s0_twn01,100075,0x000186EB,100803,0x000189C3,728,nearby,Bk_isgrp_002172-024,interesting
41,owner_window,71,Limsa Lominsa,City flag/decor,flg4,time_bg_flg4,sea_s0_twn01,100075,0x000186EB,100823,0x000189D7,748,other_isgrp,isgrp_002437,scheduler_group
41,owner_window,72,Limsa Lominsa,City flag/decor,flg4,time_bg_flg4,sea_s0_twn01,100075,0x000186EB,100836,0x000189E4,761,other_isgrp,isgrp_002439,scheduler_group
42,family_window,1,Ul'dah,City flag/decor,flag1,time_bg_flag1,wil_w0_twn01,95042,0x00017342,94281,0x00017049,-761,other_sgrp,sgrp_w0t0_f0_shp1a_h-1,scheduler_group
42,family_window,2,Ul'dah,City flag/decor,flag1,time_bg_flag1,wil_w0_twn01,95042,0x00017342,94329,0x00017079,-713,other_sgrp,sgrp_w0t0_f0_shp1b_h-1,scheduler_group
42,family_window,3,Ul'dah,City flag/decor,flag1,time_bg_flag1,wil_w0_twn01,95042,0x00017342,94377,0x000170A9,-665,other_sgrp,sgrp_w0t0_f0_dut1_h-1,scheduler_group
42,family_window,4,Ul'dah,City flag/decor,flag1,time_bg_flag1,wil_w0_twn01,95042,0x00017342,94423,0x000170D7,-619,other_isgrp,isgrp_004113,scheduler_group
42,family_window,5,Ul'dah,City flag/decor,flag1,time_bg_flag1,wil_w0_twn01,95042,0x00017342,94436,0x000170E4,-606,other_sgrp,sgrp_bg_t1_coll_a1,scheduler_group
42,family_window,6,Ul'dah,City flag/decor,flag1,time_bg_flag1,wil_w0_twn01,95042,0x00017342,94470,0x00017106,-572,other_isgrp,isgrp_004114,scheduler_group
42,family_window,7,Ul'dah,City flag/decor,flag1,time_bg_flag1,wil_w0_twn01,95042,0x00017342,94483,0x00017113,-559,other_isgrp,isgrp_004115,scheduler_group
42,family_window,8,Ul'dah,City flag/decor,flag1,time_bg_flag1,wil_w0_twn01,95042,0x00017342,94496,0x00017120,-546,other_isgrp,isgrp_004116,scheduler_group
42,family_window,9,Ul'dah,City flag/decor,flag1,time_bg_flag1,wil_w0_twn01,95042,0x00017342,94509,0x0001712D,-533,other_isgrp,isgrp_004117,scheduler_group
42,family_window,10,Ul'dah,City flag/decor,flag1,time_bg_flag1,wil_w0_twn01,95042,0x00017342,94522,0x0001713A,-520,other_isgrp,isgrp_004118,scheduler_group
42,family_window,11,Ul'dah,City flag/decor,flag1,time_bg_flag1,wil_w0_twn01,95042,0x00017342,94535,0x00017147,-507,other_isgrp,isgrp_004120,scheduler_group
42,family_window,12,Ul'dah,City flag/decor,flag1,time_bg_flag1,wil_w0_twn01,95042,0x00017342,94548,0x00017154,-494,other_sgrp,sgrp_bg_t1_door_g0,scheduler_group
42,family_window,13,Ul'dah,City flag/decor,flag1,time_bg_flag1,wil_w0_twn01,95042,0x00017342,94567,0x00017167,-475,other_isgrp,isgrp_004125,scheduler_group
42,family_window,14,Ul'dah,City flag/decor,flag1,time_bg_flag1,wil_w0_twn01,95042,0x00017342,94593,0x00017181,-449,owner_isgrp,isgrp_004126,scheduler_group
42,family_window,15,Ul'dah,City flag/decor,flag1,time_bg_flag1,wil_w0_twn01,95042,0x00017342,94619,0x0001719B,-423,other_sgrp,sgrp_light18,scheduler_group
42,family_window,16,Ul'dah,City flag/decor,flag1,time_bg_flag1,wil_w0_twn01,95042,0x00017342,94646,0x000171B6,-396,other_isgrp,isgrp_004127,scheduler_group
42,family_window,17,Ul'dah,City flag/decor,flag1,time_bg_flag1,wil_w0_twn01,95042,0x00017342,94659,0x000171C3,-383,other_isgrp,isgrp_004129,scheduler_group
42,family_window,18,Ul'dah,City flag/decor,flag1,time_bg_flag1,wil_w0_twn01,95042,0x00017342,94672,0x000171D0,-370,other_sgrp,sgrp_light19,scheduler_group
42,family_window,19,Ul'dah,City flag/decor,flag1,time_bg_flag1,wil_w0_twn01,95042,0x00017342,94699,0x000171EB,-343,other_isgrp,isgrp_004130,scheduler_group
42,family_window,20,Ul'dah,City flag/decor,flag1,time_bg_flag1,wil_w0_twn01,95042,0x00017342,94712,0x000171F8,-330,other_sgrp,sgrp_ent01,scheduler_group
42,family_window,21,Ul'dah,City flag/decor,flag1,time_bg_flag1,wil_w0_twn01,95042,0x00017342,94742,0x00017216,-300,other_sgrp,sgrp_ent02,scheduler_group
42,family_window,22,Ul'dah,City flag/decor,flag1,time_bg_flag1,wil_w0_twn01,95042,0x00017342,94753,0x00017221,-289,other_sgrp,sgrp_ent03,scheduler_group
42,family_window,23,Ul'dah,City flag/decor,flag1,time_bg_flag1,wil_w0_twn01,95042,0x00017342,94783,0x0001723F,-259,other_sgrp,sgrp_ent04,scheduler_group
42,family_window,24,Ul'dah,City flag/decor,flag1,time_bg_flag1,wil_w0_twn01,95042,0x00017342,94813,0x0001725D,-229,other_sgrp,sgrp_ent05,scheduler_group
42,family_window,25,Ul'dah,City flag/decor,flag1,time_bg_flag1,wil_w0_twn01,95042,0x00017342,94843,0x0001727B,-199,other_sgrp,sgrp_0546,scheduler_group
42,family_window,26,Ul'dah,City flag/decor,flag1,time_bg_flag1,wil_w0_twn01,95042,0x00017342,94873,0x00017299,-169,other_sgrp,sgrp_0547,scheduler_group
42,family_window,27,Ul'dah,City flag/decor,flag1,time_bg_flag1,wil_w0_twn01,95042,0x00017342,94903,0x000172B7,-139,other_isgrp,isgrp_004140,scheduler_group
42,family_window,28,Ul'dah,City flag/decor,flag1,time_bg_flag1,wil_w0_twn01,95042,0x00017342,94916,0x000172C4,-126,other_sgrp,sgrp_0548,scheduler_group
42,family_window,29,Ul'dah,City flag/decor,flag1,time_bg_flag1,wil_w0_twn01,95042,0x00017342,94931,0x000172D3,-111,other_sgrp,sgrp_0549,scheduler_group
42,family_window,30,Ul'dah,City flag/decor,flag1,time_bg_flag1,wil_w0_twn01,95042,0x00017342,94946,0x000172E2,-96,other_sgrp,sgrp_0550,scheduler_group
42,family_window,31,Ul'dah,City flag/decor,flag1,time_bg_flag1,wil_w0_twn01,95042,0x00017342,94961,0x000172F1,-81,other_sgrp,sgrp_0551,scheduler_group
42,family_window,32,Ul'dah,City flag/decor,flag1,time_bg_flag1,wil_w0_twn01,95042,0x00017342,94976,0x00017300,-66,other_isgrp,isgrp_004143,scheduler_group
42,family_window,33,Ul'dah,City flag/decor,flag1,time_bg_flag1,wil_w0_twn01,95042,0x00017342,94989,0x0001730D,-53,other_isgrp,isgrp_004145,scheduler_group
42,family_window,34,Ul'dah,City flag/decor,flag1,time_bg_flag1,wil_w0_twn01,95042,0x00017342,95002,0x0001731A,-40,nearby,Bk_isgrp_000678-014,interesting
42,family_window,35,Ul'dah,City flag/decor,flag1,time_bg_flag1,wil_w0_twn01,95042,0x00017342,95022,0x0001732E,-20,center_neighbor,Bk_isgrp_000679-012,interesting
42,family_window,36,Ul'dah,City flag/decor,flag1,time_bg_flag1,wil_w0_twn01,95042,0x00017342,95042,0x00017342,0,matched_group,sgrp_w0t0_g0_flg1t_h,scheduler_group
42,family_window,37,Ul'dah,City flag/decor,flag1,time_bg_flag1,wil_w0_twn01,95042,0x00017342,95063,0x00017357,21,center_neighbor,w0t0_g0_flg1t_h_001,flag_or_decor_group
42,family_window,38,Ul'dah,City flag/decor,flag1,time_bg_flag1,wil_w0_twn01,95042,0x00017342,95083,0x0001736B,41,nearby,attr_w0t0_g0_flg1t_a_002,flag_or_decor_group
42,family_window,39,Ul'dah,City flag/decor,flag1,time_bg_flag1,wil_w0_twn01,95042,0x00017342,95108,0x00017384,66,other_sgrp,sgrp_w0t0_g0_flg2k_h,scheduler_group
42,family_window,40,Ul'dah,City flag/decor,flag1,time_bg_flag1,wil_w0_twn01,95042,0x00017342,95129,0x00017399,87,nearby,w0t0_g0_flg2k_h_001,flag_or_decor_group
42,family_window,41,Ul'dah,City flag/decor,flag1,time_bg_flag1,wil_w0_twn01,95042,0x00017342,95149,0x000173AD,107,nearby,attr_w0t0_g0_flg2k_a_002,flag_or_decor_group
42,family_window,42,Ul'dah,City flag/decor,flag1,time_bg_flag1,wil_w0_twn01,95042,0x00017342,95174,0x000173C6,132,other_sgrp,sgrp_w0t0_g0_flg3s_h,scheduler_group
42,family_window,43,Ul'dah,City flag/decor,flag1,time_bg_flag1,wil_w0_twn01,95042,0x00017342,95195,0x000173DB,153,nearby,w0t0_g0_flg3s_h_001,flag_or_decor_group
42,family_window,44,Ul'dah,City flag/decor,flag1,time_bg_flag1,wil_w0_twn01,95042,0x00017342,95215,0x000173EF,173,nearby,attr_w0t0_g0_flg3s_a_002,flag_or_decor_group
42,family_window,45,Ul'dah,City flag/decor,flag1,time_bg_flag1,wil_w0_twn01,95042,0x00017342,95240,0x00017408,198,other_sgrp,sgrp_w0t0_g0_flg4n_h,scheduler_group
42,family_window,46,Ul'dah,City flag/decor,flag1,time_bg_flag1,wil_w0_twn01,95042,0x00017342,95261,0x0001741D,219,nearby,w0t0_g0_flg4n_h_001,flag_or_decor_group
42,family_window,47,Ul'dah,City flag/decor,flag1,time_bg_flag1,wil_w0_twn01,95042,0x00017342,95281,0x00017431,239,nearby,attr_w0t0_g0_flg4n_a_002,flag_or_decor_group
42,family_window,48,Ul'dah,City flag/decor,flag1,time_bg_flag1,wil_w0_twn01,95042,0x00017342,95306,0x0001744A,264,other_sgrp,sgrp_w0t0_g0_flg5g_h,scheduler_group
42,family_window,49,Ul'dah,City flag/decor,flag1,time_bg_flag1,wil_w0_twn01,95042,0x00017342,95327,0x0001745F,285,nearby,w0t0_g0_flg5g_h_001,flag_or_decor_group
42,family_window,50,Ul'dah,City flag/decor,flag1,time_bg_flag1,wil_w0_twn01,95042,0x00017342,95347,0x00017473,305,nearby,attr_w0t0_g0_flg5g_a_002,flag_or_decor_group
42,family_window,51,Ul'dah,City flag/decor,flag1,time_bg_flag1,wil_w0_twn01,95042,0x00017342,95372,0x0001748C,330,other_sgrp,sgrp_w0t0_g0_flg6s_h_,scheduler_group
42,family_window,52,Ul'dah,City flag/decor,flag1,time_bg_flag1,wil_w0_twn01,95042,0x00017342,95394,0x000174A2,352,nearby,w0t0_g0_flg6s_h_001,flag_or_decor_group
42,family_window,53,Ul'dah,City flag/decor,flag1,time_bg_flag1,wil_w0_twn01,95042,0x00017342,95414,0x000174B6,372,nearby,attr_w0t0_g0_flg6s_a_002,flag_or_decor_group
42,family_window,54,Ul'dah,City flag/decor,flag1,time_bg_flag1,wil_w0_twn01,95042,0x00017342,95439,0x000174CF,397,other_sgrp,sgrp_w0t0_g0_flg6w_h,scheduler_group
42,family_window,55,Ul'dah,City flag/decor,flag1,time_bg_flag1,wil_w0_twn01,95042,0x00017342,95460,0x000174E4,418,nearby,w0t0_g0_flg6w_h_001,flag_or_decor_group
42,family_window,56,Ul'dah,City flag/decor,flag1,time_bg_flag1,wil_w0_twn01,95042,0x00017342,95524,0x00017524,482,other_isgrp,isgrp_004173,scheduler_group
42,family_window,57,Ul'dah,City flag/decor,flag1,time_bg_flag1,wil_w0_twn01,95042,0x00017342,95537,0x00017531,495,nearby,Bk_isgrp_000668-009,interesting
42,family_window,58,Ul'dah,City flag/decor,flag1,time_bg_flag1,wil_w0_twn01,95042,0x00017342,95557,0x00017545,515,other_isgrp,isgrp_004175,scheduler_group
42,family_window,59,Ul'dah,City flag/decor,flag1,time_bg_flag1,wil_w0_twn01,95042,0x00017342,95570,0x00017552,528,other_isgrp,isgrp_004177,scheduler_group
42,family_window,60,Ul'dah,City flag/decor,flag1,time_bg_flag1,wil_w0_twn01,95042,0x00017342,95583,0x0001755F,541,other_isgrp,isgrp_004179,scheduler_group
42,family_window,61,Ul'dah,City flag/decor,flag1,time_bg_flag1,wil_w0_twn01,95042,0x00017342,95596,0x0001756C,554,other_isgrp,isgrp_004180,scheduler_group
42,family_window,62,Ul'dah,City flag/decor,flag1,time_bg_flag1,wil_w0_twn01,95042,0x00017342,95609,0x00017579,567,other_isgrp,isgrp_004181,scheduler_group
42,family_window,63,Ul'dah,City flag/decor,flag1,time_bg_flag1,wil_w0_twn01,95042,0x00017342,95622,0x00017586,580,nearby,Bk_isgrp_000741-009,interesting
42,family_window,64,Ul'dah,City flag/decor,flag1,time_bg_flag1,wil_w0_twn01,95042,0x00017342,95642,0x0001759A,600,other_isgrp,isgrp_004183,scheduler_group
42,family_window,65,Ul'dah,City flag/decor,flag1,time_bg_flag1,wil_w0_twn01,95042,0x00017342,95655,0x000175A7,613,other_isgrp,isgrp_004184,scheduler_group
42,family_window,66,Ul'dah,City flag/decor,flag1,time_bg_flag1,wil_w0_twn01,95042,0x00017342,95668,0x000175B4,626,nearby,Bk_isgrp_000741-010,interesting
42,family_window,67,Ul'dah,City flag/decor,flag1,time_bg_flag1,wil_w0_twn01,95042,0x00017342,95688,0x000175C8,646,other_isgrp,isgrp_004186,scheduler_group
42,family_window,68,Ul'dah,City flag/decor,flag1,time_bg_flag1,wil_w0_twn01,95042,0x00017342,95701,0x000175D5,659,other_isgrp,isgrp_004187,scheduler_group
42,family_window,69,Ul'dah,City flag/decor,flag1,time_bg_flag1,wil_w0_twn01,95042,0x00017342,95714,0x000175E2,672,nearby,Bk_isgrp_000741-011,interesting
42,family_window,70,Ul'dah,City flag/decor,flag1,time_bg_flag1,wil_w0_twn01,95042,0x00017342,95734,0x000175F6,692,other_isgrp,isgrp_004189,scheduler_group
42,family_window,71,Ul'dah,City flag/decor,flag1,time_bg_flag1,wil_w0_twn01,95042,0x00017342,95747,0x00017603,705,other_isgrp,isgrp_004191,scheduler_group
42,family_window,72,Ul'dah,City flag/decor,flag1,time_bg_flag1,wil_w0_twn01,95042,0x00017342,95760,0x00017610,718,other_isgrp,isgrp_004193,scheduler_group
42,family_window,73,Ul'dah,City flag/decor,flag1,time_bg_flag1,wil_w0_twn01,95042,0x00017342,95773,0x0001761D,731,other_isgrp,isgrp_004194,scheduler_group
42,family_window,74,Ul'dah,City flag/decor,flag1,time_bg_flag1,wil_w0_twn01,95042,0x00017342,95786,0x0001762A,744,other_isgrp,isgrp_004196,scheduler_group
42,family_window,75,Ul'dah,City flag/decor,flag1,time_bg_flag1,wil_w0_twn01,95042,0x00017342,95799,0x00017637,757,nearby,Bk_isgrp_000636-013,interesting
42,owner_window,1,Ul'dah,City flag/decor,flag1,time_bg_flag1,wil_w0_twn01,94593,0x00017181,93837,0x00016E8D,-756,other_isgrp,isgrp_004047,scheduler_group
42,owner_window,2,Ul'dah,City flag/decor,flag1,time_bg_flag1,wil_w0_twn01,94593,0x00017181,93850,0x00016E9A,-743,other_isgrp,isgrp_004048,scheduler_group
42,owner_window,3,Ul'dah,City flag/decor,flag1,time_bg_flag1,wil_w0_twn01,94593,0x00017181,93876,0x00016EB4,-717,other_isgrp,isgrp_004050,scheduler_group
42,owner_window,4,Ul'dah,City flag/decor,flag1,time_bg_flag1,wil_w0_twn01,94593,0x00017181,93902,0x00016ECE,-691,other_isgrp,isgrp_004055,scheduler_group
42,owner_window,5,Ul'dah,City flag/decor,flag1,time_bg_flag1,wil_w0_twn01,94593,0x00017181,93915,0x00016EDB,-678,other_sgrp,sgrp_bg_t1_door_c1,scheduler_group
42,owner_window,6,Ul'dah,City flag/decor,flag1,time_bg_flag1,wil_w0_twn01,94593,0x00017181,93934,0x00016EEE,-659,other_isgrp,isgrp_004056,scheduler_group
42,owner_window,7,Ul'dah,City flag/decor,flag1,time_bg_flag1,wil_w0_twn01,94593,0x00017181,93947,0x00016EFB,-646,other_isgrp,isgrp_004057,scheduler_group
42,owner_window,8,Ul'dah,City flag/decor,flag1,time_bg_flag1,wil_w0_twn01,94593,0x00017181,93960,0x00016F08,-633,other_isgrp,isgrp_004058,scheduler_group
42,owner_window,9,Ul'dah,City flag/decor,flag1,time_bg_flag1,wil_w0_twn01,94593,0x00017181,93973,0x00016F15,-620,other_isgrp,isgrp_004059,scheduler_group
42,owner_window,10,Ul'dah,City flag/decor,flag1,time_bg_flag1,wil_w0_twn01,94593,0x00017181,93986,0x00016F22,-607,nearby,Bk_isgrp_000775-014,interesting
42,owner_window,11,Ul'dah,City flag/decor,flag1,time_bg_flag1,wil_w0_twn01,94593,0x00017181,94006,0x00016F36,-587,nearby,Bk_isgrp_000775-015,interesting
42,owner_window,12,Ul'dah,City flag/decor,flag1,time_bg_flag1,wil_w0_twn01,94593,0x00017181,94026,0x00016F4A,-567,nearby,Bk_isgrp_000775-016,interesting
42,owner_window,13,Ul'dah,City flag/decor,flag1,time_bg_flag1,wil_w0_twn01,94593,0x00017181,94046,0x00016F5E,-547,nearby,Bk_isgrp_000775-017,interesting
42,owner_window,14,Ul'dah,City flag/decor,flag1,time_bg_flag1,wil_w0_twn01,94593,0x00017181,94066,0x00016F72,-527,other_isgrp,isgrp_004060,scheduler_group
42,owner_window,15,Ul'dah,City flag/decor,flag1,time_bg_flag1,wil_w0_twn01,94593,0x00017181,94079,0x00016F7F,-514,other_isgrp,isgrp_004065,scheduler_group
42,owner_window,16,Ul'dah,City flag/decor,flag1,time_bg_flag1,wil_w0_twn01,94593,0x00017181,94092,0x00016F8C,-501,other_isgrp,isgrp_004068,scheduler_group
42,owner_window,17,Ul'dah,City flag/decor,flag1,time_bg_flag1,wil_w0_twn01,94593,0x00017181,94105,0x00016F99,-488,other_isgrp,isgrp_004068/grp_main/grp_lght/_lght,scheduler_group
42,owner_window,18,Ul'dah,City flag/decor,flag1,time_bg_flag1,wil_w0_twn01,94593,0x00017181,94142,0x00016FBE,-451,other_isgrp,isgrp_004069,scheduler_group
42,owner_window,19,Ul'dah,City flag/decor,flag1,time_bg_flag1,wil_w0_twn01,94593,0x00017181,94155,0x00016FCB,-438,other_isgrp,isgrp_004069/grp_main/grp_lght/_lght,scheduler_group
42,owner_window,20,Ul'dah,City flag/decor,flag1,time_bg_flag1,wil_w0_twn01,94593,0x00017181,94192,0x00016FF0,-401,other_sgrp,sgrp_bg_t1_elev_a2,scheduler_group
42,owner_window,21,Ul'dah,City flag/decor,flag1,time_bg_flag1,wil_w0_twn01,94593,0x00017181,94211,0x00017003,-382,other_isgrp,isgrp_004070,scheduler_group
42,owner_window,22,Ul'dah,City flag/decor,flag1,time_bg_flag1,wil_w0_twn01,94593,0x00017181,94224,0x00017010,-369,other_isgrp,isgrp_004070/grp_main/grp_lght/_lght,scheduler_group
42,owner_window,23,Ul'dah,City flag/decor,flag1,time_bg_flag1,wil_w0_twn01,94593,0x00017181,94281,0x00017049,-312,other_sgrp,sgrp_w0t0_f0_shp1a_h-1,scheduler_group
42,owner_window,24,Ul'dah,City flag/decor,flag1,time_bg_flag1,wil_w0_twn01,94593,0x00017181,94329,0x00017079,-264,other_sgrp,sgrp_w0t0_f0_shp1b_h-1,scheduler_group
42,owner_window,25,Ul'dah,City flag/decor,flag1,time_bg_flag1,wil_w0_twn01,94593,0x00017181,94377,0x000170A9,-216,other_sgrp,sgrp_w0t0_f0_dut1_h-1,scheduler_group
42,owner_window,26,Ul'dah,City flag/decor,flag1,time_bg_flag1,wil_w0_twn01,94593,0x00017181,94423,0x000170D7,-170,other_isgrp,isgrp_004113,scheduler_group
42,owner_window,27,Ul'dah,City flag/decor,flag1,time_bg_flag1,wil_w0_twn01,94593,0x00017181,94436,0x000170E4,-157,other_sgrp,sgrp_bg_t1_coll_a1,scheduler_group
42,owner_window,28,Ul'dah,City flag/decor,flag1,time_bg_flag1,wil_w0_twn01,94593,0x00017181,94470,0x00017106,-123,other_isgrp,isgrp_004114,scheduler_group
42,owner_window,29,Ul'dah,City flag/decor,flag1,time_bg_flag1,wil_w0_twn01,94593,0x00017181,94483,0x00017113,-110,other_isgrp,isgrp_004115,scheduler_group
42,owner_window,30,Ul'dah,City flag/decor,flag1,time_bg_flag1,wil_w0_twn01,94593,0x00017181,94496,0x00017120,-97,other_isgrp,isgrp_004116,scheduler_group
42,owner_window,31,Ul'dah,City flag/decor,flag1,time_bg_flag1,wil_w0_twn01,94593,0x00017181,94509,0x0001712D,-84,other_isgrp,isgrp_004117,scheduler_group
42,owner_window,32,Ul'dah,City flag/decor,flag1,time_bg_flag1,wil_w0_twn01,94593,0x00017181,94522,0x0001713A,-71,other_isgrp,isgrp_004118,scheduler_group
42,owner_window,33,Ul'dah,City flag/decor,flag1,time_bg_flag1,wil_w0_twn01,94593,0x00017181,94535,0x00017147,-58,other_isgrp,isgrp_004120,scheduler_group
42,owner_window,34,Ul'dah,City flag/decor,flag1,time_bg_flag1,wil_w0_twn01,94593,0x00017181,94548,0x00017154,-45,other_sgrp,sgrp_bg_t1_door_g0,scheduler_group
42,owner_window,35,Ul'dah,City flag/decor,flag1,time_bg_flag1,wil_w0_twn01,94593,0x00017181,94567,0x00017167,-26,other_isgrp,isgrp_004125,scheduler_group
42,owner_window,36,Ul'dah,City flag/decor,flag1,time_bg_flag1,wil_w0_twn01,94593,0x00017181,94593,0x00017181,0,owner_isgrp,isgrp_004126,scheduler_group
42,owner_window,37,Ul'dah,City flag/decor,flag1,time_bg_flag1,wil_w0_twn01,94593,0x00017181,94619,0x0001719B,26,other_sgrp,sgrp_light18,scheduler_group
42,owner_window,38,Ul'dah,City flag/decor,flag1,time_bg_flag1,wil_w0_twn01,94593,0x00017181,94646,0x000171B6,53,other_isgrp,isgrp_004127,scheduler_group
42,owner_window,39,Ul'dah,City flag/decor,flag1,time_bg_flag1,wil_w0_twn01,94593,0x00017181,94659,0x000171C3,66,other_isgrp,isgrp_004129,scheduler_group
42,owner_window,40,Ul'dah,City flag/decor,flag1,time_bg_flag1,wil_w0_twn01,94593,0x00017181,94672,0x000171D0,79,other_sgrp,sgrp_light19,scheduler_group
42,owner_window,41,Ul'dah,City flag/decor,flag1,time_bg_flag1,wil_w0_twn01,94593,0x00017181,94699,0x000171EB,106,other_isgrp,isgrp_004130,scheduler_group
42,owner_window,42,Ul'dah,City flag/decor,flag1,time_bg_flag1,wil_w0_twn01,94593,0x00017181,94712,0x000171F8,119,other_sgrp,sgrp_ent01,scheduler_group
42,owner_window,43,Ul'dah,City flag/decor,flag1,time_bg_flag1,wil_w0_twn01,94593,0x00017181,94742,0x00017216,149,other_sgrp,sgrp_ent02,scheduler_group
42,owner_window,44,Ul'dah,City flag/decor,flag1,time_bg_flag1,wil_w0_twn01,94593,0x00017181,94753,0x00017221,160,other_sgrp,sgrp_ent03,scheduler_group
42,owner_window,45,Ul'dah,City flag/decor,flag1,time_bg_flag1,wil_w0_twn01,94593,0x00017181,94783,0x0001723F,190,other_sgrp,sgrp_ent04,scheduler_group
42,owner_window,46,Ul'dah,City flag/decor,flag1,time_bg_flag1,wil_w0_twn01,94593,0x00017181,94813,0x0001725D,220,other_sgrp,sgrp_ent05,scheduler_group
42,owner_window,47,Ul'dah,City flag/decor,flag1,time_bg_flag1,wil_w0_twn01,94593,0x00017181,94843,0x0001727B,250,other_sgrp,sgrp_0546,scheduler_group
42,owner_window,48,Ul'dah,City flag/decor,flag1,time_bg_flag1,wil_w0_twn01,94593,0x00017181,94873,0x00017299,280,other_sgrp,sgrp_0547,scheduler_group
42,owner_window,49,Ul'dah,City flag/decor,flag1,time_bg_flag1,wil_w0_twn01,94593,0x00017181,94903,0x000172B7,310,other_isgrp,isgrp_004140,scheduler_group
42,owner_window,50,Ul'dah,City flag/decor,flag1,time_bg_flag1,wil_w0_twn01,94593,0x00017181,94916,0x000172C4,323,other_sgrp,sgrp_0548,scheduler_group
42,owner_window,51,Ul'dah,City flag/decor,flag1,time_bg_flag1,wil_w0_twn01,94593,0x00017181,94931,0x000172D3,338,other_sgrp,sgrp_0549,scheduler_group
42,owner_window,52,Ul'dah,City flag/decor,flag1,time_bg_flag1,wil_w0_twn01,94593,0x00017181,94946,0x000172E2,353,other_sgrp,sgrp_0550,scheduler_group
42,owner_window,53,Ul'dah,City flag/decor,flag1,time_bg_flag1,wil_w0_twn01,94593,0x00017181,94961,0x000172F1,368,other_sgrp,sgrp_0551,scheduler_group
42,owner_window,54,Ul'dah,City flag/decor,flag1,time_bg_flag1,wil_w0_twn01,94593,0x00017181,94976,0x00017300,383,other_isgrp,isgrp_004143,scheduler_group
42,owner_window,55,Ul'dah,City flag/decor,flag1,time_bg_flag1,wil_w0_twn01,94593,0x00017181,94989,0x0001730D,396,other_isgrp,isgrp_004145,scheduler_group
42,owner_window,56,Ul'dah,City flag/decor,flag1,time_bg_flag1,wil_w0_twn01,94593,0x00017181,95002,0x0001731A,409,nearby,Bk_isgrp_000678-014,interesting
42,owner_window,57,Ul'dah,City flag/decor,flag1,time_bg_flag1,wil_w0_twn01,94593,0x00017181,95022,0x0001732E,429,nearby,Bk_isgrp_000679-012,interesting
42,owner_window,58,Ul'dah,City flag/decor,flag1,time_bg_flag1,wil_w0_twn01,94593,0x00017181,95042,0x00017342,449,matched_group,sgrp_w0t0_g0_flg1t_h,scheduler_group
42,owner_window,59,Ul'dah,City flag/decor,flag1,time_bg_flag1,wil_w0_twn01,94593,0x00017181,95063,0x00017357,470,nearby,w0t0_g0_flg1t_h_001,flag_or_decor_group
42,owner_window,60,Ul'dah,City flag/decor,flag1,time_bg_flag1,wil_w0_twn01,94593,0x00017181,95083,0x0001736B,490,nearby,attr_w0t0_g0_flg1t_a_002,flag_or_decor_group
42,owner_window,61,Ul'dah,City flag/decor,flag1,time_bg_flag1,wil_w0_twn01,94593,0x00017181,95108,0x00017384,515,other_sgrp,sgrp_w0t0_g0_flg2k_h,scheduler_group
42,owner_window,62,Ul'dah,City flag/decor,flag1,time_bg_flag1,wil_w0_twn01,94593,0x00017181,95129,0x00017399,536,nearby,w0t0_g0_flg2k_h_001,flag_or_decor_group
42,owner_window,63,Ul'dah,City flag/decor,flag1,time_bg_flag1,wil_w0_twn01,94593,0x00017181,95149,0x000173AD,556,nearby,attr_w0t0_g0_flg2k_a_002,flag_or_decor_group
42,owner_window,64,Ul'dah,City flag/decor,flag1,time_bg_flag1,wil_w0_twn01,94593,0x00017181,95174,0x000173C6,581,other_sgrp,sgrp_w0t0_g0_flg3s_h,scheduler_group
42,owner_window,65,Ul'dah,City flag/decor,flag1,time_bg_flag1,wil_w0_twn01,94593,0x00017181,95195,0x000173DB,602,nearby,w0t0_g0_flg3s_h_001,flag_or_decor_group
42,owner_window,66,Ul'dah,City flag/decor,flag1,time_bg_flag1,wil_w0_twn01,94593,0x00017181,95215,0x000173EF,622,nearby,attr_w0t0_g0_flg3s_a_002,flag_or_decor_group
42,owner_window,67,Ul'dah,City flag/decor,flag1,time_bg_flag1,wil_w0_twn01,94593,0x00017181,95240,0x00017408,647,other_sgrp,sgrp_w0t0_g0_flg4n_h,scheduler_group
42,owner_window,68,Ul'dah,City flag/decor,flag1,time_bg_flag1,wil_w0_twn01,94593,0x00017181,95261,0x0001741D,668,nearby,w0t0_g0_flg4n_h_001,flag_or_decor_group
42,owner_window,69,Ul'dah,City flag/decor,flag1,time_bg_flag1,wil_w0_twn01,94593,0x00017181,95281,0x00017431,688,nearby,attr_w0t0_g0_flg4n_a_002,flag_or_decor_group
42,owner_window,70,Ul'dah,City flag/decor,flag1,time_bg_flag1,wil_w0_twn01,94593,0x00017181,95306,0x0001744A,713,other_sgrp,sgrp_w0t0_g0_flg5g_h,scheduler_group
42,owner_window,71,Ul'dah,City flag/decor,flag1,time_bg_flag1,wil_w0_twn01,94593,0x00017181,95327,0x0001745F,734,nearby,w0t0_g0_flg5g_h_001,flag_or_decor_group
42,owner_window,72,Ul'dah,City flag/decor,flag1,time_bg_flag1,wil_w0_twn01,94593,0x00017181,95347,0x00017473,754,nearby,attr_w0t0_g0_flg5g_a_002,flag_or_decor_group
43,family_window,1,Ul'dah,City flag/decor,flag2,time_bg_flag2,wil_w0_twn01,95108,0x00017384,94377,0x000170A9,-731,other_sgrp,sgrp_w0t0_f0_dut1_h-1,scheduler_group
43,family_window,2,Ul'dah,City flag/decor,flag2,time_bg_flag2,wil_w0_twn01,95108,0x00017384,94423,0x000170D7,-685,other_isgrp,isgrp_004113,scheduler_group
43,family_window,3,Ul'dah,City flag/decor,flag2,time_bg_flag2,wil_w0_twn01,95108,0x00017384,94436,0x000170E4,-672,other_sgrp,sgrp_bg_t1_coll_a1,scheduler_group
43,family_window,4,Ul'dah,City flag/decor,flag2,time_bg_flag2,wil_w0_twn01,95108,0x00017384,94470,0x00017106,-638,other_isgrp,isgrp_004114,scheduler_group
43,family_window,5,Ul'dah,City flag/decor,flag2,time_bg_flag2,wil_w0_twn01,95108,0x00017384,94483,0x00017113,-625,other_isgrp,isgrp_004115,scheduler_group
43,family_window,6,Ul'dah,City flag/decor,flag2,time_bg_flag2,wil_w0_twn01,95108,0x00017384,94496,0x00017120,-612,other_isgrp,isgrp_004116,scheduler_group
43,family_window,7,Ul'dah,City flag/decor,flag2,time_bg_flag2,wil_w0_twn01,95108,0x00017384,94509,0x0001712D,-599,other_isgrp,isgrp_004117,scheduler_group
43,family_window,8,Ul'dah,City flag/decor,flag2,time_bg_flag2,wil_w0_twn01,95108,0x00017384,94522,0x0001713A,-586,other_isgrp,isgrp_004118,scheduler_group
43,family_window,9,Ul'dah,City flag/decor,flag2,time_bg_flag2,wil_w0_twn01,95108,0x00017384,94535,0x00017147,-573,other_isgrp,isgrp_004120,scheduler_group
43,family_window,10,Ul'dah,City flag/decor,flag2,time_bg_flag2,wil_w0_twn01,95108,0x00017384,94548,0x00017154,-560,other_sgrp,sgrp_bg_t1_door_g0,scheduler_group
43,family_window,11,Ul'dah,City flag/decor,flag2,time_bg_flag2,wil_w0_twn01,95108,0x00017384,94567,0x00017167,-541,other_isgrp,isgrp_004125,scheduler_group
43,family_window,12,Ul'dah,City flag/decor,flag2,time_bg_flag2,wil_w0_twn01,95108,0x00017384,94593,0x00017181,-515,owner_isgrp,isgrp_004126,scheduler_group
43,family_window,13,Ul'dah,City flag/decor,flag2,time_bg_flag2,wil_w0_twn01,95108,0x00017384,94619,0x0001719B,-489,other_sgrp,sgrp_light18,scheduler_group
43,family_window,14,Ul'dah,City flag/decor,flag2,time_bg_flag2,wil_w0_twn01,95108,0x00017384,94646,0x000171B6,-462,other_isgrp,isgrp_004127,scheduler_group
43,family_window,15,Ul'dah,City flag/decor,flag2,time_bg_flag2,wil_w0_twn01,95108,0x00017384,94659,0x000171C3,-449,other_isgrp,isgrp_004129,scheduler_group
43,family_window,16,Ul'dah,City flag/decor,flag2,time_bg_flag2,wil_w0_twn01,95108,0x00017384,94672,0x000171D0,-436,other_sgrp,sgrp_light19,scheduler_group
43,family_window,17,Ul'dah,City flag/decor,flag2,time_bg_flag2,wil_w0_twn01,95108,0x00017384,94699,0x000171EB,-409,other_isgrp,isgrp_004130,scheduler_group
43,family_window,18,Ul'dah,City flag/decor,flag2,time_bg_flag2,wil_w0_twn01,95108,0x00017384,94712,0x000171F8,-396,other_sgrp,sgrp_ent01,scheduler_group
43,family_window,19,Ul'dah,City flag/decor,flag2,time_bg_flag2,wil_w0_twn01,95108,0x00017384,94742,0x00017216,-366,other_sgrp,sgrp_ent02,scheduler_group
43,family_window,20,Ul'dah,City flag/decor,flag2,time_bg_flag2,wil_w0_twn01,95108,0x00017384,94753,0x00017221,-355,other_sgrp,sgrp_ent03,scheduler_group
43,family_window,21,Ul'dah,City flag/decor,flag2,time_bg_flag2,wil_w0_twn01,95108,0x00017384,94783,0x0001723F,-325,other_sgrp,sgrp_ent04,scheduler_group
43,family_window,22,Ul'dah,City flag/decor,flag2,time_bg_flag2,wil_w0_twn01,95108,0x00017384,94813,0x0001725D,-295,other_sgrp,sgrp_ent05,scheduler_group
43,family_window,23,Ul'dah,City flag/decor,flag2,time_bg_flag2,wil_w0_twn01,95108,0x00017384,94843,0x0001727B,-265,other_sgrp,sgrp_0546,scheduler_group
43,family_window,24,Ul'dah,City flag/decor,flag2,time_bg_flag2,wil_w0_twn01,95108,0x00017384,94873,0x00017299,-235,other_sgrp,sgrp_0547,scheduler_group
43,family_window,25,Ul'dah,City flag/decor,flag2,time_bg_flag2,wil_w0_twn01,95108,0x00017384,94903,0x000172B7,-205,other_isgrp,isgrp_004140,scheduler_group
43,family_window,26,Ul'dah,City flag/decor,flag2,time_bg_flag2,wil_w0_twn01,95108,0x00017384,94916,0x000172C4,-192,other_sgrp,sgrp_0548,scheduler_group
43,family_window,27,Ul'dah,City flag/decor,flag2,time_bg_flag2,wil_w0_twn01,95108,0x00017384,94931,0x000172D3,-177,other_sgrp,sgrp_0549,scheduler_group
43,family_window,28,Ul'dah,City flag/decor,flag2,time_bg_flag2,wil_w0_twn01,95108,0x00017384,94946,0x000172E2,-162,other_sgrp,sgrp_0550,scheduler_group
43,family_window,29,Ul'dah,City flag/decor,flag2,time_bg_flag2,wil_w0_twn01,95108,0x00017384,94961,0x000172F1,-147,other_sgrp,sgrp_0551,scheduler_group
43,family_window,30,Ul'dah,City flag/decor,flag2,time_bg_flag2,wil_w0_twn01,95108,0x00017384,94976,0x00017300,-132,other_isgrp,isgrp_004143,scheduler_group
43,family_window,31,Ul'dah,City flag/decor,flag2,time_bg_flag2,wil_w0_twn01,95108,0x00017384,94989,0x0001730D,-119,other_isgrp,isgrp_004145,scheduler_group
43,family_window,32,Ul'dah,City flag/decor,flag2,time_bg_flag2,wil_w0_twn01,95108,0x00017384,95002,0x0001731A,-106,nearby,Bk_isgrp_000678-014,interesting
43,family_window,33,Ul'dah,City flag/decor,flag2,time_bg_flag2,wil_w0_twn01,95108,0x00017384,95022,0x0001732E,-86,nearby,Bk_isgrp_000679-012,interesting
43,family_window,34,Ul'dah,City flag/decor,flag2,time_bg_flag2,wil_w0_twn01,95108,0x00017384,95042,0x00017342,-66,other_sgrp,sgrp_w0t0_g0_flg1t_h,scheduler_group
43,family_window,35,Ul'dah,City flag/decor,flag2,time_bg_flag2,wil_w0_twn01,95108,0x00017384,95063,0x00017357,-45,nearby,w0t0_g0_flg1t_h_001,flag_or_decor_group
43,family_window,36,Ul'dah,City flag/decor,flag2,time_bg_flag2,wil_w0_twn01,95108,0x00017384,95083,0x0001736B,-25,center_neighbor,attr_w0t0_g0_flg1t_a_002,flag_or_decor_group
43,family_window,37,Ul'dah,City flag/decor,flag2,time_bg_flag2,wil_w0_twn01,95108,0x00017384,95108,0x00017384,0,matched_group,sgrp_w0t0_g0_flg2k_h,scheduler_group
43,family_window,38,Ul'dah,City flag/decor,flag2,time_bg_flag2,wil_w0_twn01,95108,0x00017384,95129,0x00017399,21,center_neighbor,w0t0_g0_flg2k_h_001,flag_or_decor_group
43,family_window,39,Ul'dah,City flag/decor,flag2,time_bg_flag2,wil_w0_twn01,95108,0x00017384,95149,0x000173AD,41,nearby,attr_w0t0_g0_flg2k_a_002,flag_or_decor_group
43,family_window,40,Ul'dah,City flag/decor,flag2,time_bg_flag2,wil_w0_twn01,95108,0x00017384,95174,0x000173C6,66,other_sgrp,sgrp_w0t0_g0_flg3s_h,scheduler_group
43,family_window,41,Ul'dah,City flag/decor,flag2,time_bg_flag2,wil_w0_twn01,95108,0x00017384,95195,0x000173DB,87,nearby,w0t0_g0_flg3s_h_001,flag_or_decor_group
43,family_window,42,Ul'dah,City flag/decor,flag2,time_bg_flag2,wil_w0_twn01,95108,0x00017384,95215,0x000173EF,107,nearby,attr_w0t0_g0_flg3s_a_002,flag_or_decor_group
43,family_window,43,Ul'dah,City flag/decor,flag2,time_bg_flag2,wil_w0_twn01,95108,0x00017384,95240,0x00017408,132,other_sgrp,sgrp_w0t0_g0_flg4n_h,scheduler_group
43,family_window,44,Ul'dah,City flag/decor,flag2,time_bg_flag2,wil_w0_twn01,95108,0x00017384,95261,0x0001741D,153,nearby,w0t0_g0_flg4n_h_001,flag_or_decor_group
43,family_window,45,Ul'dah,City flag/decor,flag2,time_bg_flag2,wil_w0_twn01,95108,0x00017384,95281,0x00017431,173,nearby,attr_w0t0_g0_flg4n_a_002,flag_or_decor_group
43,family_window,46,Ul'dah,City flag/decor,flag2,time_bg_flag2,wil_w0_twn01,95108,0x00017384,95306,0x0001744A,198,other_sgrp,sgrp_w0t0_g0_flg5g_h,scheduler_group
43,family_window,47,Ul'dah,City flag/decor,flag2,time_bg_flag2,wil_w0_twn01,95108,0x00017384,95327,0x0001745F,219,nearby,w0t0_g0_flg5g_h_001,flag_or_decor_group
43,family_window,48,Ul'dah,City flag/decor,flag2,time_bg_flag2,wil_w0_twn01,95108,0x00017384,95347,0x00017473,239,nearby,attr_w0t0_g0_flg5g_a_002,flag_or_decor_group
43,family_window,49,Ul'dah,City flag/decor,flag2,time_bg_flag2,wil_w0_twn01,95108,0x00017384,95372,0x0001748C,264,other_sgrp,sgrp_w0t0_g0_flg6s_h_,scheduler_group
43,family_window,50,Ul'dah,City flag/decor,flag2,time_bg_flag2,wil_w0_twn01,95108,0x00017384,95394,0x000174A2,286,nearby,w0t0_g0_flg6s_h_001,flag_or_decor_group
43,family_window,51,Ul'dah,City flag/decor,flag2,time_bg_flag2,wil_w0_twn01,95108,0x00017384,95414,0x000174B6,306,nearby,attr_w0t0_g0_flg6s_a_002,flag_or_decor_group
43,family_window,52,Ul'dah,City flag/decor,flag2,time_bg_flag2,wil_w0_twn01,95108,0x00017384,95439,0x000174CF,331,other_sgrp,sgrp_w0t0_g0_flg6w_h,scheduler_group
43,family_window,53,Ul'dah,City flag/decor,flag2,time_bg_flag2,wil_w0_twn01,95108,0x00017384,95460,0x000174E4,352,nearby,w0t0_g0_flg6w_h_001,flag_or_decor_group
43,family_window,54,Ul'dah,City flag/decor,flag2,time_bg_flag2,wil_w0_twn01,95108,0x00017384,95524,0x00017524,416,other_isgrp,isgrp_004173,scheduler_group
43,family_window,55,Ul'dah,City flag/decor,flag2,time_bg_flag2,wil_w0_twn01,95108,0x00017384,95537,0x00017531,429,nearby,Bk_isgrp_000668-009,interesting
43,family_window,56,Ul'dah,City flag/decor,flag2,time_bg_flag2,wil_w0_twn01,95108,0x00017384,95557,0x00017545,449,other_isgrp,isgrp_004175,scheduler_group
43,family_window,57,Ul'dah,City flag/decor,flag2,time_bg_flag2,wil_w0_twn01,95108,0x00017384,95570,0x00017552,462,other_isgrp,isgrp_004177,scheduler_group
43,family_window,58,Ul'dah,City flag/decor,flag2,time_bg_flag2,wil_w0_twn01,95108,0x00017384,95583,0x0001755F,475,other_isgrp,isgrp_004179,scheduler_group
43,family_window,59,Ul'dah,City flag/decor,flag2,time_bg_flag2,wil_w0_twn01,95108,0x00017384,95596,0x0001756C,488,other_isgrp,isgrp_004180,scheduler_group
43,family_window,60,Ul'dah,City flag/decor,flag2,time_bg_flag2,wil_w0_twn01,95108,0x00017384,95609,0x00017579,501,other_isgrp,isgrp_004181,scheduler_group
43,family_window,61,Ul'dah,City flag/decor,flag2,time_bg_flag2,wil_w0_twn01,95108,0x00017384,95622,0x00017586,514,nearby,Bk_isgrp_000741-009,interesting
43,family_window,62,Ul'dah,City flag/decor,flag2,time_bg_flag2,wil_w0_twn01,95108,0x00017384,95642,0x0001759A,534,other_isgrp,isgrp_004183,scheduler_group
43,family_window,63,Ul'dah,City flag/decor,flag2,time_bg_flag2,wil_w0_twn01,95108,0x00017384,95655,0x000175A7,547,other_isgrp,isgrp_004184,scheduler_group
43,family_window,64,Ul'dah,City flag/decor,flag2,time_bg_flag2,wil_w0_twn01,95108,0x00017384,95668,0x000175B4,560,nearby,Bk_isgrp_000741-010,interesting
43,family_window,65,Ul'dah,City flag/decor,flag2,time_bg_flag2,wil_w0_twn01,95108,0x00017384,95688,0x000175C8,580,other_isgrp,isgrp_004186,scheduler_group
43,family_window,66,Ul'dah,City flag/decor,flag2,time_bg_flag2,wil_w0_twn01,95108,0x00017384,95701,0x000175D5,593,other_isgrp,isgrp_004187,scheduler_group
43,family_window,67,Ul'dah,City flag/decor,flag2,time_bg_flag2,wil_w0_twn01,95108,0x00017384,95714,0x000175E2,606,nearby,Bk_isgrp_000741-011,interesting
43,family_window,68,Ul'dah,City flag/decor,flag2,time_bg_flag2,wil_w0_twn01,95108,0x00017384,95734,0x000175F6,626,other_isgrp,isgrp_004189,scheduler_group
43,family_window,69,Ul'dah,City flag/decor,flag2,time_bg_flag2,wil_w0_twn01,95108,0x00017384,95747,0x00017603,639,other_isgrp,isgrp_004191,scheduler_group
43,family_window,70,Ul'dah,City flag/decor,flag2,time_bg_flag2,wil_w0_twn01,95108,0x00017384,95760,0x00017610,652,other_isgrp,isgrp_004193,scheduler_group
43,family_window,71,Ul'dah,City flag/decor,flag2,time_bg_flag2,wil_w0_twn01,95108,0x00017384,95773,0x0001761D,665,other_isgrp,isgrp_004194,scheduler_group
43,family_window,72,Ul'dah,City flag/decor,flag2,time_bg_flag2,wil_w0_twn01,95108,0x00017384,95786,0x0001762A,678,other_isgrp,isgrp_004196,scheduler_group
43,family_window,73,Ul'dah,City flag/decor,flag2,time_bg_flag2,wil_w0_twn01,95108,0x00017384,95799,0x00017637,691,nearby,Bk_isgrp_000636-013,interesting
43,family_window,74,Ul'dah,City flag/decor,flag2,time_bg_flag2,wil_w0_twn01,95108,0x00017384,95819,0x0001764B,711,other_isgrp,isgrp_004198,scheduler_group
43,family_window,75,Ul'dah,City flag/decor,flag2,time_bg_flag2,wil_w0_twn01,95108,0x00017384,95832,0x00017658,724,nearby,Bk_isgrp_000741-012,interesting
43,family_window,76,Ul'dah,City flag/decor,flag2,time_bg_flag2,wil_w0_twn01,95108,0x00017384,95852,0x0001766C,744,other_isgrp,isgrp_004200,scheduler_group
43,family_window,77,Ul'dah,City flag/decor,flag2,time_bg_flag2,wil_w0_twn01,95108,0x00017384,95865,0x00017679,757,other_isgrp,isgrp_004202,scheduler_group
43,owner_window,1,Ul'dah,City flag/decor,flag2,time_bg_flag2,wil_w0_twn01,94593,0x00017181,93837,0x00016E8D,-756,other_isgrp,isgrp_004047,scheduler_group
43,owner_window,2,Ul'dah,City flag/decor,flag2,time_bg_flag2,wil_w0_twn01,94593,0x00017181,93850,0x00016E9A,-743,other_isgrp,isgrp_004048,scheduler_group
43,owner_window,3,Ul'dah,City flag/decor,flag2,time_bg_flag2,wil_w0_twn01,94593,0x00017181,93876,0x00016EB4,-717,other_isgrp,isgrp_004050,scheduler_group
43,owner_window,4,Ul'dah,City flag/decor,flag2,time_bg_flag2,wil_w0_twn01,94593,0x00017181,93902,0x00016ECE,-691,other_isgrp,isgrp_004055,scheduler_group
43,owner_window,5,Ul'dah,City flag/decor,flag2,time_bg_flag2,wil_w0_twn01,94593,0x00017181,93915,0x00016EDB,-678,other_sgrp,sgrp_bg_t1_door_c1,scheduler_group
43,owner_window,6,Ul'dah,City flag/decor,flag2,time_bg_flag2,wil_w0_twn01,94593,0x00017181,93934,0x00016EEE,-659,other_isgrp,isgrp_004056,scheduler_group
43,owner_window,7,Ul'dah,City flag/decor,flag2,time_bg_flag2,wil_w0_twn01,94593,0x00017181,93947,0x00016EFB,-646,other_isgrp,isgrp_004057,scheduler_group
43,owner_window,8,Ul'dah,City flag/decor,flag2,time_bg_flag2,wil_w0_twn01,94593,0x00017181,93960,0x00016F08,-633,other_isgrp,isgrp_004058,scheduler_group
43,owner_window,9,Ul'dah,City flag/decor,flag2,time_bg_flag2,wil_w0_twn01,94593,0x00017181,93973,0x00016F15,-620,other_isgrp,isgrp_004059,scheduler_group
43,owner_window,10,Ul'dah,City flag/decor,flag2,time_bg_flag2,wil_w0_twn01,94593,0x00017181,93986,0x00016F22,-607,nearby,Bk_isgrp_000775-014,interesting
43,owner_window,11,Ul'dah,City flag/decor,flag2,time_bg_flag2,wil_w0_twn01,94593,0x00017181,94006,0x00016F36,-587,nearby,Bk_isgrp_000775-015,interesting
43,owner_window,12,Ul'dah,City flag/decor,flag2,time_bg_flag2,wil_w0_twn01,94593,0x00017181,94026,0x00016F4A,-567,nearby,Bk_isgrp_000775-016,interesting
43,owner_window,13,Ul'dah,City flag/decor,flag2,time_bg_flag2,wil_w0_twn01,94593,0x00017181,94046,0x00016F5E,-547,nearby,Bk_isgrp_000775-017,interesting
43,owner_window,14,Ul'dah,City flag/decor,flag2,time_bg_flag2,wil_w0_twn01,94593,0x00017181,94066,0x00016F72,-527,other_isgrp,isgrp_004060,scheduler_group
43,owner_window,15,Ul'dah,City flag/decor,flag2,time_bg_flag2,wil_w0_twn01,94593,0x00017181,94079,0x00016F7F,-514,other_isgrp,isgrp_004065,scheduler_group
43,owner_window,16,Ul'dah,City flag/decor,flag2,time_bg_flag2,wil_w0_twn01,94593,0x00017181,94092,0x00016F8C,-501,other_isgrp,isgrp_004068,scheduler_group
43,owner_window,17,Ul'dah,City flag/decor,flag2,time_bg_flag2,wil_w0_twn01,94593,0x00017181,94105,0x00016F99,-488,other_isgrp,isgrp_004068/grp_main/grp_lght/_lght,scheduler_group
43,owner_window,18,Ul'dah,City flag/decor,flag2,time_bg_flag2,wil_w0_twn01,94593,0x00017181,94142,0x00016FBE,-451,other_isgrp,isgrp_004069,scheduler_group
43,owner_window,19,Ul'dah,City flag/decor,flag2,time_bg_flag2,wil_w0_twn01,94593,0x00017181,94155,0x00016FCB,-438,other_isgrp,isgrp_004069/grp_main/grp_lght/_lght,scheduler_group
43,owner_window,20,Ul'dah,City flag/decor,flag2,time_bg_flag2,wil_w0_twn01,94593,0x00017181,94192,0x00016FF0,-401,other_sgrp,sgrp_bg_t1_elev_a2,scheduler_group
43,owner_window,21,Ul'dah,City flag/decor,flag2,time_bg_flag2,wil_w0_twn01,94593,0x00017181,94211,0x00017003,-382,other_isgrp,isgrp_004070,scheduler_group
43,owner_window,22,Ul'dah,City flag/decor,flag2,time_bg_flag2,wil_w0_twn01,94593,0x00017181,94224,0x00017010,-369,other_isgrp,isgrp_004070/grp_main/grp_lght/_lght,scheduler_group
43,owner_window,23,Ul'dah,City flag/decor,flag2,time_bg_flag2,wil_w0_twn01,94593,0x00017181,94281,0x00017049,-312,other_sgrp,sgrp_w0t0_f0_shp1a_h-1,scheduler_group
43,owner_window,24,Ul'dah,City flag/decor,flag2,time_bg_flag2,wil_w0_twn01,94593,0x00017181,94329,0x00017079,-264,other_sgrp,sgrp_w0t0_f0_shp1b_h-1,scheduler_group
43,owner_window,25,Ul'dah,City flag/decor,flag2,time_bg_flag2,wil_w0_twn01,94593,0x00017181,94377,0x000170A9,-216,other_sgrp,sgrp_w0t0_f0_dut1_h-1,scheduler_group
43,owner_window,26,Ul'dah,City flag/decor,flag2,time_bg_flag2,wil_w0_twn01,94593,0x00017181,94423,0x000170D7,-170,other_isgrp,isgrp_004113,scheduler_group
43,owner_window,27,Ul'dah,City flag/decor,flag2,time_bg_flag2,wil_w0_twn01,94593,0x00017181,94436,0x000170E4,-157,other_sgrp,sgrp_bg_t1_coll_a1,scheduler_group
43,owner_window,28,Ul'dah,City flag/decor,flag2,time_bg_flag2,wil_w0_twn01,94593,0x00017181,94470,0x00017106,-123,other_isgrp,isgrp_004114,scheduler_group
43,owner_window,29,Ul'dah,City flag/decor,flag2,time_bg_flag2,wil_w0_twn01,94593,0x00017181,94483,0x00017113,-110,other_isgrp,isgrp_004115,scheduler_group
43,owner_window,30,Ul'dah,City flag/decor,flag2,time_bg_flag2,wil_w0_twn01,94593,0x00017181,94496,0x00017120,-97,other_isgrp,isgrp_004116,scheduler_group
43,owner_window,31,Ul'dah,City flag/decor,flag2,time_bg_flag2,wil_w0_twn01,94593,0x00017181,94509,0x0001712D,-84,other_isgrp,isgrp_004117,scheduler_group
43,owner_window,32,Ul'dah,City flag/decor,flag2,time_bg_flag2,wil_w0_twn01,94593,0x00017181,94522,0x0001713A,-71,other_isgrp,isgrp_004118,scheduler_group
43,owner_window,33,Ul'dah,City flag/decor,flag2,time_bg_flag2,wil_w0_twn01,94593,0x00017181,94535,0x00017147,-58,other_isgrp,isgrp_004120,scheduler_group
43,owner_window,34,Ul'dah,City flag/decor,flag2,time_bg_flag2,wil_w0_twn01,94593,0x00017181,94548,0x00017154,-45,other_sgrp,sgrp_bg_t1_door_g0,scheduler_group
43,owner_window,35,Ul'dah,City flag/decor,flag2,time_bg_flag2,wil_w0_twn01,94593,0x00017181,94567,0x00017167,-26,other_isgrp,isgrp_004125,scheduler_group
43,owner_window,36,Ul'dah,City flag/decor,flag2,time_bg_flag2,wil_w0_twn01,94593,0x00017181,94593,0x00017181,0,owner_isgrp,isgrp_004126,scheduler_group
43,owner_window,37,Ul'dah,City flag/decor,flag2,time_bg_flag2,wil_w0_twn01,94593,0x00017181,94619,0x0001719B,26,other_sgrp,sgrp_light18,scheduler_group
43,owner_window,38,Ul'dah,City flag/decor,flag2,time_bg_flag2,wil_w0_twn01,94593,0x00017181,94646,0x000171B6,53,other_isgrp,isgrp_004127,scheduler_group
43,owner_window,39,Ul'dah,City flag/decor,flag2,time_bg_flag2,wil_w0_twn01,94593,0x00017181,94659,0x000171C3,66,other_isgrp,isgrp_004129,scheduler_group
43,owner_window,40,Ul'dah,City flag/decor,flag2,time_bg_flag2,wil_w0_twn01,94593,0x00017181,94672,0x000171D0,79,other_sgrp,sgrp_light19,scheduler_group
43,owner_window,41,Ul'dah,City flag/decor,flag2,time_bg_flag2,wil_w0_twn01,94593,0x00017181,94699,0x000171EB,106,other_isgrp,isgrp_004130,scheduler_group
43,owner_window,42,Ul'dah,City flag/decor,flag2,time_bg_flag2,wil_w0_twn01,94593,0x00017181,94712,0x000171F8,119,other_sgrp,sgrp_ent01,scheduler_group
43,owner_window,43,Ul'dah,City flag/decor,flag2,time_bg_flag2,wil_w0_twn01,94593,0x00017181,94742,0x00017216,149,other_sgrp,sgrp_ent02,scheduler_group
43,owner_window,44,Ul'dah,City flag/decor,flag2,time_bg_flag2,wil_w0_twn01,94593,0x00017181,94753,0x00017221,160,other_sgrp,sgrp_ent03,scheduler_group
43,owner_window,45,Ul'dah,City flag/decor,flag2,time_bg_flag2,wil_w0_twn01,94593,0x00017181,94783,0x0001723F,190,other_sgrp,sgrp_ent04,scheduler_group
43,owner_window,46,Ul'dah,City flag/decor,flag2,time_bg_flag2,wil_w0_twn01,94593,0x00017181,94813,0x0001725D,220,other_sgrp,sgrp_ent05,scheduler_group
43,owner_window,47,Ul'dah,City flag/decor,flag2,time_bg_flag2,wil_w0_twn01,94593,0x00017181,94843,0x0001727B,250,other_sgrp,sgrp_0546,scheduler_group
43,owner_window,48,Ul'dah,City flag/decor,flag2,time_bg_flag2,wil_w0_twn01,94593,0x00017181,94873,0x00017299,280,other_sgrp,sgrp_0547,scheduler_group
43,owner_window,49,Ul'dah,City flag/decor,flag2,time_bg_flag2,wil_w0_twn01,94593,0x00017181,94903,0x000172B7,310,other_isgrp,isgrp_004140,scheduler_group
43,owner_window,50,Ul'dah,City flag/decor,flag2,time_bg_flag2,wil_w0_twn01,94593,0x00017181,94916,0x000172C4,323,other_sgrp,sgrp_0548,scheduler_group
43,owner_window,51,Ul'dah,City flag/decor,flag2,time_bg_flag2,wil_w0_twn01,94593,0x00017181,94931,0x000172D3,338,other_sgrp,sgrp_0549,scheduler_group
43,owner_window,52,Ul'dah,City flag/decor,flag2,time_bg_flag2,wil_w0_twn01,94593,0x00017181,94946,0x000172E2,353,other_sgrp,sgrp_0550,scheduler_group
43,owner_window,53,Ul'dah,City flag/decor,flag2,time_bg_flag2,wil_w0_twn01,94593,0x00017181,94961,0x000172F1,368,other_sgrp,sgrp_0551,scheduler_group
43,owner_window,54,Ul'dah,City flag/decor,flag2,time_bg_flag2,wil_w0_twn01,94593,0x00017181,94976,0x00017300,383,other_isgrp,isgrp_004143,scheduler_group
43,owner_window,55,Ul'dah,City flag/decor,flag2,time_bg_flag2,wil_w0_twn01,94593,0x00017181,94989,0x0001730D,396,other_isgrp,isgrp_004145,scheduler_group
43,owner_window,56,Ul'dah,City flag/decor,flag2,time_bg_flag2,wil_w0_twn01,94593,0x00017181,95002,0x0001731A,409,nearby,Bk_isgrp_000678-014,interesting
43,owner_window,57,Ul'dah,City flag/decor,flag2,time_bg_flag2,wil_w0_twn01,94593,0x00017181,95022,0x0001732E,429,nearby,Bk_isgrp_000679-012,interesting
43,owner_window,58,Ul'dah,City flag/decor,flag2,time_bg_flag2,wil_w0_twn01,94593,0x00017181,95042,0x00017342,449,other_sgrp,sgrp_w0t0_g0_flg1t_h,scheduler_group
43,owner_window,59,Ul'dah,City flag/decor,flag2,time_bg_flag2,wil_w0_twn01,94593,0x00017181,95063,0x00017357,470,nearby,w0t0_g0_flg1t_h_001,flag_or_decor_group
43,owner_window,60,Ul'dah,City flag/decor,flag2,time_bg_flag2,wil_w0_twn01,94593,0x00017181,95083,0x0001736B,490,nearby,attr_w0t0_g0_flg1t_a_002,flag_or_decor_group
43,owner_window,61,Ul'dah,City flag/decor,flag2,time_bg_flag2,wil_w0_twn01,94593,0x00017181,95108,0x00017384,515,matched_group,sgrp_w0t0_g0_flg2k_h,scheduler_group
43,owner_window,62,Ul'dah,City flag/decor,flag2,time_bg_flag2,wil_w0_twn01,94593,0x00017181,95129,0x00017399,536,nearby,w0t0_g0_flg2k_h_001,flag_or_decor_group
43,owner_window,63,Ul'dah,City flag/decor,flag2,time_bg_flag2,wil_w0_twn01,94593,0x00017181,95149,0x000173AD,556,nearby,attr_w0t0_g0_flg2k_a_002,flag_or_decor_group
43,owner_window,64,Ul'dah,City flag/decor,flag2,time_bg_flag2,wil_w0_twn01,94593,0x00017181,95174,0x000173C6,581,other_sgrp,sgrp_w0t0_g0_flg3s_h,scheduler_group
43,owner_window,65,Ul'dah,City flag/decor,flag2,time_bg_flag2,wil_w0_twn01,94593,0x00017181,95195,0x000173DB,602,nearby,w0t0_g0_flg3s_h_001,flag_or_decor_group
43,owner_window,66,Ul'dah,City flag/decor,flag2,time_bg_flag2,wil_w0_twn01,94593,0x00017181,95215,0x000173EF,622,nearby,attr_w0t0_g0_flg3s_a_002,flag_or_decor_group
43,owner_window,67,Ul'dah,City flag/decor,flag2,time_bg_flag2,wil_w0_twn01,94593,0x00017181,95240,0x00017408,647,other_sgrp,sgrp_w0t0_g0_flg4n_h,scheduler_group
43,owner_window,68,Ul'dah,City flag/decor,flag2,time_bg_flag2,wil_w0_twn01,94593,0x00017181,95261,0x0001741D,668,nearby,w0t0_g0_flg4n_h_001,flag_or_decor_group
43,owner_window,69,Ul'dah,City flag/decor,flag2,time_bg_flag2,wil_w0_twn01,94593,0x00017181,95281,0x00017431,688,nearby,attr_w0t0_g0_flg4n_a_002,flag_or_decor_group
43,owner_window,70,Ul'dah,City flag/decor,flag2,time_bg_flag2,wil_w0_twn01,94593,0x00017181,95306,0x0001744A,713,other_sgrp,sgrp_w0t0_g0_flg5g_h,scheduler_group
43,owner_window,71,Ul'dah,City flag/decor,flag2,time_bg_flag2,wil_w0_twn01,94593,0x00017181,95327,0x0001745F,734,nearby,w0t0_g0_flg5g_h_001,flag_or_decor_group
43,owner_window,72,Ul'dah,City flag/decor,flag2,time_bg_flag2,wil_w0_twn01,94593,0x00017181,95347,0x00017473,754,nearby,attr_w0t0_g0_flg5g_a_002,flag_or_decor_group
